4,1598295741851569000,1598295741851535600,-0.00330022,0.00184326,0.99999291,-0.77356780,-0.05853946,-0.99828368,0.00164691,1.57719815,0.99827969,-0.05853362,0.00340244,-1.03860891
4,1598295741861347200,1598295741861279900,-0.00298378,0.00135426,0.99999470,-0.77360225,-0.05859638,-0.99828106,0.00117711,1.57746398,0.99827737,-0.05859255,0.00305799,-1.03695273
4,1598295741870314300,1598295741870224100,-0.00307953,0.00139068,0.99999434,-0.77411830,-0.05866470,-0.99827701,0.00120764,1.57752156,0.99827307,-0.05866065,0.00315580,-1.03530335
4,1598295741879401300,1598295741879340300,-0.00280356,0.00195276,0.99999422,-0.77428305,-0.05858646,-0.99828070,0.00178516,1.57758379,0.99827850,-0.05858112,0.00291315,-1.03354478
4,1598295741888251900,1598295741888193400,-0.00313631,0.00166255,0.99999374,-0.77447987,-0.05857592,-0.99828184,0.00147600,1.57777691,0.99827814,-0.05857093,0.00322828,-1.03213286
4,1598295741897330200,1598295741897281900,-0.00292164,0.00201560,0.99999380,-0.77463722,-0.05868711,-0.99827468,0.00184067,1.57785678,0.99827218,-0.05868137,0.00303486,-1.03061807
4,1598295741906181800,1598295741906121000,-0.00261021,0.00164193,0.99999529,-0.77495939,-0.05856768,-0.99828231,0.00148625,1.57775426,0.99828005,-0.05856353,0.00270185,-1.02876449
4,1598295741915259600,1598295741915215400,-0.00260282,0.00203357,0.99999464,-0.77530038,-0.05857884,-0.99828100,0.00187762,1.57779860,0.99827945,-0.05857364,0.00271744,-1.02689147
4,1598295741924195000,1598295741924176100,-0.00283873,0.00156067,0.99999487,-0.77557790,-0.05855376,-0.99828327,0.00139178,1.57801640,0.99828029,-0.05854950,0.00292519,-1.02537394
4,1598295741933392700,1598295741933316800,-0.00258359,0.00211664,0.99999440,-0.77589262,-0.05863166,-0.99827772,0.00196152,1.57802761,0.99827647,-0.05862627,0.00270325,-1.02371848
4,1598295741942062100,1598295741942015400,-0.00224170,0.00232726,0.99999487,-0.77526194,-0.05856554,-0.99828112,0.00219198,1.57813787,0.99828112,-0.05856033,0.00237414,-1.02188182
4,1598295741951195300,1598295741951129200,-0.00223377,0.00204196,0.99999553,-0.77543843,-0.05852992,-0.99828380,0.00190772,1.57838643,0.99828321,-0.05852540,0.00234944,-1.02036703
4,1598295741959919300,1598295741959877100,-0.00264436,0.00231771,0.99999386,-0.77555263,-0.05857763,-0.99828047,0.00215884,1.57853580,0.99827939,-0.05857157,0.00277552,-1.01894701
4,1598295741969180500,1598295741969109900,-0.00165206,0.00204445,0.99999660,-0.77556515,-0.05847938,-0.99828672,0.00194434,1.57842684,0.99828732,-0.05847597,0.00176877,-1.01710558
4,1598295741977924900,1598295741977889200,-0.00163683,0.00244714,0.99999571,-0.77549630,-0.05837309,-0.99829203,0.00234742,1.57825541,0.99829352,-0.05836900,0.00177687,-1.01523077
4,1598295741987124300,1598295741987049200,-0.00175381,0.00240227,0.99999565,-0.77563012,-0.05837985,-0.99829179,0.00229579,1.57843351,0.99829298,-0.05837557,0.00189105,-1.01376784
4,1598295741995948100,1598295741995909800,-0.00163478,0.00207981,0.99999660,-0.77573133,-0.05838405,-0.99829221,0.00198082,1.57861280,0.99829292,-0.05838061,0.00175339,-1.01230419
4,1598295742005048500,1598295742004946900,-0.00127372,0.00279301,0.99999535,-0.77596802,-0.05828555,-0.99829626,0.00271402,1.57847822,0.99829918,-0.05828182,0.00143430,-1.01059687
4,1598295742013803200,1598295742013770400,-0.00113943,0.00302291,0.99999481,-0.77615035,-0.05832441,-0.99829328,0.00295131,1.57843852,0.99829710,-0.05832075,0.00131378,-1.00871575
4,1598295742023263200,1598295742023164900,-0.00147110,0.00262797,0.99999553,-0.77637315,-0.05832035,-0.99829465,0.00253770,1.57863915,0.99829692,-0.05831635,0.00162184,-1.00725365
4,1598295742031813200,1598295742031793400,-0.00124264,0.00315678,0.99999428,-0.77661401,-0.05839209,-0.99828893,0.00307884,1.57864881,0.99829304,-0.05838793,0.00142482,-1.00576353
4,1598295742041023800,1598295742040996100,-0.00074375,0.00302209,0.99999523,-0.77675140,-0.05818382,-0.99830145,0.00297370,1.57870126,0.99830568,-0.05818134,0.00091830,-1.00392592
4,1598295742049863200,1598295742049658700,-0.00069508,0.00300877,0.99999535,-0.77673495,-0.05818880,-0.99830115,0.00296323,1.57866144,0.99830544,-0.05818647,0.00086898,-1.00181651
4,1598295742059078300,1598295742058885300,-0.00112024,0.00299593,0.99999493,-0.77701157,-0.05815102,-0.99830347,0.00292571,1.57881618,0.99830723,-0.05814745,0.00129253,-1.00034344
4,1598295742067685800,1598295742067625200,-0.00084552,0.00327559,0.99999440,-0.77735507,-0.05820238,-0.99829960,0.00322083,1.57891178,0.99830449,-0.05819933,0.00103471,-0.99878407
4,1598295742076946300,1598295742076885300,-0.00020328,0.00279698,0.99999613,-0.77691138,-0.05801982,-0.99831152,0.00278048,1.57898891,0.99831545,-0.05801903,0.00036517,-0.99719071
4,1598295742085721900,1598295742085669900,-0.00048101,0.00321183,0.99999481,-0.77679133,-0.05800847,-0.99831098,0.00317852,1.57892704,0.99831605,-0.05800664,0.00066647,-0.99534380
4,1598295742094944600,1598295742094916300,-0.00035045,0.00328250,0.99999464,-0.77701044,-0.05812090,-0.99830419,0.00325658,1.57912064,0.99830955,-0.05811945,0.00054058,-0.99384105
4,1598295742103568700,1598295742103500400,0.00015780,0.00288967,0.99999589,-0.77668858,-0.05793836,-0.99831593,0.00289396,1.57908535,0.99832022,-0.05793858,0.00000983,-0.99212611
4,1598295742112835800,1598295742112760200,0.00012600,0.00379071,0.99999285,-0.77678776,-0.05789815,-0.99831527,0.00379165,1.57890153,0.99832261,-0.05789821,0.00009367,-0.99025106
4,1598295742121591300,1598295742121525500,-0.00015113,0.00339312,0.99999428,-0.77692735,-0.05793616,-0.99831456,0.00337867,1.57913649,0.99832034,-0.05793532,0.00034741,-0.98895311
4,1598295742130639200,1598295742130609000,-0.00000960,0.00317910,0.99999499,-0.77707767,-0.05786844,-0.99831915,0.00317322,1.57933831,0.99832433,-0.05786812,0.00019354,-0.98747981
4,1598295742139538500,1598295742139475900,0.00063422,0.00346662,0.99999386,-0.77720153,-0.05786941,-0.99831802,0.00349751,1.57931209,0.99832404,-0.05787127,-0.00043258,-0.98531008
4,1598295742149045400,1598295742148997800,0.00103205,0.00393968,0.99999177,-0.77708572,-0.05792617,-0.99831283,0.00399285,1.57911706,0.99832046,-0.05792981,-0.00080213,-0.98327541
4,1598295742157535100,1598295742157376100,0.00030833,0.00369538,0.99999321,-0.77720279,-0.05781699,-0.99832028,0.00370703,1.57931197,0.99832720,-0.05781774,-0.00009418,-0.98202121
4,1598295742166674700,1598295742166623300,0.00100639,0.00398770,0.99999160,-0.77733928,-0.05792740,-0.99831259,0.00403930,1.57947016,0.99832034,-0.05793098,-0.00077370,-0.98045969
4,1598295742175334000,1598295742175306000,0.00101840,0.00386520,0.99999207,-0.77731514,-0.05767266,-0.99832785,0.00391750,1.57898438,0.99833512,-0.05767619,-0.00079381,-0.97807074
4,1598295742184530900,1598295742184448300,0.00164923,0.00440779,0.99998897,-0.77746511,-0.05784573,-0.99831539,0.00449581,1.57907808,0.99832428,-0.05785251,-0.00139150,-0.97645843
4,1598295742193303000,1598295742193234300,0.00088552,0.00371352,0.99999273,-0.77770686,-0.05766459,-0.99832892,0.00375841,1.57927811,0.99833566,-0.05766750,-0.00066993,-0.97508204
4,1598295742202477100,1598295742202437900,0.00174180,0.00440993,0.99998885,-0.77780962,-0.05779427,-0.99831831,0.00450323,1.57935512,0.99832702,-0.05780147,-0.00148404,-0.97345710
4,1598295742211256900,1598295742211183500,0.00090212,0.00427683,0.99999052,-0.77804852,-0.05755811,-0.99833280,0.00432167,1.57904959,0.99834180,-0.05756146,-0.00065452,-0.97127974
4,1598295742220318700,1598295742220262400,0.00144616,0.00412952,0.99999046,-0.77815735,-0.05747975,-0.99833781,0.00420582,1.57921302,0.99834567,-0.05748529,-0.00120640,-0.96974123
4,1598295742229222100,1598295742229138500,0.00088310,0.00466139,0.99998879,-0.77851498,-0.05757972,-0.99832982,0.00470451,1.57927275,0.99834061,-0.05758324,-0.00061324,-0.96836507
4,1598295742238383300,1598295742238306400,0.00149384,0.00410250,0.99999058,-0.77852988,-0.05743921,-0.99834025,0.00418154,1.57895458,0.99834794,-0.05744492,-0.00125578,-0.96601915
4,1598295742247139400,1598295742247116500,0.00053188,0.00431664,0.99999058,-0.77833176,-0.05734308,-0.99834508,0.00434004,1.57885504,0.99835443,-0.05734485,-0.00028348,-0.96416199
4,1598295742256645700,1598295742256538100,0.00169951,0.00455498,0.99998826,-0.77845997,-0.05742072,-0.99833924,0.00464505,1.57890391,0.99834871,-0.05742794,-0.00143519,-0.96240878
4,1598295742265339800,1598295742265124600,0.00090379,0.00454771,0.99998933,-0.77864683,-0.05743703,-0.99833852,0.00459211,1.57902169,0.99834883,-0.05744057,-0.00064111,-0.96109772
4,1598295742274308200,1598295742274267100,0.00088897,0.00425559,0.99999058,-0.77835339,-0.05736457,-0.99834400,0.00429958,1.57884336,0.99835294,-0.05736786,-0.00064340,-0.95915329
4,1598295742283050500,1598295742283003000,0.00137678,0.00463672,0.99998838,-0.77814656,-0.05738900,-0.99834079,0.00470810,1.57863843,0.99835098,-0.05739481,-0.00110841,-0.95680225
4,1598295742292174700,1598295742292140900,-0.00022790,0.00440152,0.99999034,-0.77823281,-0.05719236,-0.99835354,0.00438128,1.57871354,0.99836326,-0.05719081,0.00047925,-0.95536327
4,1598295742301087300,1598295742301044400,0.00092709,0.00473559,0.99998844,-0.77830458,-0.05723864,-0.99834907,0.00478090,1.57878792,0.99836016,-0.05724240,-0.00065452,-0.95371938
4,1598295742310109700,1598295742310061800,-0.00009409,0.00445456,0.99999011,-0.77803087,-0.05707471,-0.99835998,0.00444193,1.57836366,0.99836999,-0.05707373,0.00034812,-0.95142126
4,1598295742319065300,1598295742318974200,0.00091904,0.00499327,0.99998713,-0.77811331,-0.05715425,-0.99835265,0.00503764,1.57837081,0.99836498,-0.05715815,-0.00063214,-0.94969201
4,1598295742328157400,1598295742328100500,-0.00002375,0.00456624,0.99998963,-0.77823246,-0.05693867,-0.99836725,0.00455748,1.57850814,0.99837774,-0.05693798,0.00028369,-0.94822073
4,1598295742336986800,1598295742336905900,0.00083074,0.00503462,0.99998701,-0.77840173,-0.05706644,-0.99835747,0.00507383,1.57826757,0.99837011,-0.05706992,-0.00054207,-0.94590926
4,1598295742346337500,1598295742346277700,0.00015131,0.00530462,0.99998599,-0.77828079,-0.05701894,-0.99835896,0.00530462,1.57821989,0.99837315,-0.05701895,0.00015137,-0.94382715
4,1598295742354973900,1598295742354928700,0.00074965,0.00497873,0.99998736,-0.77842247,-0.05698881,-0.99836218,0.00501336,1.57829475,0.99837458,-0.05699185,-0.00046474,-0.94211948
4,1598295742364005000,1598295742363955100,0.00021499,0.00539108,0.99998558,-0.77850640,-0.05705414,-0.99835646,0.00539456,1.57833958,0.99837118,-0.05705447,0.00009292,-0.94059455
4,1598295742372814200,1598295742372775100,0.00044808,0.00488713,0.99998802,-0.77848357,-0.05685952,-0.99837011,0.00490470,1.57813025,0.99838221,-0.05686104,-0.00016949,-0.93854892
4,1598295742382011300,1598295742381967800,0.00066313,0.00528499,0.99998587,-0.77812159,-0.05682902,-0.99836975,0.00531413,1.57792377,0.99838376,-0.05683175,-0.00036177,-0.93641710
4,1598295742390898800,1598295742390868200,-0.00013450,0.00557842,0.99998450,-0.77806813,-0.05689948,-0.99836439,0.00556173,1.57797885,0.99838001,-0.05689785,0.00045168,-0.93491614
4,1598295742399946600,1598295742399848000,0.00062874,0.00496164,0.99998760,-0.77804238,-0.05684274,-0.99837065,0.00498936,1.57812929,0.99838305,-0.05684517,-0.00034568,-0.93318415
4,1598295742408826600,1598295742408725000,0.00015450,0.00518058,0.99998659,-0.77851593,-0.05681970,-0.99837101,0.00518099,1.57787061,0.99838448,-0.05681973,0.00014010,-0.93122816
4,1598295742417908200,1598295742417854200,0.00048590,0.00530707,0.99998581,-0.77832389,-0.05659232,-0.99838316,0.00532606,1.57783687,0.99839735,-0.05659411,-0.00018477,-0.92901623
4,1598295742426715300,1598295742426670000,0.00010204,0.00534155,0.99998581,-0.77839983,-0.05655452,-0.99838519,0.00533877,1.57795238,0.99839956,-0.05655426,0.00020018,-0.92751777
4,1598295742435979300,1598295742435945100,0.00023794,0.00508506,0.99998713,-0.77856863,-0.05656971,-0.99838567,0.00509038,1.57781959,0.99839866,-0.05657019,0.00005004,-0.92551064
4,1598295742444732000,1598295742444674500,0.00027269,0.00547916,0.99998498,-0.77846622,-0.05645062,-0.99839032,0.00548581,1.57758236,0.99840546,-0.05645127,0.00003704,-0.92353082
4,1598295742453808100,1598295742453754600,-0.00031409,0.00543138,0.99998528,-0.77856928,-0.05642905,-0.99839193,0.00540501,1.57762218,0.99840659,-0.05642652,0.00062001,-0.92187631
4,1598295742462657400,1598295742462576300,0.00070283,0.00503294,0.99998719,-0.77864611,-0.05630009,-0.99840105,0.00506452,1.57765186,0.99841368,-0.05630292,-0.00041839,-0.92008495
4,1598295742471809700,1598295742471660800,-0.00038278,0.00546175,0.99998504,-0.77900183,-0.05638618,-0.99839425,0.00543148,1.57750678,0.99840903,-0.05638326,0.00069013,-0.91826701
4,1598295742480592000,1598295742480492600,0.00030231,0.00511910,0.99998689,-0.77894038,-0.05627345,-0.99840218,0.00512801,1.57753873,0.99841541,-0.05627426,-0.00001380,-0.91598046
4,1598295742489675800,1598295742489634800,-0.00023055,0.00552786,0.99998474,-0.77909374,-0.05636146,-0.99839520,0.00550608,1.57754302,0.99841046,-0.05635934,0.00054172,-0.91435826
4,1598295742498498500,1598295742498440600,-0.00044844,0.00566890,0.99998391,-0.77918684,-0.05632681,-0.99839646,0.00563465,1.57755828,0.99841237,-0.05632337,0.00076699,-0.91266811
4,1598295742507566000,1598295742507498500,0.00003943,0.00502794,0.99998742,-0.77913392,-0.05616534,-0.99840879,0.00502222,1.57742178,0.99842149,-0.05616483,0.00024298,-0.91062748
4,1598295742516460600,1598295742516436700,-0.00036505,0.00573515,0.99998349,-0.77919227,-0.05616046,-0.99840540,0.00570560,1.57716262,0.99842179,-0.05615745,0.00068653,-0.90866315
4,1598295742525786800,1598295742525694000,0.00047895,0.00476285,0.99998856,-0.77930987,-0.05598487,-0.99842012,0.00478220,1.57732487,0.99843156,-0.05598652,-0.00021157,-0.90682912
4,1598295742534453800,1598295742534369900,-0.00030607,0.00519368,0.99998653,-0.77913141,-0.05602497,-0.99841595,0.00516837,1.57722068,0.99842942,-0.05602263,0.00059655,-0.90513635
4,1598295742543445000,1598295742543407900,-0.00055963,0.00563474,0.99998403,-0.77906173,-0.05605775,-0.99841183,0.00559451,1.57705545,0.99842739,-0.05605372,0.00087458,-0.90299892
4,1598295742552433500,1598295742552358800,-0.00006351,0.00520597,0.99998653,-0.77902281,-0.05586830,-0.99842459,0.00519429,1.57709813,0.99843824,-0.05586722,0.00035423,-0.90130198
4,1598295742561461000,1598295742561430100,-0.00082421,0.00609800,0.99998111,-0.77903557,-0.05608607,-0.99840760,0.00604218,1.57704937,0.99842572,-0.05608004,0.00116488,-0.89972198
4,1598295742570438200,1598295742570318500,0.00003603,0.00467423,0.99998915,-0.77929497,-0.05577014,-0.99843270,0.00466897,1.57701731,0.99844372,-0.05576970,0.00022468,-0.89770806
4,1598295742579402000,1598295742579383800,-0.00057191,0.00538518,0.99998540,-0.77915144,-0.05574770,-0.99843055,0.00534492,1.57671309,0.99844480,-0.05574383,0.00087118,-0.89562857
4,1598295742588330700,1598295742588243300,-0.00022772,0.00486712,0.99998814,-0.77934730,-0.05576468,-0.99843216,0.00484684,1.57671213,0.99844396,-0.05576291,0.00049874,-0.89377940
4,1598295742597124100,1598295742597094300,0.00002232,0.00467663,0.99998915,-0.77947044,-0.05558039,-0.99844325,0.00467064,1.57666409,0.99845433,-0.05557989,0.00023761,-0.89206624
4,1598295742605969300,1598295742605882900,-0.00099340,0.00638530,0.99997920,-0.77964562,-0.05593543,-0.99841434,0.00631974,1.57639408,0.99843395,-0.05592799,0.00134894,-0.89029098
4,1598295742615122100,1598295742615055100,-0.00028491,0.00471688,0.99998885,-0.77935463,-0.05579834,-0.99843103,0.00469363,1.57667863,0.99844217,-0.05579638,0.00054762,-0.88800550
4,1598295742623876500,1598295742623831000,-0.00119898,0.00629591,0.99997950,-0.77937889,-0.05606808,-0.99840754,0.00621879,1.57649541,0.99842632,-0.05605948,0.00155005,-0.88644636
4,1598295742633052100,1598295742632978000,-0.00069746,0.00564928,0.99998385,-0.77948761,-0.05604358,-0.99841261,0.00560131,1.57658744,0.99842817,-0.05603877,0.00101292,-0.88454449
4,1598295742641874400,1598295742641791000,-0.00013614,0.00422736,0.99999106,-0.77967179,-0.05561533,-0.99844337,0.00421325,1.57655203,0.99845231,-0.05561426,0.00037101,-0.88265300
4,1598295742650874100,1598295742650822100,-0.00113705,0.00648448,0.99997842,-0.77950603,-0.05599499,-0.99841046,0.00641064,1.57595444,0.99843043,-0.05598649,0.00149828,-0.88069415
4,1598295742659762500,1598295742659739400,-0.00038123,0.00483633,0.99998832,-0.77964807,-0.05588562,-0.99842560,0.00480747,1.57617927,0.99843717,-0.05588313,0.00065091,-0.87886131
4,1598295742668880300,1598295742668764000,-0.00010613,0.00395924,0.99999225,-0.77957398,-0.05566369,-0.99844176,0.00394720,1.57620072,0.99844956,-0.05566284,0.00032634,-0.87707591
4,1598295742677899500,1598295742677703300,-0.00133035,0.00639750,0.99997872,-0.77943659,-0.05623624,-0.99839753,0.00631257,1.57608914,0.99841672,-0.05622665,0.00168791,-0.87514222
4,1598295742686958400,1598295742686876300,-0.00026143,0.00410728,0.99999160,-0.77950716,-0.05580272,-0.99843341,0.00408629,1.57636082,0.99844182,-0.05580118,0.00049019,-0.87323773
4,1598295742695665800,1598295742695646400,-0.00152293,0.00645175,0.99997807,-0.77933019,-0.05613001,-0.99840319,0.00635611,1.57608509,0.99842238,-0.05611910,0.00188261,-0.87179101
4,1598295742704691400,1598295742704641100,-0.00091681,0.00609196,0.99998105,-0.77969313,-0.05627005,-0.99839735,0.00603072,1.57609439,0.99841529,-0.05626345,0.00125813,-0.86985111
4,1598295742713548600,1598295742713482200,-0.00078833,0.00475866,0.99998844,-0.77948117,-0.05608785,-0.99841470,0.00470696,1.57575035,0.99842560,-0.05608349,0.00105396,-0.86781156
4,1598295742722724200,1598295742722628200,-0.00089297,0.00541985,0.99998498,-0.77963030,-0.05636667,-0.99839574,0.00536090,1.57564497,0.99840981,-0.05636103,0.00119698,-0.86603665
4,1598295742731592800,1598295742731489700,-0.00050306,0.00438262,0.99999034,-0.77973139,-0.05628124,-0.99840546,0.00434736,1.57569540,0.99841487,-0.05627851,0.00074887,-0.86425924
4,1598295742740639100,1598295742740576600,-0.00101870,0.00581830,0.99998260,-0.78016907,-0.05651515,-0.99838513,0.00575144,1.57564151,0.99840128,-0.05650831,0.00134587,-0.86257052
4,1598295742749521800,1598295742749453400,-0.00118303,0.00580397,0.99998248,-0.78023911,-0.05668635,-0.99837559,0.00572758,1.57554913,0.99839139,-0.05667858,0.00151011,-0.86041355
4,1598295742758668800,1598295742758566000,-0.00062293,0.00487756,0.99998796,-0.78036171,-0.05650065,-0.99839085,0.00483458,1.57562256,0.99840242,-0.05649696,0.00089750,-0.85854995
4,1598295742767358000,1598295742767307300,-0.00133967,0.00633853,0.99997914,-0.78049076,-0.05683450,-0.99836403,0.00625215,1.57542825,0.99838281,-0.05682494,0.00169772,-0.85694301
4,1598295742776566900,1598295742776478000,-0.00057784,0.00498511,0.99998748,-0.78023970,-0.05672859,-0.99837738,0.00494431,1.57562852,0.99838948,-0.05672502,0.00085965,-0.85533345
4,1598295742785304500,1598295742785269900,-0.00112548,0.00543096,0.99998468,-0.77985764,-0.05683040,-0.99836946,0.00535823,1.57532632,0.99838328,-0.05682349,0.00143227,-0.85327017
4,1598295742794468900,1598295742794367600,-0.00120658,0.00582081,0.99998236,-0.77973169,-0.05690099,-0.99836326,0.00574273,1.57524371,0.99837911,-0.05689305,0.00153580,-0.85159135
4,1598295742803429300,1598295742803339800,-0.00073016,0.00508395,0.99998689,-0.78015959,-0.05688242,-0.99836814,0.00503418,1.57537913,0.99838072,-0.05687800,0.00101817,-0.84982002
4,1598295742812428700,1598295742812359000,-0.00148275,0.00553575,0.99998361,-0.78017044,-0.05697351,-0.99836081,0.00544229,1.57508552,0.99837470,-0.05696451,0.00179571,-0.84773254
4,1598295742821269200,1598295742821192600,-0.00102323,0.00556914,0.99998403,-0.78024864,-0.05705088,-0.99835610,0.00550169,1.57506847,0.99837077,-0.05704434,0.00133923,-0.84602416
4,1598295742830324600,1598295742830273000,-0.00145417,0.00548344,0.99998397,-0.78039652,-0.05710654,-0.99835348,0.00539145,1.57504010,0.99836713,-0.05709779,0.00176489,-0.84429502
4,1598295742839236700,1598295742839169200,-0.00095147,0.00542318,0.99998492,-0.78056294,-0.05719627,-0.99834853,0.00535988,1.57514083,0.99836254,-0.05719031,0.00126004,-0.84258163
4,1598295742848750000,1598295742848588100,-0.00160623,0.00568942,0.99998260,-0.78053588,-0.05740950,-0.99833506,0.00558783,1.57497787,0.99834949,-0.05739952,0.00193015,-0.84043455
4,1598295742857186300,1598295742857095600,-0.00111827,0.00594699,0.99998176,-0.78065199,-0.05758080,-0.99832356,0.00587274,1.57494664,0.99834025,-0.05757318,0.00145879,-0.83864427
4,1598295742866209400,1598295742866179000,-0.00123748,0.00504306,0.99998659,-0.78081441,-0.05737553,-0.99834031,0.00496376,1.57500744,0.99835193,-0.05736862,0.00152475,-0.83688188
4,1598295742875206600,1598295742875169700,-0.00127512,0.00591634,0.99998176,-0.78099263,-0.05747696,-0.99832976,0.00583327,1.57479930,0.99834603,-0.05746847,0.00161302,-0.83512139
4,1598295742884287400,1598295742884173200,-0.00155887,0.00554288,0.99998343,-0.78087014,-0.05757305,-0.99832642,0.00544395,1.57479095,0.99834013,-0.05756362,0.00187534,-0.83287370
4,1598295742893094800,1598295742893062500,-0.00148499,0.00533689,0.99998468,-0.78095204,-0.05755708,-0.99832845,0.00524258,1.57475734,0.99834120,-0.05754842,0.00178966,-0.83112502
4,1598295742902314400,1598295742902240900,-0.00163418,0.00628967,0.99997890,-0.78106475,-0.05764285,-0.99831808,0.00618502,1.57460153,0.99833596,-0.05763153,0.00199395,-0.82937312
4,1598295742911210800,1598295742911141000,-0.00156760,0.00516526,0.99998546,-0.78087616,-0.05771014,-0.99832052,0.00506619,1.57461739,0.99833220,-0.05770136,0.00186306,-0.82720947
4,1598295742920204900,1598295742920153400,-0.00170186,0.00509884,0.99998558,-0.78089666,-0.05773532,-0.99831939,0.00499209,1.57461905,0.99833059,-0.05772600,0.00199336,-0.82546389
4,1598295742929040800,1598295742928951500,-0.00183514,0.00583937,0.99998134,-0.78096950,-0.05791862,-0.99830490,0.00572329,1.57455468,0.99831969,-0.05790703,0.00217018,-0.82377660
4,1598295742938148900,1598295742938116700,-0.00164858,0.00527505,0.99998480,-0.78089392,-0.05778755,-0.99831551,0.00517097,1.57460594,0.99832761,-0.05777814,0.00195065,-0.82195365
4,1598295742947059100,1598295742946965700,-0.00203127,0.00563407,0.99998212,-0.78077555,-0.05787689,-0.99830854,0.00550707,1.57427871,0.99832171,-0.05786467,0.00235391,-0.81982338
4,1598295742956198100,1598295742956125200,-0.00168690,0.00547822,0.99998367,-0.78082597,-0.05792676,-0.99830633,0.00537131,1.57426262,0.99831945,-0.05791675,0.00200140,-0.81793630
4,1598295742964941000,1598295742964899000,-0.00182334,0.00567250,0.99998236,-0.78089690,-0.05795414,-0.99830377,0.00555731,1.57425511,0.99831766,-0.05794298,0.00214896,-0.81624913
4,1598295742974125700,1598295742974081100,-0.00194675,0.00534874,0.99998385,-0.78120029,-0.05797047,-0.99830461,0.00522690,1.57419610,0.99831647,-0.05795936,0.00225350,-0.81428254
4,1598295742983034600,1598295742982951200,-0.00205112,0.00572979,0.99998152,-0.78119493,-0.05809749,-0.99829519,0.00560097,1.57385945,0.99830890,-0.05808493,0.00238046,-0.81211209
4,1598295742992088100,1598295742992018300,-0.00198725,0.00590039,0.99998063,-0.78132606,-0.05818999,-0.99828881,0.00577476,1.57385206,0.99830359,-0.05817739,0.00232714,-0.81027663
4,1598295743000868700,1598295743000807600,-0.00186080,0.00494785,0.99998611,-0.78140843,-0.05796266,-0.99830705,0.00483169,1.57393551,0.99831712,-0.05795286,0.00214443,-0.80850458
4,1598295743009992700,1598295743009947500,-0.00232109,0.00576710,0.99998081,-0.78107119,-0.05819140,-0.99828959,0.00562228,1.57361126,0.99830282,-0.05817723,0.00265267,-0.80633295
4,1598295743018859200,1598295743018810600,-0.00225985,0.00570584,0.99998116,-0.78112578,-0.05827637,-0.99828494,0.00556446,1.57360959,0.99829805,-0.05826270,0.00258848,-0.80458140
4,1598295743027942300,1598295743027882200,-0.00201625,0.00518934,0.99998450,-0.78117120,-0.05829796,-0.99828637,0.00506299,1.57369900,0.99829727,-0.05828685,0.00231531,-0.80279171
4,1598295743036837600,1598295743036771300,-0.00240186,0.00536489,0.99998277,-0.78117502,-0.05818806,-0.99829197,0.00521606,1.57343316,0.99830282,-0.05817453,0.00270993,-0.80083561
4,1598295743046191500,1598295743046115100,-0.00228101,0.00532131,0.99998331,-0.78125608,-0.05835983,-0.99828213,0.00517914,1.57334924,0.99829304,-0.05834704,0.00258765,-0.79867208
4,1598295743054798800,1598295743054679800,-0.00243688,0.00506849,0.99998426,-0.78130162,-0.05834452,-0.99828434,0.00491769,1.57335889,0.99829364,-0.05833161,0.00272843,-0.79697382
4,1598295743063859700,1598295743063779300,-0.00224018,0.00524790,0.99998373,-0.78135717,-0.05833504,-0.99828398,0.00510830,1.57326913,0.99829459,-0.05832265,0.00254244,-0.79515326
4,1598295743072965100,1598295743072894100,-0.00251925,0.00526061,0.99998307,-0.78147280,-0.05836758,-0.99828207,0.00510462,1.57326937,0.99829203,-0.05835373,0.00282195,-0.79334033
4,1598295743081850400,1598295743081733400,-0.00207904,0.00518008,0.99998450,-0.78108782,-0.05848756,-0.99827534,0.00504962,1.57312953,0.99828607,-0.05847615,0.00237843,-0.79121578
4,1598295743090874300,1598295743090750100,-0.00282249,0.00511778,0.99998295,-0.78095108,-0.05850093,-0.99827510,0.00494392,1.57310247,0.99828351,-0.05848598,0.00311700,-0.78956795
4,1598295743099855000,1598295743099785800,-0.00249881,0.00543956,0.99998212,-0.78096312,-0.05860817,-0.99826705,0.00528378,1.57304287,0.99827802,-0.05859392,0.00281325,-0.78773177
4,1598295743108872100,1598295743108836000,-0.00303075,0.00510922,0.99998242,-0.78203392,-0.05867543,-0.99826497,0.00492261,1.57261455,0.99827266,-0.05865948,0.00332525,-0.78536582
4,1598295743117763300,1598295743117676400,-0.00244063,0.00501484,0.99998450,-0.78224134,-0.05867776,-0.99826509,0.00486301,1.57249284,0.99827409,-0.05866498,0.00273061,-0.78348935
4,1598295743126531300,1598295743126487200,-0.00328708,0.00539399,0.99998009,-0.78250170,-0.05864421,-0.99826545,0.00519196,1.57230330,0.99827361,-0.05862597,0.00359771,-0.78178811
4,1598295743135691600,1598295743135617100,-0.00305617,0.00504625,0.99998266,-0.78157216,-0.05870304,-0.99826366,0.00485817,1.57225990,0.99827087,-0.05868717,0.00334704,-0.77995121
4,1598295743144517800,1598295743144442500,-0.00334477,0.00467122,0.99998355,-0.78175020,-0.05858780,-0.99827224,0.00446726,1.57223606,0.99827671,-0.05857189,0.00361267,-0.77823746
4,1598295743157210700,1598295743157114900,-0.00298473,0.00488089,0.99998367,-0.78177655,-0.05886118,-0.99825507,0.00469676,1.57208705,0.99826181,-0.05884621,0.00326678,-0.77535689
4,1598295743166676300,1598295743166634600,-0.00312668,0.00479713,0.99998367,-0.78192914,-0.05883330,-0.99825716,0.00460489,1.57206047,0.99826300,-0.05881795,0.00340343,-0.77346408
4,1598295743175404300,1598295743175313400,-0.00343859,0.00480486,0.99998260,-0.78191555,-0.05898248,-0.99824840,0.00459371,1.57199955,0.99825317,-0.05896566,0.00371593,-0.77173507
4,1598295743184499800,1598295743184395700,-0.00341642,0.00459556,0.99998367,-0.78179568,-0.05901392,-0.99824750,0.00438596,1.57177615,0.99825138,-0.05899797,0.00368160,-0.76949751
4,1598295743193547700,1598295743193513700,-0.00338697,0.00540558,0.99997973,-0.78186589,-0.05917427,-0.99823409,0.00519572,1.57157993,0.99824196,-0.05915547,0.00370085,-0.76765656
4,1598295743202450600,1598295743202385100,-0.00351223,0.00414387,0.99998534,-0.78169441,-0.05906776,-0.99824619,0.00392920,1.57173288,0.99824786,-0.05905310,0.00375080,-0.76588726
4,1598295743211405200,1598295743211372300,-0.00358537,0.00439855,0.99998397,-0.78162235,-0.05938864,-0.99822617,0.00417788,1.57157135,0.99822855,-0.05937270,0.00384021,-0.76388431
4,1598295743220350100,1598295743220328100,-0.00363922,0.00440844,0.99998373,-0.78163457,-0.05923247,-0.99823540,0.00418517,1.57145715,0.99823767,-0.05921627,0.00389391,-0.76201522
4,1598295743229219200,1598295743229173400,-0.00339282,0.00461928,0.99998367,-0.78161824,-0.05937218,-0.99822617,0.00440972,1.57141900,0.99823022,-0.05935625,0.00366104,-0.76019073
4,1598295743238365600,1598295743238221800,-0.00383136,0.00431094,0.99998343,-0.78149885,-0.05930634,-0.99823147,0.00407616,1.57137513,0.99823254,-0.05928974,0.00408018,-0.75839019
4,1598295743247215100,1598295743247152600,-0.00391561,0.00447421,0.99998242,-0.78153408,-0.05941229,-0.99822450,0.00423371,1.57122231,0.99822593,-0.05939467,0.00417447,-0.75626898
4,1598295743256381200,1598295743256319000,-0.00403044,0.00480242,0.99998045,-0.78174984,-0.05948216,-0.99821895,0.00455421,1.57108033,0.99822128,-0.05946264,0.00430888,-0.75445557
4,1598295743265080100,1598295743265031900,-0.00374538,0.00442137,0.99998325,-0.78152215,-0.05953743,-0.99821723,0.00419057,1.57112026,0.99821907,-0.05952074,0.00400189,-0.75266814
4,1598295743274236900,1598295743274154500,-0.00413916,0.00437659,0.99998188,-0.78160357,-0.05950848,-0.99821925,0.00412256,1.57109714,0.99821925,-0.05949034,0.00439221,-0.75097668
4,1598295743283137700,1598295743283084200,-0.00407919,0.00455191,0.99998140,-0.78135949,-0.05966957,-0.99820888,0.00430044,1.57098436,0.99820995,-0.05965092,0.00434345,-0.74907732
4,1598295743292441400,1598295743292226600,-0.00375643,0.00471072,0.99998188,-0.78176057,-0.05950993,-0.99821764,0.00447886,1.57142687,0.99822068,-0.05949203,0.00403005,-0.74799097
4,1598295743301221000,1598295743301111100,-0.00392395,0.00433292,0.99998295,-0.78169310,-0.05944793,-0.99822301,0.00409202,1.57147264,0.99822378,-0.05943086,0.00417456,-0.74627244
4,1598295743310044400,1598295743310014500,-0.00395292,0.00458839,0.99998176,-0.78195024,-0.05954147,-0.99821633,0.00434492,1.57138872,0.99821806,-0.05952320,0.00421906,-0.74431705
4,1598295743319081600,1598295743318951000,-0.00411060,0.00462741,0.99998093,-0.78173172,-0.05951590,-0.99821776,0.00437460,1.57131028,0.99821889,-0.05949678,0.00437868,-0.74239957
4,1598295743328166100,1598295743328113200,-0.00356534,0.00442095,0.99998391,-0.78160942,-0.05942750,-0.99822378,0.00420129,1.57142925,0.99822634,-0.05941157,0.00382173,-0.74068189
4,1598295743337062200,1598295743336998200,-0.00418529,0.00456399,0.99998087,-0.78222656,-0.05934873,-0.99822801,0.00430760,1.57160163,0.99822861,-0.05932957,0.00444868,-0.73921728
4,1598295743346196800,1598295743346154000,-0.00389656,0.00451842,0.99998224,-0.78227162,-0.05933709,-0.99822879,0.00427928,1.57147717,0.99823046,-0.05931937,0.00415778,-0.73736954
4,1598295743354960000,1598295743354916500,-0.00395077,0.00461504,0.99998164,-0.78234911,-0.05941605,-0.99822372,0.00437219,1.57119346,0.99822557,-0.05939769,0.00421795,-0.73513949
4,1598295743364147000,1598295743364091600,-0.00377059,0.00454018,0.99998260,-0.78246772,-0.05947127,-0.99822068,0.00430794,1.57145250,0.99822295,-0.05945400,0.00403383,-0.73365545
4,1598295743372881700,1598295743372813700,-0.00406024,0.00403021,0.99998367,-0.78276205,-0.05928235,-0.99823403,0.00378245,1.57145023,0.99823308,-0.05926602,0.00429201,-0.73195982
4,1598295743382019400,1598295743381968700,-0.00412223,0.00474723,0.99998027,-0.78285205,-0.05941694,-0.99822313,0.00449396,1.57124114,0.99822479,-0.05939725,0.00439695,-0.73005486
4,1598295743390917500,1598295743390831900,-0.00387976,0.00446071,0.99998260,-0.78281623,-0.05933950,-0.99822891,0.00422266,1.57123315,0.99823040,-0.05932209,0.00413755,-0.72822750
4,1598295743400069300,1598295743399884800,-0.00403804,0.00466703,0.99998099,-0.78297681,-0.05921984,-0.99823517,0.00441975,1.57143700,0.99823689,-0.05920087,0.00430727,-0.72679949
4,1598295743408833200,1598295743408782500,-0.00426796,0.00418647,0.99998218,-0.78304839,-0.05909884,-0.99824440,0.00392696,1.57140923,0.99824309,-0.05908103,0.00450787,-0.72498477
4,1598295743418177800,1598295743418021500,-0.00371963,0.00404983,0.99998492,-0.78310317,-0.05910932,-0.99824417,0.00382291,1.57131004,0.99824464,-0.05909421,0.00395247,-0.72291315
4,1598295743426775700,1598295743426675100,-0.00418702,0.00454375,0.99998105,-0.78317279,-0.05918095,-0.99823803,0.00428804,1.57136655,0.99823850,-0.05916186,0.00444853,-0.72138357
4,1598295743435857000,1598295743435807200,-0.00403398,0.00394543,0.99998409,-0.78326976,-0.05926216,-0.99823558,0.00369947,1.57141936,0.99823439,-0.05924629,0.00426072,-0.71953130
4,1598295743444872300,1598295743444801600,-0.00459611,0.00423332,0.99998051,-0.78333747,-0.05935053,-0.99822932,0.00395312,1.57128978,0.99822670,-0.05933120,0.00483921,-0.71765637
4,1598295743453932300,1598295743453861500,-0.00408813,0.00419177,0.99998289,-0.78351343,-0.05915259,-0.99824113,0.00394265,1.57125628,0.99824059,-0.05913547,0.00432888,-0.71567059
4,1598295743462617500,1598295743462558000,-0.00407130,0.00430966,0.99998248,-0.78370363,-0.05926404,-0.99823403,0.00406084,1.57117403,0.99823409,-0.05924647,0.00431952,-0.71382892
4,1598295743471722300,1598295743471657500,-0.00445074,0.00390033,0.99998254,-0.78363913,-0.05931012,-0.99823296,0.00362953,1.57114625,0.99822974,-0.05929293,0.00467417,-0.71195257
4,1598295743480562200,1598295743480497200,-0.00443235,0.00383049,0.99998283,-0.78371787,-0.05944767,-0.99822503,0.00356027,1.57107711,0.99822164,-0.05943087,0.00465214,-0.71002340
4,1598295743489740000,1598295743489712700,-0.00457969,0.00412406,0.99998111,-0.78373116,-0.05935288,-0.99822962,0.00384502,1.57105374,0.99822658,-0.05933415,0.00481635,-0.70829904
4,1598295743498628400,1598295743498449200,-0.00451985,0.00408680,0.99998152,-0.78388035,-0.05926279,-0.99823511,0.00381180,1.57117975,0.99823225,-0.05924446,0.00475407,-0.70669687
4,1598295743507864500,1598295743507736000,-0.00478601,0.00384952,0.99998122,-0.78380156,-0.05931095,-0.99823320,0.00355892,1.57115197,0.99822819,-0.05929280,0.00500584,-0.70486820
4,1598295743516554200,1598295743516477300,-0.00471789,0.00357909,0.99998254,-0.78381038,-0.05920543,-0.99824035,0.00329353,1.57110286,0.99823475,-0.05918886,0.00492144,-0.70306277
4,1598295743525528900,1598295743525469600,-0.00469333,0.00379763,0.99998188,-0.78389359,-0.05904836,-0.99824893,0.00351391,1.57097578,0.99824417,-0.05903079,0.00490934,-0.70123577
4,1598295743534507400,1598295743534413400,-0.00513312,0.00409567,0.99997848,-0.78387988,-0.05905136,-0.99824774,0.00378546,1.57094181,0.99824184,-0.05903066,0.00536597,-0.69957972
4,1598295743543584600,1598295743543499400,-0.00494224,0.00338225,0.99998212,-0.78401780,-0.05912916,-0.99824554,0.00308414,1.57094145,0.99823821,-0.05911287,0.00513354,-0.69762313
4,1598295743552385400,1598295743552353900,-0.00540748,0.00397955,0.99997753,-0.78395903,-0.05898197,-0.99825233,0.00365373,1.57095265,0.99824452,-0.05896089,0.00563276,-0.69610929
4,1598295743561463300,1598295743561441800,-0.00547653,0.00369819,0.99997824,-0.78424567,-0.05889419,-0.99825853,0.00336929,1.57087660,0.99824929,-0.05887445,0.00568473,-0.69427431
4,1598295743570413400,1598295743570356400,-0.00510520,0.00331184,0.99998158,-0.78426278,-0.05890203,-0.99825925,0.00300542,1.57089877,0.99825084,-0.05888559,0.00529134,-0.69240320
4,1598295743579414300,1598295743579380400,-0.00566086,0.00371575,0.99997717,-0.78455204,-0.05899786,-0.99825239,0.00337536,1.57080913,0.99824214,-0.05897740,0.00587019,-0.69047010
4,1598295743588263800,1598295743588196500,-0.00555041,0.00339039,0.99997890,-0.78444111,-0.05887786,-0.99826050,0.00305777,1.57093048,0.99824989,-0.05885965,0.00574034,-0.68895018
4,1598295743597327300,1598295743597297700,-0.00607941,0.00350629,0.99997544,-0.78441948,-0.05898957,-0.99825364,0.00314162,1.57081354,0.99824017,-0.05896902,0.00627562,-0.68715656
4,1598295743606149100,1598295743606117500,-0.00582784,0.00351528,0.99997687,-0.78454518,-0.05892144,-0.99825758,0.00316584,1.57067537,0.99824572,-0.05890163,0.00602481,-0.68521845
4,1598295743615424200,1598295743615376400,-0.00612000,0.00337144,0.99997568,-0.78440654,-0.05918598,-0.99824244,0.00300337,1.57071590,0.99822825,-0.05916616,0.00630873,-0.68340468
4,1598295743624164000,1598295743624140400,-0.00611728,0.00345667,0.99997538,-0.78431869,-0.05904379,-0.99825060,0.00308950,1.57070732,0.99823666,-0.05902344,0.00631067,-0.68175709
4,1598295743633299800,1598295743633251400,-0.00624534,0.00342325,0.99997467,-0.78429472,-0.05901207,-0.99825257,0.00304879,1.57070398,0.99823785,-0.05899153,0.00643644,-0.67992020
4,1598295743642104100,1598295743642064000,-0.00648105,0.00316080,0.99997407,-0.78433800,-0.05907626,-0.99824959,0.00277246,1.57057762,0.99823248,-0.05905676,0.00665641,-0.67807138
4,1598295743651427500,1598295743651363400,-0.00675961,0.00365078,0.99997050,-0.78437865,-0.05906785,-0.99824870,0.00324521,1.57044983,0.99823117,-0.05904417,0.00696340,-0.67630076
4,1598295743660114500,1598295743660058700,-0.00618404,0.00330523,0.99997550,-0.78436011,-0.05904885,-0.99825078,0.00293436,1.57063770,0.99823600,-0.05902926,0.00636837,-0.67467046
4,1598295743669149300,1598295743669109500,-0.00663391,0.00370690,0.99997121,-0.78478539,-0.05908539,-0.99824744,0.00330853,1.57049930,0.99823093,-0.05906174,0.00684124,-0.67295015
4,1598295743678034400,1598295743677947400,-0.00692719,0.00383912,0.99996871,-0.78472376,-0.05920817,-0.99823976,0.00342232,1.57043731,0.99822170,-0.05918261,0.00714228,-0.67120564
4,1598295743687138000,1598295743687077200,-0.00660974,0.00383236,0.99997079,-0.78491014,-0.05911734,-0.99824512,0.00343498,1.57032704,0.99822927,-0.05909292,0.00682470,-0.66928387
4,1598295743696176000,1598295743695999600,-0.00662833,0.00382237,0.99997079,-0.78495783,-0.05922652,-0.99823868,0.00342317,1.57017732,0.99822271,-0.05920210,0.00684306,-0.66743934
4,1598295743705220300,1598295743705197900,-0.00674132,0.00383892,0.99996996,-0.78492510,-0.05927766,-0.99823558,0.00343264,1.57014716,0.99821883,-0.05925274,0.00695693,-0.66563594
4,1598295743714005500,1598295743713892500,-0.00708973,0.00360439,0.99996841,-0.78487629,-0.05938429,-0.99823010,0.00317709,1.57023990,0.99821007,-0.05935990,0.00729123,-0.66380405
4,1598295743723215800,1598295743723136300,-0.00692445,0.00348621,0.99996996,-0.78474349,-0.05931149,-0.99823475,0.00306945,1.57023358,0.99821556,-0.05928846,0.00711900,-0.66192448
4,1598295743731931800,1598295743731901400,-0.00693876,0.00391280,0.99996829,-0.78480601,-0.05925347,-0.99823684,0.00349487,1.57033420,0.99821895,-0.05922734,0.00715837,-0.66032898
4,1598295743741041700,1598295743741000800,-0.00686309,0.00330861,0.99997109,-0.78481239,-0.05915515,-0.99824458,0.00289690,1.57042837,0.99822527,-0.05913355,0.00704673,-0.65842056
4,1598295743749901900,1598295743749841100,-0.00679737,0.00320776,0.99997181,-0.78457934,-0.05922983,-0.99824041,0.00279959,1.57041025,0.99822128,-0.05920913,0.00697538,-0.65665495
4,1598295743759026400,1598295743758923200,-0.00693989,0.00348671,0.99996990,-0.78438234,-0.05941400,-0.99822867,0.00306830,1.57033587,0.99820936,-0.05939092,0.00713477,-0.65462184
4,1598295743767798100,1598295743767731400,-0.00656092,0.00350636,0.99997240,-0.78444970,-0.05932238,-0.99823397,0.00311104,1.57034278,0.99821734,-0.05930033,0.00675729,-0.65298343
4,1598295743776976000,1598295743776932200,-0.00744545,0.00377529,0.99996519,-0.78483200,-0.05921610,-0.99823964,0.00332787,1.57042170,0.99821746,-0.05918926,0.00765586,-0.65136325
4,1598295743785970100,1598295743785873100,-0.00645509,0.00360906,0.99997270,-0.78494036,-0.05941901,-0.99822789,0.00321920,1.57024288,0.99821240,-0.05939661,0.00665805,-0.64934063
4,1598295743794803300,1598295743794759000,-0.00697237,0.00370290,0.99996895,-0.78501648,-0.05934889,-0.99823189,0.00328266,1.57026041,0.99821305,-0.05932415,0.00717980,-0.64772165
4,1598295743803908800,1598295743803758800,-0.00723654,0.00402253,0.99996573,-0.78549337,-0.05919244,-0.99824011,0.00358723,1.57020831,0.99822044,-0.05916446,0.00746188,-0.64594126
4,1598295743812967600,1598295743812875400,-0.00655305,0.00366660,0.99997187,-0.78567076,-0.05913176,-0.99824482,0.00327276,1.57009995,0.99822873,-0.05910865,0.00675836,-0.64407170
4,1598295743821671700,1598295743821642600,-0.00716946,0.00437963,0.99996477,-0.78582662,-0.05948898,-0.99822116,0.00394548,1.56992984,0.99820328,-0.05945860,0.00741726,-0.64227855
4,1598295743830949700,1598295743830905100,-0.00679502,0.00379924,0.99996972,-0.78625119,-0.05925113,-0.99823731,0.00339004,1.57004416,0.99822003,-0.05922630,0.00700814,-0.64042401
4,1598295743839745900,1598295743839678600,-0.00698346,0.00386557,0.99996817,-0.78612030,-0.05956210,-0.99821866,0.00344284,1.57000721,0.99820024,-0.05953616,0.00720125,-0.63870168
