0,1595952223403305700,1595952223403079700,-0.18561387,-0.73287338,-0.65455639,0.42505410,0.29095799,0.59526813,-0.74899882,1.48880410,0.93855786,-0.32947296,0.10274532,0.43609297
0,1595952223403576800,1595952223403503400,0.03691914,-0.23061877,-0.97234350,-0.04124868,0.01871850,0.97299576,-0.23006274,0.24177408,0.99914289,-0.00970709,0.04023901,-0.86444193
0,1595952223403643600,1595952223403600500,0.00692643,-0.23266791,-0.97253156,-0.01338112,0.00768146,0.97253859,-0.23261487,0.23877954,0.99994648,-0.00585926,0.00852345,-0.59271026
0,1595952223413278200,1595952223413151600,-0.18560928,-0.73288608,-0.65454346,0.42505887,0.29095647,0.59525597,-0.74900907,1.48881102,0.93855923,-0.32946667,0.10275290,0.43609226
0,1595952223413435000,1595952223413310900,0.03698390,-0.23035589,-0.97240335,-0.04127967,0.01885376,0.97305673,-0.22979359,0.24174786,0.99913800,-0.00983479,0.04033050,-0.86446440
0,1595952223413630800,1595952223413545400,0.00702624,-0.23271219,-0.97252023,-0.01341367,0.00748445,0.97252929,-0.23266026,0.23878789,0.99994725,-0.00564405,0.00857495,-0.59268117
0,1595952223422199200,1595952223422032100,-0.18560830,-0.73288929,-0.65454012,0.42504981,0.29096738,0.59524888,-0.74901050,1.48881257,0.93855602,-0.32947236,0.10276373,0.43610275
0,1595952223422276600,1595952223422156700,0.03684714,-0.23045927,-0.97238404,-0.04128373,0.01856819,0.97303480,-0.22990987,0.24174976,0.99914837,-0.00958388,0.04013276,-0.86441565
0,1595952223422392700,1595952223422277200,0.00681848,-0.23269998,-0.97252464,-0.01344281,0.00742885,0.97253221,-0.23264971,0.23878622,0.99994916,-0.00563841,0.00835988,-0.59265614
0,1595952223431363900,1595952223431246400,-0.18561715,-0.73289186,-0.65453482,0.42504832,0.29098365,0.59523672,-0.74901384,1.48879933,0.93854922,-0.32948872,0.10277339,0.43608272
0,1595952223431481800,1595952223431368600,0.03686792,-0.23043093,-0.97239000,-0.04124856,0.01874036,0.97303987,-0.22987439,0.24168086,0.99914438,-0.00974794,0.04019232,-0.86443377
0,1595952223431597700,1595952223431516100,0.00703618,-0.23260224,-0.97254646,-0.01345581,0.00778615,0.97255385,-0.23254767,0.23876739,0.99994493,-0.00593614,0.00865414,-0.59269488
0,1595952223440184700,1595952223439989500,-0.18563399,-0.73288822,-0.65453404,0.42504790,0.29096970,0.59523892,-0.74901748,1.48880076,0.93855023,-0.32949266,0.10275167,0.43608677
0,1595952223440376900,1595952223440263200,0.03677429,-0.23058036,-0.97235811,-0.04125959,0.01885298,0.97300321,-0.23002031,0.24172902,0.99914575,-0.00987301,0.04012863,-0.86444539
0,1595952223440484800,1595952223440394500,0.00667633,-0.23270324,-0.97252482,-0.01344228,0.00755047,0.97253054,-0.23265277,0.23878670,0.99994916,-0.00578975,0.00824995,-0.59264243
0,1595952223449594000,1595952223449358400,-0.18564102,-0.73289841,-0.65452063,0.42505026,0.29096422,0.59522641,-0.74902958,1.48881042,0.93855053,-0.32949269,0.10274876,0.43607795
0,1595952223449693800,1595952223449636300,0.03687479,-0.23042826,-0.97239035,-0.04131943,0.01856918,0.97304213,-0.22987854,0.24174571,0.99914736,-0.00957976,0.04015959,-0.86443466
0,1595952223449821800,1595952223449717700,0.00692061,-0.23257083,-0.97255480,-0.01348388,0.00753026,0.97256267,-0.23251912,0.23875165,0.99994767,-0.00571441,0.00848204,-0.59264743
0,1595952223459019800,1595952223458877600,-0.18561172,-0.73288858,-0.65454000,0.42505527,0.29096633,0.59524870,-0.74901104,1.48881173,0.93855566,-0.32947433,0.10276075,0.43609297
0,1595952223459283000,1595952223459192500,0.03694547,-0.23034514,-0.97240740,-0.04131627,0.01869226,0.97306079,-0.22978973,0.24175262,0.99914241,-0.00968679,0.04025586,-0.86442393
0,1595952223459357100,1595952223459266500,0.00676631,-0.23268238,-0.97252923,-0.01349449,0.00769644,0.97253484,-0.23263016,0.23876953,0.99994749,-0.00591096,0.00837130,-0.59264624
0,1595952223467981000,1595952223467799800,-0.18561797,-0.73290688,-0.65451771,0.42505509,0.29093578,0.59523594,-0.74903303,1.48883319,0.93856394,-0.32945660,0.10274233,0.43610537
0,1595952223468079900,1595952223468006500,0.03653056,-0.23039021,-0.97241235,-0.04132563,0.01887501,0.97304738,-0.22983158,0.24177313,0.99915427,-0.00995841,0.03989458,-0.86437136
0,1595952223468328500,1595952223468103100,0.00695440,-0.23273125,-0.97251618,-0.01350254,0.00755014,0.97252423,-0.23267917,0.23876739,0.99994731,-0.00572448,0.00852048,-0.59267974
0,1595952223477318400,1595952223477185900,-0.18563525,-0.73290235,-0.65451789,0.42505151,0.29092503,0.59523797,-0.74903560,1.48883033,0.93856382,-0.32946303,0.10272248,0.43611753
0,1595952223477438500,1595952223477346400,0.03688863,-0.23019104,-0.97244602,-0.04128152,0.01878353,0.97309613,-0.22963239,0.24167538,0.99914283,-0.00979514,0.04021998,-0.86440051
0,1595952223477544700,1595952223477480700,0.00694330,-0.23259468,-0.97254896,-0.01348412,0.00761881,0.97255647,-0.23254208,0.23873520,0.99994683,-0.00579505,0.00852485,-0.59267890
0,1595952223485886800,1595952223485786800,-0.18564384,-0.73290563,-0.65451175,0.42504877,0.29092714,0.59522998,-0.74904114,1.48883271,0.93856150,-0.32947010,0.10272136,0.43612421
0,1595952223486051000,1595952223485944400,0.03710316,-0.23018870,-0.97243840,-0.04128182,0.01875615,0.97309750,-0.22962907,0.24168849,0.99913538,-0.00971923,0.04042245,-0.86438823
0,1595952223486241600,1595952223486110800,0.00670302,-0.23264645,-0.97253823,-0.01346278,0.00734087,0.97254539,-0.23259756,0.23876715,0.99995059,-0.00558017,0.00822682,-0.59261298
0,1595952223495610000,1595952223495490700,-0.18562292,-0.73291004,-0.65451282,0.42503893,0.29096118,0.59522146,-0.74903470,1.48879778,0.93855506,-0.32947579,0.10276160,0.43609154
0,1595952223495754200,1595952223495652400,0.03686903,-0.23049553,-0.97237462,-0.04127282,0.01874014,0.97302461,-0.22993903,0.24168468,0.99914438,-0.00974481,0.04019399,-0.86433703
0,1595952223495859800,1595952223495785000,0.00688085,-0.23280498,-0.97249907,-0.01345593,0.00743876,0.97250712,-0.23275428,0.23873377,0.99994862,-0.00563263,0.00842346,-0.59263480
0,1595952223504872700,1595952223504753900,-0.18562751,-0.73290461,-0.65451759,0.42504111,0.29094702,0.59523076,-0.74903280,1.48880064,0.93855852,-0.32947099,0.10274521,0.43609130
0,1595952223505255800,1595952223505135500,0.03674022,-0.23039903,-0.97240239,-0.04125595,0.01880578,0.97304648,-0.22984108,0.24168396,0.99914789,-0.00984237,0.04008278,-0.86433220
0,1595952223505384300,1595952223505270800,0.00684640,-0.23270842,-0.97252244,-0.01343477,0.00755683,0.97252953,-0.23265691,0.23871756,0.99994797,-0.00575632,0.00841686,-0.59264994
0,1595952223513970500,1595952223513774500,-0.18564214,-0.73290610,-0.65451175,0.42503917,0.29095203,0.59522140,-0.74903828,1.48880696,0.93855411,-0.32948455,0.10274231,0.43608844
0,1595952223514100100,1595952223513964300,0.03694417,-0.23022066,-0.97243690,-0.04126304,0.01875407,0.97308958,-0.22966267,0.24175549,0.99914134,-0.00975245,0.04026756,-0.86433673
0,1595952223514166700,1595952223514099800,0.00691402,-0.23267145,-0.97253078,-0.01343817,0.00747260,0.97253895,-0.23262027,0.23872375,0.99994814,-0.00565899,0.00846281,-0.59264565
0,1595952223523052900,1595952223522938300,-0.18562353,-0.73288882,-0.65453637,0.42506078,0.29094598,0.59525084,-0.74901724,1.48880839,0.93855965,-0.32946992,0.10273847,0.43610752
0,1595952223523160300,1595952223523074700,0.03697318,-0.23023154,-0.97243321,-0.04124898,0.01899965,0.97308463,-0.22966339,0.24171925,0.99913561,-0.00998450,0.04035236,-0.86434019
0,1595952223523222800,1595952223523179900,0.00715612,-0.23258084,-0.97255069,-0.01344025,0.00779099,0.97255909,-0.23252551,0.23874259,0.99994403,-0.00591314,0.00877179,-0.59268820
0,1595952223531887700,1595952223531800200,-0.18563952,-0.73290908,-0.65450913,0.42506027,0.29095274,0.59521878,-0.74904007,1.48877358,0.93855441,-0.32948264,0.10274578,0.43606699
0,1595952223532040000,1595952223531912600,0.03639138,-0.23023060,-0.97245538,-0.04128164,0.01884385,0.97308505,-0.22967449,0.24171519,0.99915993,-0.00996663,0.03975035,-0.86428565
0,1595952223532271700,1595952223532172300,0.00680884,-0.23283708,-0.97249192,-0.01346344,0.00758260,0.97249854,-0.23278558,0.23877430,0.99994802,-0.00578901,0.00838710,-0.59266460
0,1595952223540991600,1595952223540869000,-0.18564115,-0.73290431,-0.65451401,0.42505860,0.29094762,0.59522545,-0.74903679,1.48877382,0.93855566,-0.32948133,0.10273841,0.43607175
0,1595952223541218900,1595952223541032800,0.03675797,-0.23036830,-0.97240901,-0.04128027,0.01864878,0.97305530,-0.22981647,0.24176884,0.99915016,-0.00968664,0.04006362,-0.86433786
0,1595952223541267200,1595952223541178800,0.00680892,-0.23240611,-0.97259498,-0.01344919,0.00764641,0.97260123,-0.23235406,0.23870134,0.99994755,-0.00585477,0.00839943,-0.59267688
0,1595952223549831300,1595952223549623500,-0.18563265,-0.73291582,-0.65450352,0.42505863,0.29095033,0.59521472,-0.74904424,1.48878312,0.93855649,-0.32947508,0.10275080,0.43605888
0,1595952223549986800,1595952223549903900,0.03682643,-0.23039855,-0.97239923,-0.04126120,0.01867156,0.97304809,-0.22984517,0.24176812,0.99914724,-0.00969183,0.04013579,-0.86435819
0,1595952223550189200,1595952223550067300,0.00680695,-0.23266011,-0.97253424,-0.01347184,0.00743714,0.97254169,-0.23260984,0.23878312,0.99994916,-0.00564950,0.00835036,-0.59268510
0,1595952223558918600,1595952223558822600,-0.18563986,-0.73290998,-0.65450805,0.42504090,0.29094613,0.59521997,-0.74904174,1.48878074,0.93855637,-0.32947856,0.10274076,0.43606460
0,1595952223559031300,1595952223558959300,0.03683493,-0.23041755,-0.97239441,-0.04126203,0.01859272,0.97304440,-0.22986725,0.24178982,0.99914837,-0.00961231,0.04012611,-0.86438131
0,1595952223559136700,1595952223559069900,0.00694205,-0.23256063,-0.97255707,-0.01346534,0.00738247,0.97256595,-0.23251006,0.23877954,0.99994862,-0.00556577,0.00846847,-0.59266937
0,1595952223567778500,1595952223567636700,-0.18566698,-0.73290384,-0.65450722,0.42504168,0.29094329,0.59521705,-0.74904513,1.48877931,0.93855190,-0.32949740,0.10272128,0.43605292
0,1595952223567826300,1595952223567784600,0.03681668,-0.23052023,-0.97237074,-0.04126054,0.01865555,0.97301942,-0.22996765,0.24181867,0.99914789,-0.00967346,0.04012383,-0.86437768
0,1595952223567955500,1595952223567866500,0.00684724,-0.23267791,-0.97252971,-0.01346040,0.00738227,0.97253782,-0.23262785,0.23875642,0.99994928,-0.00558661,0.00837689,-0.59264362
0,1595952223577181700,1595952223577052600,-0.18565750,-0.73290277,-0.65451109,0.42503798,0.29093149,0.59522629,-0.74904239,1.48876452,0.93855745,-0.32948321,0.10271626,0.43607295
0,1595952223577263400,1595952223577202700,0.03701397,-0.23053828,-0.97235900,-0.04132676,0.01884256,0.97301382,-0.22997625,0.24185300,0.99913704,-0.00980939,0.04035904,-0.86433852
0,1595952223577321900,1595952223577281700,0.00665902,-0.23254690,-0.97256237,-0.01345229,0.00783881,0.97256619,-0.23249415,0.23873782,0.99994707,-0.00607554,0.00829922,-0.59261012
0,1595952223585646000,1595952223585519700,-0.18565115,-0.73289424,-0.65452248,0.42502838,0.29092437,0.59524107,-0.74903339,1.48875940,0.93856090,-0.32947543,0.10270959,0.43608367
0,1595952223585689900,1595952223585640300,0.03684070,-0.23024587,-0.97243488,-0.04128385,0.01870168,0.97308391,-0.22969104,0.24181890,0.99914610,-0.00972418,0.04015508,-0.86432809
0,1595952223585767200,1595952223585699900,0.00679009,-0.23259091,-0.97255093,-0.01349217,0.00798989,0.97255492,-0.23253608,0.23874736,0.99994498,-0.00619163,0.00846211,-0.59264195
0,1595952223594845200,1595952223594716500,-0.18566817,-0.73290664,-0.65450370,0.42502227,0.29093781,0.59521532,-0.74904865,1.48873401,0.93855333,-0.32949436,0.10271771,0.43605816
0,1595952223594941800,1595952223594864300,0.03682232,-0.23045586,-0.97238582,-0.04128450,0.01880417,0.97303325,-0.22989722,0.24181509,0.99914485,-0.00981956,0.04016288,-0.86433232
0,1595952223595032200,1595952223594968100,0.00688580,-0.23284286,-0.97248995,-0.01348978,0.00769767,0.97249657,-0.23278993,0.23871779,0.99994665,-0.00588296,0.00848876,-0.59264326
0,1595952223603584500,1595952223603462600,-0.18567562,-0.73290497,-0.65450352,0.42502460,0.29095069,0.59520978,-0.74904805,1.48872888,0.93854791,-0.32950819,0.10272324,0.43605697
0,1595952223603650700,1595952223603592000,0.03687335,-0.23021652,-0.97244054,-0.04127133,0.01885652,0.97308940,-0.22965512,0.24172807,0.99914199,-0.00986868,0.04022215,-0.86434370
0,1595952223603744100,1595952223603673200,0.00703949,-0.23282552,-0.97249299,-0.01348674,0.00759234,0.97250158,-0.23277260,0.23873973,0.99994636,-0.00574489,0.00861361,-0.59265268
0,1595952223612816100,1595952223612655600,-0.18568145,-0.73291135,-0.65449470,0.42502144,0.29096437,0.59519529,-0.74905425,1.48875141,0.93854249,-0.32952011,0.10273435,0.43601477
0,1595952223612999900,1595952223612849200,0.03692016,-0.23028687,-0.97242212,-0.04124701,0.01876096,0.97307384,-0.22972889,0.24170637,0.99914205,-0.00976194,0.04024644,-0.86436760
0,1595952223613068900,1595952223612972900,0.00702998,-0.23296809,-0.97245896,-0.01346248,0.00757748,0.97246748,-0.23291534,0.23871660,0.99994653,-0.00573139,0.00860174,-0.59265256
0,1595952223621532600,1595952223621409200,-0.18564525,-0.73289829,-0.65451962,0.42501885,0.29095665,0.59522748,-0.74903166,1.48874784,0.93855202,-0.32949099,0.10274047,0.43602169
0,1595952223621724600,1595952223621568500,0.03689292,-0.23039223,-0.97239822,-0.04124135,0.01890347,0.97304744,-0.22982885,0.24170089,0.99914038,-0.00990264,0.04025377,-0.86432779
0,1595952223621829400,1595952223621704700,0.00672963,-0.23265383,-0.97253633,-0.01343191,0.00757025,0.97254235,-0.23260288,0.23867512,0.99994868,-0.00579701,0.00830610,-0.59259951
0,1595952223630790800,1595952223630658500,-0.18564488,-0.73290652,-0.65451044,0.42501509,0.29093331,0.59522641,-0.74904162,1.48876190,0.93855935,-0.32947463,0.10272619,0.43602550
0,1595952223630854600,1595952223630809900,0.03708867,-0.23051700,-0.97236121,-0.04120982,0.01882006,0.97301924,-0.22995515,0.24168944,0.99913472,-0.00977116,0.04042633,-0.86432117
0,1595952223630911000,1595952223630871300,0.00688454,-0.23300113,-0.97245204,-0.01339728,0.00754877,0.97245955,-0.23294947,0.23873186,0.99994779,-0.00573706,0.00845380,-0.59260082
0,1595952223639490500,1595952223639399900,-0.18564442,-0.73290253,-0.65451509,0.42501572,0.29095665,0.59522301,-0.74903524,1.48876309,0.93855220,-0.32948971,0.10274302,0.43602359
0,1595952223639732500,1595952223639643900,0.03698452,-0.23051436,-0.97236580,-0.04121250,0.01878861,0.97301996,-0.22995479,0.24169683,0.99913919,-0.00976462,0.04031772,-0.86430538
0,1595952223639860900,1595952223639746400,0.00703934,-0.23276882,-0.97250658,-0.01338649,0.00776195,0.97251415,-0.23271444,0.23868608,0.99994504,-0.00591039,0.00865260,-0.59263849
0,1595952223648701800,1595952223648561500,-0.18566538,-0.73289359,-0.65451914,0.42501241,0.29094255,0.59522974,-0.74903536,1.48875058,0.93855244,-0.32949740,0.10271637,0.43603957
0,1595952223648744300,1595952223648697100,0.03700541,-0.23055333,-0.97235578,-0.04122275,0.01847665,0.97301376,-0.23000616,0.24173737,0.99914420,-0.00945440,0.04026663,-0.86434287
0,1595952223648826400,1595952223648757400,0.00716229,-0.23260105,-0.97254586,-0.01337886,0.00766431,0.97255498,-0.23254679,0.23867559,0.99994493,-0.00578832,0.00874845,-0.59268427
0,1595952223657546600,1595952223657393000,-0.18566339,-0.73289603,-0.65451699,0.42492285,0.29094180,0.59522802,-0.74903697,1.48875165,0.93855309,-0.32949507,0.10271801,0.43602502
0,1595952223657710000,1595952223657595900,0.03688055,-0.23046525,-0.97238135,-0.04122883,0.01887728,0.97303045,-0.22990310,0.24173212,0.99914134,-0.00987696,0.04023645,-0.86434847
0,1595952223657831900,1595952223657736700,0.00696167,-0.23271276,-0.97252059,-0.01337034,0.00759813,0.97252840,-0.23266023,0.23871875,0.99994689,-0.00576963,0.00853860,-0.59265792
0,1595952223666655500,1595952223666513900,-0.18566003,-0.73290992,-0.65450239,0.42490920,0.29096434,0.59520555,-0.74904609,1.48867226,0.93854672,-0.32950476,0.10274474,0.43593156
0,1595952223666698900,1595952223666642000,0.03708555,-0.23034365,-0.97240239,-0.04125589,0.01882979,0.97306013,-0.22978133,0.24173999,0.99913466,-0.00978856,0.04042379,-0.86438823
0,1595952223666786900,1595952223666709000,0.00693405,-0.23292030,-0.97247106,-0.01338714,0.00791102,0.97247684,-0.23286527,0.23869562,0.99994463,-0.00607853,0.00858584,-0.59267485
0,1595952223675364600,1595952223675248100,-0.18564427,-0.73291326,-0.65450311,0.42492038,0.29099929,0.59519577,-0.74904031,1.48868501,0.93853903,-0.32951498,0.10278255,0.43588650
0,1595952223675420900,1595952223675354300,0.03721648,-0.23036523,-0.97239226,-0.04129028,0.01877678,0.97305584,-0.22980379,0.24173641,0.99913079,-0.00970590,0.04053923,-0.86440766
0,1595952223675520600,1595952223675419000,0.00696683,-0.23309021,-0.97243011,-0.01340097,0.00760400,0.97243798,-0.23303761,0.23871613,0.99994677,-0.00577081,0.00854723,-0.59266460
0,1595952223684559100,1595952223684415200,-0.18565199,-0.73291320,-0.65450102,0.42490974,0.29099143,0.59519553,-0.74904352,1.48867989,0.93853992,-0.32951558,0.10277221,0.43587601
0,1595952223684628600,1595952223684569000,0.03710121,-0.23017806,-0.97244102,-0.04127884,0.01874354,0.97310013,-0.22961894,0.24169064,0.99913567,-0.00970784,0.04041755,-0.86442053
0,1595952223684716200,1595952223684650300,0.00709658,-0.23283410,-0.97249055,-0.01342237,0.00765523,0.97249919,-0.23278031,0.23872733,0.99994546,-0.00579269,0.00868382,-0.59269261
0,1595952223693455800,1595952223693299100,-0.18565296,-0.73288029,-0.65453756,0.42497700,0.29092723,0.59525532,-0.74902099,1.48875737,0.93855965,-0.32948074,0.10270391,0.43596685
0,1595952223693563900,1595952223693458900,0.03706511,-0.23038682,-0.97239298,-0.04128212,0.01883916,0.97304976,-0.22982433,0.24170613,0.99913526,-0.00980060,0.04040649,-0.86441720
0,1595952223693662400,1595952223693572100,0.00707683,-0.23303868,-0.97244167,-0.01345146,0.00755424,0.97245079,-0.23298587,0.23874164,0.99994642,-0.00569724,0.00864230,-0.59269392
0,1595952223702589700,1595952223702497300,-0.18564431,-0.73288596,-0.65453368,0.42497236,0.29092121,0.59525442,-0.74902403,1.48875844,0.93856323,-0.32946974,0.10270646,0.43596709
0,1595952223702671300,1595952223702607900,0.03663396,-0.23024227,-0.97244352,-0.04127020,0.01855141,0.97308576,-0.22969544,0.24168563,0.99915653,-0.00962554,0.03991931,-0.86437225
0,1595952223702730600,1595952223702689600,0.00719287,-0.23282030,-0.97249317,-0.01345241,0.00750479,0.97250348,-0.23276727,0.23869634,0.99994594,-0.00562409,0.00874235,-0.59274232
0,1595952223711445200,1595952223711270900,-0.18563373,-0.73287940,-0.65454400,0.42496631,0.29091176,0.59526950,-0.74901569,1.48874784,0.93856823,-0.32945710,0.10270113,0.43597996
0,1595952223711580900,1595952223711488400,0.03696248,-0.23018116,-0.97244555,-0.04125112,0.01864018,0.97310007,-0.22962756,0.24170423,0.99914277,-0.00963895,0.04025881,-0.86444044
0,1595952223711654300,1595952223711577100,0.00715465,-0.23303105,-0.97244292,-0.01347584,0.00792868,0.97245049,-0.23297453,0.23871636,0.99994296,-0.00604333,0.00880517,-0.59275544
0,1595952223720509700,1595952223720355700,-0.18563183,-0.73285097,-0.65457636,0.42498332,0.29091480,0.59530169,-0.74898893,1.48874402,0.93856770,-0.32946211,0.10269025,0.43599355
0,1595952223720552500,1595952223720495500,0.03679954,-0.23019913,-0.97244745,-0.04127884,0.01842012,0.97309756,-0.22965595,0.24171686,0.99915284,-0.00946136,0.04004984,-0.86441416
0,1595952223720604200,1595952223720559700,0.00702690,-0.23288678,-0.97247845,-0.01350528,0.00758693,0.97248691,-0.23283398,0.23877263,0.99994648,-0.00574202,0.00860046,-0.59274745
0,1595952223729293400,1595952223729145400,-0.18562813,-0.73287481,-0.65455079,0.42498159,0.29088694,0.59528571,-0.74901247,1.48876441,0.93857706,-0.32943803,0.10268193,0.43601382
0,1595952223729374700,1595952223729305000,0.03694936,-0.23052935,-0.97236359,-0.04129928,0.01845285,0.97301954,-0.22998366,0.24175477,0.99914676,-0.00944513,0.04020637,-0.86441344
0,1595952223729470900,1595952223729405100,0.00699482,-0.23277661,-0.97250503,-0.01349384,0.00736010,0.97251451,-0.23272593,0.23876691,0.99994844,-0.00552985,0.00851583,-0.59274340
0,1595952223738471000,1595952223738352500,-0.18562736,-0.73285544,-0.65457267,0.42498070,0.29089671,0.59530479,-0.74899352,1.48876452,0.93857419,-0.32944670,0.10268036,0.43601644
0,1595952223738525800,1595952223738466600,0.03667661,-0.23044774,-0.97239321,-0.04128879,0.01860951,0.97303671,-0.22989832,0.24173260,0.99915385,-0.00966386,0.03997621,-0.86434615
0,1595952223738605900,1595952223738541100,0.00702287,-0.23271456,-0.97251970,-0.01344597,0.00746837,0.97252882,-0.23266280,0.23872900,0.99994743,-0.00562917,0.00856794,-0.59270608
0,1595952223747223300,1595952223747103700,-0.18564132,-0.73285425,-0.65456998,0.42497927,0.29091403,0.59529442,-0.74899507,1.48877716,0.93856603,-0.32946798,0.10268632,0.43599927
0,1595952223747356800,1595952223747238700,0.03691447,-0.23031643,-0.97241533,-0.04129970,0.01859113,0.97306848,-0.22976537,0.24173832,0.99914545,-0.00959663,0.04020215,-0.86438149
0,1595952223747416100,1595952223747357300,0.00706577,-0.23261219,-0.97254390,-0.01346558,0.00738620,0.97255379,-0.23256090,0.23871374,0.99994773,-0.00554018,0.00858997,-0.59271216
0,1595952223756452100,1595952223756327800,-0.18562786,-0.73284060,-0.65458918,0.42502233,0.29090503,0.59531868,-0.74897927,1.48877287,0.93857151,-0.32945469,0.10267927,0.43601930
0,1595952223756496500,1595952223756448100,0.03700291,-0.23033874,-0.97240669,-0.04133815,0.01890704,0.97306031,-0.22977409,0.24168992,0.99913627,-0.00988302,0.04036108,-0.86443639
0,1595952223756579900,1595952223756508300,0.00716029,-0.23282817,-0.97249150,-0.01347822,0.00771161,0.97250038,-0.23277351,0.23871708,0.99994463,-0.00583274,0.00875886,-0.59274018
0,1595952223765258300,1595952223765079400,-0.18563782,-0.73284692,-0.65457928,0.42502448,0.29089481,0.59531099,-0.74898928,1.48878527,0.93857270,-0.32945442,0.10266911,0.43602812
0,1595952223765343700,1595952223765266600,0.03700350,-0.23007891,-0.97246820,-0.04138672,0.01882894,0.97312248,-0.22951724,0.24167037,0.99913770,-0.00981760,0.04034108,-0.86448067
0,1595952223765450500,1595952223765358100,0.00721366,-0.23306115,-0.97243530,-0.01349843,0.00761854,0.97244519,-0.23300700,0.23870277,0.99994493,-0.00572769,0.00879048,-0.59274805
0,1595952223774342600,1595952223774207000,-0.18563208,-0.73284888,-0.65457863,0.42502305,0.29088563,0.59531426,-0.74899030,1.48878336,0.93857670,-0.32944411,0.10266577,0.43603647
0,1595952223774418500,1595952223774375600,0.03690972,-0.23015542,-0.97245365,-0.04140103,0.01850797,0.97310728,-0.22960764,0.24170160,0.99914718,-0.00952338,0.04017682,-0.86449403
0,1595952223774506100,1595952223774440100,0.00693231,-0.23264435,-0.97253716,-0.01347709,0.00738954,0.97254592,-0.23259377,0.23865724,0.99994862,-0.00557418,0.00846112,-0.59276259
0,1595952223783276400,1595952223783078700,-0.18560973,-0.73286104,-0.65457135,0.42502409,0.29087377,0.59531349,-0.74899554,1.48878241,0.93858474,-0.32941848,0.10267406,0.43603837
0,1595952223783338900,1595952223783246000,0.03677310,-0.23017979,-0.97245306,-0.04142332,0.01857676,0.97310054,-0.22963057,0.24172688,0.99915093,-0.00962080,0.04005992,-0.86448807
0,1595952223783386300,1595952223783344600,0.00701137,-0.23259914,-0.97254741,-0.01347011,0.00730554,0.97255731,-0.23254883,0.23866701,0.99994868,-0.00547449,0.00851822,-0.59275770
0,1595952223792527800,1595952223792307300,-0.18558952,-0.73285472,-0.65458417,0.42500064,0.29088435,0.59532511,-0.74898219,1.48877907,0.93858546,-0.32941151,0.10268985,0.43604791
0,1595952223792615900,1595952223792546900,0.03696152,-0.22997901,-0.97249341,-0.04139990,0.01864020,0.97314775,-0.22942528,0.24168062,0.99914283,-0.00964756,0.04025588,-0.86450672
0,1595952223792671100,1595952223792626300,0.00684808,-0.23277976,-0.97250533,-0.01346958,0.00748943,0.97251284,-0.23272881,0.23867965,0.99994850,-0.00568976,0.00840324,-0.59273958
0,1595952223801107400,1595952223800997500,-0.18560024,-0.73285317,-0.65458286,0.42500654,0.29090822,0.59531420,-0.74898154,1.48875737,0.93857598,-0.32943466,0.10270254,0.43602240
0,1595952223801281300,1595952223801127100,0.03677245,-0.23013210,-0.97246438,-0.04136425,0.01822494,0.97311515,-0.22959694,0.24170184,0.99915743,-0.00928025,0.03997797,-0.86442655
0,1595952223801374000,1595952223801289700,0.00711363,-0.23287731,-0.97248006,-0.01348382,0.00735811,0.97249055,-0.23282599,0.23871017,0.99994761,-0.00549937,0.00863148,-0.59275663
0,1595952223810332200,1595952223810182000,-0.18560043,-0.73285604,-0.65457964,0.42500684,0.29090637,0.59531152,-0.74898440,1.48875260,0.93857652,-0.32943320,0.10270239,0.43602693
0,1595952223810490900,1595952223810364600,0.03672975,-0.23027991,-0.97243100,-0.04137141,0.01864131,0.97307616,-0.22972859,0.24172306,0.99915135,-0.00968950,0.04003356,-0.86441380
0,1595952223810567200,1595952223810497800,0.00701591,-0.23283853,-0.97249007,-0.01348007,0.00757516,0.97249854,-0.23278588,0.23871040,0.99994665,-0.00573355,0.00858675,-0.59275103
0,1595952223819046400,1595952223818949200,-0.18558037,-0.73284447,-0.65459824,0.42501867,0.29094863,0.59531790,-0.74896288,1.48877406,0.93856734,-0.32944727,0.10274077,0.43600214
0,1595952223819157000,1595952223819075000,0.03705625,-0.23023316,-0.97242969,-0.04137045,0.01862814,0.97308809,-0.22967918,0.24168086,0.99913955,-0.00960350,0.04034781,-0.86441290
0,1595952223819238900,1595952223819184500,0.00698864,-0.23262775,-0.97254074,-0.01348287,0.00767393,0.97254831,-0.23257442,0.23864460,0.99994612,-0.00583783,0.00858196,-0.59272647
0,1595952223828247500,1595952223828113500,-0.18558179,-0.73286319,-0.65457690,0.42501950,0.29093882,0.59529942,-0.74898142,1.48877239,0.93857014,-0.32943913,0.10274161,0.43599832
0,1595952223828341800,1595952223828250900,0.03670225,-0.23035714,-0.97241372,-0.04133409,0.01889784,0.97305536,-0.22979587,0.24170446,0.99914753,-0.00994249,0.04006657,-0.86438757
0,1595952223828382000,1595952223828333600,0.00675909,-0.23288518,-0.97248071,-0.01345372,0.00762645,0.97248667,-0.23283359,0.23865461,0.99994802,-0.00584283,0.00834922,-0.59269249
0,1595952223837158700,1595952223836952700,-0.18558988,-0.73286355,-0.65457422,0.42501593,0.29094380,0.59529400,-0.74898380,1.48876858,0.93856698,-0.32944810,0.10274155,0.43600619
0,1595952223837332900,1595952223837222600,0.03675640,-0.23020224,-0.97244841,-0.04133183,0.01847166,0.97309625,-0.22965741,0.24164939,0.99915349,-0.00952135,0.04001974,-0.86439389
0,1595952223837442000,1595952223837352400,0.00715722,-0.23286140,-0.97248358,-0.01345450,0.00746317,0.97249383,-0.23280893,0.23863649,0.99994653,-0.00559154,0.00869824,-0.59274852
0,1595952223846291900,1595952223846134800,-0.18557864,-0.73286384,-0.65457702,0.42501473,0.29093707,0.59530056,-0.74898124,1.48876393,0.93857127,-0.32943562,0.10274218,0.43600833
0,1595952223846429500,1595952223846335900,0.03680463,-0.23039061,-0.97240192,-0.04131430,0.01869053,0.97304970,-0.22983666,0.24170780,0.99914765,-0.00971565,0.04011885,-0.86441010
0,1595952223846464400,1595952223846419100,0.00725452,-0.23250963,-0.97256702,-0.01345271,0.00749317,0.97257799,-0.23245634,0.23862767,0.99994558,-0.00560125,0.00879782,-0.59275317
0,1595952223855054600,1595952223854874200,-0.18555388,-0.73287207,-0.65457487,0.42501900,0.29093531,0.59530169,-0.74898100,1.48875821,0.93857676,-0.32941523,0.10275780,0.43601668
0,1595952223855116900,1595952223855039500,0.03679909,-0.23036918,-0.97240722,-0.04129148,0.01841885,0.97305739,-0.22982617,0.24167514,0.99915290,-0.00945322,0.04005076,-0.86437052
0,1595952223855228500,1595952223855118600,0.00702540,-0.23281759,-0.97249502,-0.01345026,0.00757953,0.97250348,-0.23276487,0.23864341,0.99994659,-0.00573578,0.00859688,-0.59270835
0,1595952223864239700,1595952223864124600,-0.18557948,-0.73286647,-0.65457392,0.42501915,0.29093087,0.59529942,-0.74898452,1.48876476,0.93857306,-0.32943189,0.10273810,0.43601620
0,1595952223864300100,1595952223864233700,0.03677859,-0.23063579,-0.97234482,-0.04123050,0.01871449,0.97299147,-0.23008130,0.24165630,0.99914819,-0.00973487,0.04010149,-0.86434430
0,1595952223864344400,1595952223864298400,0.00715271,-0.23299009,-0.97245276,-0.01342392,0.00753069,0.97246265,-0.23293707,0.23870087,0.99994606,-0.00565710,0.00871031,-0.59271204
0,1595952223872914700,1595952223872802800,-0.18556859,-0.73287570,-0.65456665,0.42502874,0.29093343,0.59529233,-0.74898916,1.48876333,0.93857443,-0.32942414,0.10275046,0.43601882
0,1595952223873044000,1595952223872942600,0.03698763,-0.23074594,-0.97231072,-0.04124254,0.01866256,0.97296637,-0.23019159,0.24170351,0.99914140,-0.00963156,0.04029403,-0.86435193
0,1595952223873224700,1595952223873081600,0.00708532,-0.23275332,-0.97250998,-0.01342207,0.00756350,0.97251904,-0.23270039,0.23868918,0.99994630,-0.00570681,0.00865104,-0.59269810
0,1595952223882456000,1595952223882255400,-0.18557222,-0.73286980,-0.65457219,0.42503273,0.29092506,0.59530056,-0.74898589,1.48876977,0.93857628,-0.32942241,0.10273892,0.43600571
0,1595952223882701100,1595952223882494500,0.03667298,-0.23052511,-0.97237504,-0.04121119,0.01857199,0.97301877,-0.22997727,0.24165440,0.99915469,-0.00962498,0.03996481,-0.86433232
0,1595952223882821500,1595952223882656000,0.00721260,-0.23281609,-0.97249401,-0.01337433,0.00771326,0.97250336,-0.23276111,0.23867106,0.99994421,-0.00582228,0.00881005,-0.59273064
0,1595952223891829800,1595952223891708600,-0.18556319,-0.73285908,-0.65458679,0.42505834,0.29092744,0.59531558,-0.74897295,1.48876619,0.93857735,-0.32941905,0.10274012,0.43601906
0,1595952223892238800,1595952223892124400,0.03694430,-0.23052365,-0.97236514,-0.04122984,0.01877192,0.97301781,-0.22996515,0.24165344,0.99914098,-0.00975725,0.04027483,-0.86437154
0,1595952223892372300,1595952223892292300,0.00694141,-0.23300308,-0.97245121,-0.01338613,0.00767340,0.97245842,-0.23295003,0.23872066,0.99994642,-0.00584500,0.00853816,-0.59269416
0,1595952223900851000,1595952223900689100,-0.18557063,-0.73287755,-0.65456402,0.42506537,0.29091731,0.59529501,-0.74899328,1.48877478,0.93857902,-0.32941511,0.10273746,0.43601954
0,1595952223900941100,1595952223900874800,0.03674391,-0.23062789,-0.97234797,-0.04125118,0.01884685,0.97299194,-0.23006843,0.24166703,0.99914694,-0.00987208,0.04009813,-0.86437386
0,1595952223901058500,1595952223900971200,0.00705225,-0.23265572,-0.97253358,-0.01339400,0.00749775,0.97254276,-0.23260355,0.23869348,0.99994701,-0.00565143,0.00860301,-0.59267509
0,1595952223910045300,1595952223909905800,-0.18557090,-0.73286629,-0.65457654,0.42505667,0.29090345,0.59531265,-0.74898463,1.48877156,0.93858325,-0.32940829,0.10272061,0.43603098
0,1595952223910173500,1595952223910091000,0.03698588,-0.23048487,-0.97237271,-0.04126006,0.01865929,0.97302818,-0.22993049,0.24168444,0.99914157,-0.00963960,0.04028899,-0.86437982
0,1595952223910295300,1595952223910201200,0.00691097,-0.23282719,-0.97249353,-0.01343358,0.00758637,0.97250104,-0.23277505,0.23873639,0.99994731,-0.00576899,0.00848724,-0.59265852
0,1595952223918754600,1595952223918640800,-0.18558019,-0.73286939,-0.65457040,0.42504621,0.29093069,0.59529585,-0.74898744,1.48876548,0.93857294,-0.32943183,0.10273906,0.43603671
0,1595952223918905600,1595952223918785000,0.03714958,-0.23029718,-0.97241098,-0.04125953,0.01876312,0.97307187,-0.22973688,0.24168944,0.99913353,-0.00971083,0.04047030,-0.86443090
0,1595952223919016100,1595952223918915300,0.00694093,-0.23252124,-0.97256655,-0.01344657,0.00776129,0.97257322,-0.23246743,0.23877525,0.99994576,-0.00593482,0.00855522,-0.59270442
0,1595952223928190000,1595952223928042300,-0.18559712,-0.73286921,-0.65456581,0.42504585,0.29092601,0.59529084,-0.74899322,1.48877692,0.93857110,-0.32944116,0.10272643,0.43603742
0,1595952223928233500,1595952223928187700,0.03681129,-0.23034431,-0.97241265,-0.04129767,0.01882134,0.97305942,-0.22978501,0.24167180,0.99914497,-0.00984342,0.04015496,-0.86440390
0,1595952223928317500,1595952223928247900,0.00720800,-0.23281802,-0.97249359,-0.01346242,0.00761665,0.97250342,-0.23276393,0.23877621,0.99994498,-0.00572937,0.00878310,-0.59271300
0,1595952223936744200,1595952223936605100,-0.18559721,-0.73287398,-0.65456045,0.42504281,0.29092211,0.59528673,-0.74899799,1.48877788,0.93857229,-0.32943800,0.10272568,0.43604147
0,1595952223936822200,1595952223936768300,0.03682047,-0.23027426,-0.97242892,-0.04127914,0.01861786,0.97307795,-0.22972301,0.24166417,0.99914843,-0.00964603,0.04011640,-0.86439741
0,1595952223936967100,1595952223936836800,0.00707041,-0.23275909,-0.97250867,-0.01349437,0.00755081,0.97251773,-0.23270635,0.23877668,0.99994648,-0.00569789,0.00863362,-0.59270692
0,1595952223945960700,1595952223945786800,-0.18560490,-0.73287034,-0.65456229,0.42504159,0.29091910,0.59528881,-0.74899751,1.48879063,0.93857169,-0.32944226,0.10271746,0.43602240
0,1595952223946131700,1595952223945984400,0.03666044,-0.23030411,-0.97242790,-0.04126996,0.01835311,0.97307307,-0.22976500,0.24166775,0.99915922,-0.00942378,0.03990008,-0.86435580
0,1595952223946195600,1595952223946137100,0.00705536,-0.23300064,-0.97245097,-0.01348722,0.00753648,0.97245997,-0.23294811,0.23876739,0.99994671,-0.00568532,0.00861706,-0.59271073
0,1595952223954750400,1595952223954636900,-0.18558601,-0.73286474,-0.65457398,0.42503834,0.29092789,0.59529978,-0.74898541,1.48879051,0.93857270,-0.32943499,0.10273147,0.43602765
0,1595952223954815100,1595952223954743800,0.03701472,-0.23051850,-0.97236365,-0.04127318,0.01868859,0.97302002,-0.22996268,0.24171329,0.99913990,-0.00966009,0.04032413,-0.86440802
0,1595952223954844800,1595952223954807300,0.00704554,-0.23278236,-0.97250330,-0.01344007,0.00757349,0.97251201,-0.23272957,0.23869157,0.99994648,-0.00572554,0.00861485,-0.59270740
0,1595952223964091800,1595952223963882900,-0.18559659,-0.73288089,-0.65455288,0.42503664,0.29090324,0.59528571,-0.74900615,1.48877811,0.93857825,-0.32942453,0.10271441,0.43600357
0,1595952223964155400,1595952223964075900,0.03675583,-0.23043916,-0.97239226,-0.04132098,0.01864709,0.97303855,-0.22988746,0.24172187,0.99915028,-0.00968258,0.04006186,-0.86440653
0,1595952223964236000,1595952223964160500,0.00695474,-0.23289783,-0.97247630,-0.01345670,0.00766454,0.97248369,-0.23284478,0.23869753,0.99994642,-0.00583420,0.00854842,-0.59269643
0,1595952223972936000,1595952223972646600,-0.18560509,-0.73287767,-0.65455407,0.42503440,0.29091826,0.59528065,-0.74900430,1.48877549,0.93857187,-0.32944071,0.10272036,0.43600285
0,1595952223972982500,1595952223972923600,0.03692923,-0.23017296,-0.97244877,-0.04129201,0.01866485,0.97310168,-0.22961868,0.24169970,0.99914354,-0.00967096,0.04023204,-0.86441720
0,1595952223973065500,1595952223973006800,0.00717970,-0.23275484,-0.97250891,-0.01346302,0.00774996,0.97251773,-0.23269974,0.23869324,0.99994415,-0.00586618,0.00878623,-0.59271824
0,1595952223982264200,1595952223982090100,-0.18560968,-0.73288447,-0.65454519,0.42503339,0.29092032,0.59527040,-0.74901170,1.48876882,0.93857032,-0.32944429,0.10272302,0.43600905
0,1595952223982312200,1595952223982263100,0.03681841,-0.23043194,-0.97239161,-0.04127657,0.01860878,0.97304076,-0.22988117,0.24174953,0.99914867,-0.00963115,0.04011387,-0.86445040
0,1595952223982398100,1595952223982328600,0.00696518,-0.23270899,-0.97252142,-0.01345044,0.00724943,0.97253126,-0.23265941,0.23868036,0.99994946,-0.00542971,0.00846086,-0.59265375
0,1595952223991704000,1595952223991523900,-0.18560013,-0.73287272,-0.65456104,0.42502934,0.29090625,0.59529257,-0.74899954,1.48876691,0.93857658,-0.32943028,0.10271086,0.43601358
0,1595952223991951300,1595952223991860800,0.03702827,-0.23065780,-0.97233009,-0.04124224,0.01852770,0.97298861,-0.23010844,0.24174190,0.99914241,-0.00949451,0.04030164,-0.86446387
0,1595952223992020100,1595952223991957600,0.00704615,-0.23287919,-0.97248012,-0.01345211,0.00764684,0.97248840,-0.23282577,0.23871088,0.99994594,-0.00579587,0.00863309,-0.59267604
0,1595952224000612100,1595952224000465600,-0.18560041,-0.73287904,-0.65455389,0.42502904,0.29089114,0.59529054,-0.74900699,1.48877656,0.93858123,-0.32941991,0.10270182,0.43601143
0,1595952224000673100,1595952224000625800,0.03692666,-0.23046567,-0.97237951,-0.04124701,0.01882472,0.97303092,-0.22990517,0.24172950,0.99914062,-0.00981514,0.04026923,-0.86446017
0,1595952224000775700,1595952224000690500,0.00674848,-0.23287453,-0.97248334,-0.01345038,0.00754947,0.97248966,-0.23282364,0.23870134,0.99994868,-0.00577052,0.00832091,-0.59264135
0,1595952224009737800,1595952224009605200,-0.18558410,-0.73288757,-0.65454894,0.42502633,0.29089606,0.59528559,-0.74900901,1.48877382,0.93858290,-0.32940987,0.10271855,0.43600929
0,1595952224009781800,1595952224009727500,0.03673750,-0.23039961,-0.97240233,-0.04125172,0.01858209,0.97304851,-0.22985066,0.24173284,0.99915212,-0.00962512,0.04002868,-0.86444283
0,1595952224009900900,1595952224009805900,0.00678485,-0.23287036,-0.97248411,-0.01348037,0.00785593,0.97248888,-0.23281670,0.23873615,0.99994612,-0.00606013,0.00842761,-0.59269488
0,1595952224018574800,1595952224018455300,-0.18556161,-0.73288143,-0.65456223,0.42503265,0.29087788,0.59530807,-0.74899822,1.48875344,0.93859303,-0.32938296,0.10271266,0.43603957
0,1595952224018624100,1595952224018575800,0.03686050,-0.23051780,-0.97236967,-0.04127944,0.01847861,0.97302181,-0.22997192,0.24177790,0.99914956,-0.00949115,0.04012572,-0.86445159
0,1595952224018718500,1595952224018648200,0.00685650,-0.23266140,-0.97253358,-0.01348615,0.00760539,0.97254050,-0.23260942,0.23871207,0.99994755,-0.00580160,0.00843771,-0.59271121
0,1595952224027698000,1595952224027566500,-0.18558726,-0.73289514,-0.65453959,0.42502925,0.29087389,0.59528345,-0.74901932,1.48873186,0.93858916,-0.32939690,0.10270301,0.43601048
0,1595952224027755300,1595952224027702000,0.03708971,-0.23041193,-0.97238606,-0.04130256,0.01844255,0.97304773,-0.22986525,0.24175119,0.99914169,-0.00940764,0.04033944,-0.86448085
0,1595952224027836400,1595952224027771100,0.00711685,-0.23277211,-0.97250521,-0.01352215,0.00748267,0.97251505,-0.23271970,0.23873353,0.99994665,-0.00562070,0.00866300,-0.59273505
0,1595952224036551000,1595952224036381000,-0.18558061,-0.73288924,-0.65454805,0.42502451,0.29088616,0.59528857,-0.74901050,1.48872781,0.93858671,-0.32940078,0.10271329,0.43600929
0,1595952224036733500,1595952224036638300,0.03678994,-0.23046581,-0.97238469,-0.04133093,0.01873875,0.97303146,-0.22991012,0.24178910,0.99914730,-0.00976289,0.04011640,-0.86443096
0,1595952224036788900,1595952224036710300,0.00686637,-0.23254006,-0.97256255,-0.01350248,0.00761946,0.97256947,-0.23248790,0.23869467,0.99994737,-0.00581405,0.00844985,-0.59268928
0,1595952224045635800,1595952224045510200,-0.18558359,-0.73288500,-0.65455192,0.42502090,0.29090741,0.59528476,-0.74900532,1.48874235,0.93857950,-0.32941708,0.10272659,0.43598306
0,1595952224045726300,1595952224045644200,0.03669352,-0.23034795,-0.97241622,-0.04137313,0.01871682,0.97305930,-0.22979400,0.24174857,0.99915123,-0.00976858,0.04001635,-0.86439580
0,1595952224045758500,1595952224045712800,0.00684384,-0.23273796,-0.97251540,-0.01352203,0.00771110,0.97252154,-0.23268516,0.23867464,0.99994683,-0.00590670,0.00845044,-0.59269738
0,1595952224054442400,1595952224054306000,-0.18556938,-0.73287553,-0.65456659,0.42502603,0.29090601,0.59530181,-0.74899226,1.48874044,0.93858278,-0.32940736,0.10272810,0.43598878
0,1595952224054485900,1595952224054431600,0.03693583,-0.23036008,-0.97240418,-0.04134583,0.01872221,0.97305691,-0.22980355,0.24170446,0.99914223,-0.00971756,0.04025351,-0.86440235
0,1595952224054585600,1595952224054493200,0.00703936,-0.23272449,-0.97251719,-0.01350749,0.00784513,0.97252423,-0.23266938,0.23863792,0.99994445,-0.00599167,0.00867170,-0.59270871
0,1595952224063600200,1595952224063422000,-0.18558194,-0.73288792,-0.65454918,0.42502388,0.29088962,0.59528834,-0.74900931,1.48874974,0.93858534,-0.32940415,0.10271470,0.43598378
0,1595952224063707800,1595952224063635700,0.03682765,-0.23036078,-0.97240812,-0.04140311,0.01903298,0.97305346,-0.22979280,0.24172258,0.99914032,-0.01004509,0.04021973,-0.86443281
0,1595952224063811800,1595952224063750100,0.00693326,-0.23276418,-0.97250849,-0.01356471,0.00792670,0.97251409,-0.23270902,0.23868775,0.99994451,-0.00609534,0.00858775,-0.59272587
