3,1598294694254044600,1598294694253992900,0.02755857,-0.04532521,0.99859214,-0.77527481,0.04882263,0.99784034,0.04394371,1.91542804,-0.99842727,0.04754288,0.02971190,-1.02488422
3,1598294694263641800,1598294694263571900,0.02759722,-0.04490554,0.99861002,-0.77539784,0.04879366,0.99786013,0.04352338,1.91538429,-0.99842763,0.04752471,0.02972928,-1.02241766
3,1598294694272496400,1598294694272452600,0.02731058,-0.04529154,0.99860048,-0.77541918,0.04882867,0.99784100,0.04392168,1.91533935,-0.99843377,0.04756080,0.02946314,-1.02024615
3,1598294694281718500,1598294694281653100,0.02706960,-0.04494583,0.99862266,-0.77534902,0.04965555,0.99781591,0.04356351,1.91544044,-0.99839950,0.04840791,0.02924228,-1.01786971
3,1598294694290454900,1598294694290385500,0.02745911,-0.04505916,0.99860692,-0.77533430,0.04952404,0.99781811,0.04366178,1.91531539,-0.99839550,0.04825614,0.02963072,-1.01534760
3,1598294694299840300,1598294694299772700,0.02709043,-0.04502437,0.99861860,-0.77549565,0.04952437,0.99781883,0.04364482,1.91540718,-0.99840558,0.04827360,0.02926117,-1.01267493
3,1598294694308836400,1598294694308770500,0.02695203,-0.04503514,0.99862182,-0.77559924,0.04966862,0.99781108,0.04365807,1.91535354,-0.99840212,0.04842350,0.02912986,-1.01064777
3,1598294694317748600,1598294694317690100,0.02699491,-0.04492749,0.99862552,-0.77607948,0.05014103,0.99779290,0.04353461,1.91534901,-0.99837726,0.04889689,0.02918801,-1.00844038
3,1598294694326683200,1598294694326649900,0.02699852,-0.04497226,0.99862337,-0.77641523,0.05024640,0.99778575,0.04357608,1.91529441,-0.99837190,0.04900074,0.02919844,-1.00575888
3,1598294694335742000,1598294694335680000,0.02691901,-0.04492746,0.99862760,-0.77652025,0.05019587,0.99779004,0.04353670,1.91503453,-0.99837661,0.04895501,0.02911466,-1.00366974
3,1598294694344694400,1598294694344619200,0.02712858,-0.04472067,0.99863112,-0.77652425,0.05016631,0.99780089,0.04332068,1.91506088,-0.99837244,0.04892242,0.02931243,-1.00131595
3,1598294694353738400,1598294694353589800,0.02668485,-0.04457601,0.99864960,-0.77691448,0.05057424,0.99778616,0.04318608,1.91503739,-0.99836379,0.04935353,0.02888018,-0.99889624
3,1598294694362589600,1598294694362537900,0.02710104,-0.04476624,0.99862993,-0.77730620,0.05057169,0.99777895,0.04335567,1.91508675,-0.99835271,0.04932741,0.02930471,-0.99667954
3,1598294694371678000,1598294694371591400,0.02695933,-0.04431657,0.99865377,-0.77659547,0.05054390,0.99779940,0.04291419,1.91500437,-0.99835795,0.04931891,0.02913997,-0.99431777
3,1598294694380490000,1598294694380447800,0.02688640,-0.04466878,0.99864006,-0.77686906,0.05089966,0.99776644,0.04325932,1.91484523,-0.99834186,0.04966735,0.02909997,-0.99224019
3,1598294694389797900,1598294694389727500,0.02655265,-0.04437664,0.99866199,-0.77693355,0.05091155,0.99777776,0.04298370,1.91477323,-0.99835020,0.04970210,0.02875292,-0.99020636
3,1598294694398516400,1598294694398459900,0.02718666,-0.04496831,0.99861842,-0.77733362,0.05086906,0.99775559,0.04354458,1.91474867,-0.99833530,0.04961495,0.02941313,-0.98818910
3,1598294694407682900,1598294694407595300,0.02610207,-0.04468037,0.99866033,-0.77682626,0.05086261,0.99776608,0.04331096,1.91478443,-0.99836457,0.04966396,0.02831629,-0.98558724
3,1598294694416458500,1598294694416416200,0.02702111,-0.04370315,0.99867910,-0.77709985,0.05158542,0.99777371,0.04226778,1.91478777,-0.99830300,0.05037516,0.02921543,-0.98375189
3,1598294694425550800,1598294694425458200,0.02658632,-0.04458774,0.99865174,-0.77736717,0.05130134,0.99774921,0.04318169,1.91450179,-0.99832934,0.05008413,0.02881387,-0.98124480
3,1598294694434406300,1598294694434376500,0.02682421,-0.04432169,0.99865723,-0.77751708,0.05134929,0.99775881,0.04290256,1.91459191,-0.99832052,0.05012951,0.02904001,-0.97928774
3,1598294694443826800,1598294694443740400,0.02668074,-0.04395008,0.99867743,-0.77727866,0.05132768,0.99777550,0.04253911,1.91428113,-0.99832547,0.05012482,0.02887726,-0.97677040
3,1598294694452543400,1598294694452316500,0.02654594,-0.04443489,0.99865955,-0.77766287,0.05178089,0.99773157,0.04301718,1.91437578,-0.99830562,0.05056955,0.02878663,-0.97452509
3,1598294694461444400,1598294694461364800,0.02636853,-0.04453931,0.99865961,-0.77754045,0.05177983,0.99772674,0.04313052,1.91440630,-0.99831039,0.05057314,0.02861479,-0.97227025
3,1598294694470376600,1598294694470284400,0.02648091,-0.04376445,0.99869096,-0.77777421,0.05185232,0.99775642,0.04234860,1.91454387,-0.99830365,0.05066301,0.02869081,-0.97065043
3,1598294694479430100,1598294694479341300,0.02618524,-0.04464139,0.99865991,-0.77738416,0.05203968,0.99770868,0.04323437,1.91455245,-0.99830174,0.05083784,0.02844834,-0.96823859
3,1598294694488263000,1598294694488166300,0.02652970,-0.04394713,0.99868166,-0.77758729,0.05227767,0.99772710,0.04251639,1.91450179,-0.99828017,0.05108080,0.02876684,-0.96569812
3,1598294694497505000,1598294694497242500,0.02638039,-0.04440376,0.99866533,-0.77778447,0.05221730,0.99771035,0.04298194,1.91439605,-0.99828726,0.05101373,0.02863866,-0.96365881
3,1598294694506236000,1598294694506191900,0.02636099,-0.04396473,0.99868530,-0.77792954,0.05226100,0.99772686,0.04254307,1.91436493,-0.99828553,0.05107081,0.02859873,-0.96147895
3,1598294694515270700,1598294694515241300,0.02609634,-0.04444450,0.99867105,-0.77775300,0.05261103,0.99768776,0.04302596,1.91447616,-0.99827409,0.05141830,0.02837428,-0.95899582
3,1598294694524148000,1598294694524086800,0.02609438,-0.04407678,0.99868739,-0.77783406,0.05261686,0.99770319,0.04265853,1.91428840,-0.99827385,0.05143464,0.02835366,-0.95657790
3,1598294694533339900,1598294694533267700,0.02610609,-0.04404549,0.99868846,-0.77850467,0.05245800,0.99771273,0.04263119,1.91434801,-0.99828190,0.05127627,0.02835691,-0.95446408
3,1598294694542120300,1598294694542077100,0.02623984,-0.04441078,0.99866873,-0.77834594,0.05237291,0.99770176,0.04299169,1.91423821,-0.99828279,0.05117509,0.02850547,-0.95250618
3,1598294694551117300,1598294694551056300,0.02598262,-0.04373332,0.99870539,-0.77834249,0.05288055,0.99770397,0.04231371,1.91438210,-0.99826282,0.05171267,0.02823558,-0.95037913
3,1598294694560008400,1598294694559956800,0.02622801,-0.04458512,0.99866128,-0.77844071,0.05281771,0.99767131,0.04315376,1.91426015,-0.99825972,0.05161516,0.02852181,-0.94820392
3,1598294694569161400,1598294694569087000,0.02622128,-0.04404166,0.99868554,-0.77865648,0.05284292,0.99769330,0.04261047,1.91422939,-0.99825859,0.05165616,0.02848810,-0.94596231
3,1598294694578025700,1598294694577949000,0.02560842,-0.04436247,0.99868727,-0.77826059,0.05267077,0.99768710,0.04296745,1.91416478,-0.99828362,0.05150130,0.02788579,-0.94370735
3,1598294694587180700,1598294694587076200,0.02605426,-0.04365597,0.99870688,-0.77821320,0.05323128,0.99768919,0.04222278,1.91440713,-0.99824232,0.05206236,0.02831793,-0.94146466
3,1598294694595935300,1598294694595884400,0.02573770,-0.04426083,0.99868846,-0.77839231,0.05299398,0.99767506,0.04285018,1.91422391,-0.99826318,0.05182161,0.02802345,-0.93905294
3,1598294694605362700,1598294694605196500,0.02601576,-0.04410318,0.99868828,-0.77842820,0.05312461,0.99767560,0.04267456,1.91423452,-0.99824905,0.05194471,0.02829826,-0.93685496
3,1598294694613962200,1598294694613921100,0.02584794,-0.04438986,0.99867994,-0.77847230,0.05317841,0.99766016,0.04296817,1.91416430,-0.99825048,0.05199757,0.02814806,-0.93465388
3,1598294694623225000,1598294694623006700,0.02614203,-0.04402765,0.99868828,-0.77835500,0.05341240,0.99766409,0.04258435,1.91401124,-0.99823040,0.05222910,0.02843261,-0.93230379
3,1598294694631882500,1598294694631826000,0.02618062,-0.04445640,0.99866831,-0.77848566,0.05332014,0.99765062,0.04301329,1.91392636,-0.99823427,0.05212302,0.02848956,-0.92984009
3,1598294694640940300,1598294694640912500,0.02586135,-0.04416243,0.99868965,-0.77852178,0.05335446,0.99766076,0.04273530,1.91394901,-0.99824071,0.05217936,0.02815711,-0.92761838
3,1598294694649794600,1598294694649747000,0.02612191,-0.04377588,0.99869984,-0.77886349,0.05372084,0.99765861,0.04232512,1.91393590,-0.99821430,0.05254539,0.02841246,-0.92542827
3,1598294694658915600,1598294694658798200,0.02617472,-0.04457575,0.99866313,-0.77873665,0.05354800,0.99763358,0.04312632,1.91369939,-0.99822223,0.05234760,0.02849972,-0.92272890
3,1598294694667871600,1598294694667779400,0.02616158,-0.04450427,0.99866664,-0.77889419,0.05350030,0.99763912,0.04305696,1.91372180,-0.99822509,0.05230252,0.02848080,-0.92044389
3,1598294694676793300,1598294694676749300,0.02611533,-0.04444861,0.99867034,-0.77878237,0.05351694,0.99764055,0.04300331,1.91370952,-0.99822545,0.05232273,0.02843246,-0.91827106
3,1598294694685692400,1598294694685645300,0.02618769,-0.04452402,0.99866509,-0.77881086,0.05382775,0.99762112,0.04306597,1.91376519,-0.99820685,0.05262810,0.02852201,-0.91615236
3,1598294694694908200,1598294694694828400,0.02624118,-0.04418541,0.99867868,-0.77858233,0.05376187,0.99763924,0.04272678,1.91362321,-0.99820900,0.05256964,0.02855471,-0.91369367
3,1598294694703629300,1598294694703576300,0.02592361,-0.04468765,0.99866468,-0.77850735,0.05357911,0.99762654,0.04325037,1.91361141,-0.99822712,0.05238636,0.02825639,-0.91131592
3,1598294694713007600,1598294694712943300,0.02614731,-0.04432102,0.99867517,-0.77880555,0.05373110,0.99763483,0.04286806,1.91369033,-0.99821311,0.05253903,0.02846694,-0.90902603
3,1598294694721634800,1598294694721585800,0.02587801,-0.04447935,0.99867517,-0.77900410,0.05382727,0.99762237,0.04303766,1.91355538,-0.99821496,0.05264223,0.02821067,-0.90658152
3,1598294694730752300,1598294694730652200,0.02622774,-0.04433814,0.99867231,-0.77899396,0.05371201,0.99763530,0.04288148,1.91353703,-0.99821204,0.05251601,0.02854720,-0.90449762
3,1598294694739583900,1598294694739548500,0.02570558,-0.04478871,0.99866575,-0.77909595,0.05371682,0.99761438,0.04335889,1.91358042,-0.99822533,0.05253059,0.02805012,-0.90207732
3,1598294694748820700,1598294694748663400,0.02621242,-0.04434825,0.99867225,-0.77906454,0.05394327,0.99762267,0.04288577,1.91344309,-0.99819994,0.05274751,0.02854237,-0.90011501
3,1598294694757715400,1598294694757596800,0.02623847,-0.04475521,0.99865347,-0.77906185,0.05380948,0.99761218,0.04329476,1.91329432,-0.99820650,0.05260104,0.02858403,-0.89764702
3,1598294694766702400,1598294694766616600,0.02625883,-0.04412117,0.99868113,-0.77905011,0.05382694,0.99763858,0.04265981,1.91333795,-0.99820501,0.05263575,0.02857172,-0.89532471
3,1598294694775467700,1598294694775399400,0.02563694,-0.04453912,0.99867868,-0.77922708,0.05369557,0.99762619,0.04311377,1.91323233,-0.99822825,0.05251932,0.02796763,-0.89304137
3,1598294694784567000,1598294694784529300,0.02609056,-0.04435166,0.99867535,-0.77930385,0.05400409,0.99761897,0.04289388,1.91322339,-0.99819988,0.05281342,0.02842358,-0.89085901
3,1598294694793491500,1598294694793392600,0.02580404,-0.04408672,0.99869448,-0.77939689,0.05390514,0.99763495,0.04264716,1.91316259,-0.99821258,0.05273430,0.02811947,-0.88823235
3,1598294694802668200,1598294694802583000,0.02602080,-0.04432162,0.99867845,-0.77963692,0.05380067,0.99763089,0.04287333,1.91325092,-0.99821264,0.05261397,0.02834371,-0.88608134
3,1598294694811355100,1598294694811322500,0.02543566,-0.04432397,0.99869347,-0.77987581,0.05384633,0.99762702,0.04290524,1.91325653,-0.99822527,0.05268465,0.02776197,-0.88382506
3,1598294694820502900,1598294694820452200,0.02626926,-0.04380133,0.99869490,-0.78004980,0.05411806,0.99763685,0.04233143,1.91312337,-0.99818897,0.05293542,0.02857766,-0.88145947
3,1598294694829243200,1598294694829207800,0.02560410,-0.04377302,0.99871337,-0.78012609,0.05398456,0.99764365,0.04234212,1.91300416,-0.99821347,0.05283097,0.02790681,-0.87913918
3,1598294694838683700,1598294694838620400,0.02610365,-0.04431347,0.99867666,-0.78018498,0.05382057,0.99763036,0.04286027,1.91315842,-0.99820942,0.05263054,0.02842680,-0.87719762
3,1598294694847314800,1598294694847277200,0.02551869,-0.04415508,0.99869877,-0.78007227,0.05403185,0.99762464,0.04272696,1.91314101,-0.99821311,0.05287120,0.02784386,-0.87516105
3,1598294694856394700,1598294694856338100,0.02604753,-0.04424516,0.99868119,-0.78015292,0.05405385,0.99762082,0.04278836,1.91308403,-0.99819827,0.05286803,0.02837721,-0.87279832
3,1598294694865395100,1598294694865257500,0.02534705,-0.04446471,0.99868941,-0.78022873,0.05389694,0.99761814,0.04304910,1.91312504,-0.99822479,0.05273513,0.02768320,-0.87074327
3,1598294694874458600,1598294694874346500,0.02613685,-0.04410097,0.99868518,-0.78029239,0.05393397,0.99763358,0.04264301,1.91312969,-0.99820238,0.05274850,0.02845353,-0.86863136
3,1598294694883276100,1598294694883215300,0.02534908,-0.04403738,0.99870825,-0.78017247,0.05406688,0.99762744,0.04261741,1.91315424,-0.99821556,0.05291673,0.02766991,-0.86645913
3,1598294694892349100,1598294694892276900,0.02601472,-0.04400669,0.99869257,-0.78040528,0.05409883,0.99762857,0.04255060,1.91306400,-0.99819672,0.05292116,0.02833372,-0.86381793
3,1598294694901150000,1598294694901097900,0.02581429,-0.04377780,0.99870777,-0.78049219,0.05404453,0.99764073,0.04233410,1.91315675,-0.99820483,0.05288187,0.02811936,-0.86177278
3,1598294694910374600,1598294694910347200,0.02596769,-0.04387598,0.99869943,-0.78064895,0.05409573,0.99763417,0.04242261,1.91310835,-0.99819803,0.05292376,0.02827972,-0.85964036
3,1598294694919081500,1598294694919035300,0.02555880,-0.04402176,0.99870366,-0.78075904,0.05426160,0.99761826,0.04258526,1.91296434,-0.99819970,0.05310282,0.02788663,-0.85735953
3,1598294694928166800,1598294694928086300,0.02593854,-0.04403630,0.99869323,-0.78063345,0.05429680,0.99761665,0.04257860,1.91276884,-0.99818796,0.05312142,0.02826777,-0.85511553
3,1598294694937089900,1598294694937028500,0.02559024,-0.04430598,0.99869031,-0.78072977,0.05419594,0.99760967,0.04286934,1.91269362,-0.99820238,0.05302792,0.02793029,-0.85284376
3,1598294694946282200,1598294694946169600,0.02619019,-0.04332592,0.99871767,-0.78068471,0.05464917,0.99762839,0.04184555,1.91279006,-0.99816215,0.05348315,0.02849585,-0.85069454
3,1598294694955109900,1598294694955049800,0.02537185,-0.04441160,0.99869114,-0.78057629,0.05448615,0.99758917,0.04297837,1.91253781,-0.99819219,0.05332439,0.02773049,-0.84817445
3,1598294694964135200,1598294694964059400,0.02615413,-0.04290722,0.99873674,-0.78063810,0.05482509,0.99763632,0.04142422,1.91271031,-0.99815339,0.05367242,0.02844474,-0.84601331
3,1598294694972918300,1598294694972863200,0.02545953,-0.04404852,0.99870497,-0.78093380,0.05473471,0.99759161,0.04260409,1.91253090,-0.99817634,0.05357914,0.02780920,-0.84376967
3,1598294694982024300,1598294694981984000,0.02586487,-0.04320450,0.99873143,-0.78096050,0.05525340,0.99760020,0.04172462,1.91274381,-0.99813735,0.05410410,0.02818999,-0.84146917
3,1598294694990821400,1598294694990789800,0.02555177,-0.04460901,0.99867773,-0.78091681,0.05503637,0.99755150,0.04315057,1.91249537,-0.99815738,0.05386102,0.02794433,-0.83890951
3,1598294695000074200,1598294695000025400,0.02568614,-0.04322354,0.99873525,-0.78086221,0.05530302,0.99759626,0.04175193,1.91286314,-0.99813920,0.05416063,0.02801478,-0.83656406
3,1598294695008918000,1598294695008881000,0.02545473,-0.04441763,0.99868876,-0.78138763,0.05513783,0.99755406,0.04296180,1.91268635,-0.99815428,0.05397195,0.02784157,-0.83429420
3,1598294695018341300,1598294695018185800,0.02549016,-0.04336003,0.99873435,-0.78127885,0.05557425,0.99757534,0.04189132,1.91279662,-0.99812919,0.05443610,0.02783805,-0.83254874
3,1598294695026756600,1598294695026713100,0.02550846,-0.04428337,0.99869335,-0.78154397,0.05531678,0.99755025,0.04281979,1.91241443,-0.99814302,0.05415224,0.02789560,-0.83017373
3,1598294695035872800,1598294695035814600,0.02578813,-0.04434018,0.99868369,-0.78131634,0.05540269,0.99754381,0.04285896,1.91260338,-0.99813104,0.05422451,0.02818137,-0.82739711
3,1598294695044756800,1598294695044700200,0.02529621,-0.04352874,0.99873191,-0.78155315,0.05556309,0.99756843,0.04207071,1.91270089,-0.99813473,0.05442841,0.02765331,-0.82527494
3,1598294695053934600,1598294695053862500,0.02567813,-0.04484211,0.99866408,-0.78160834,0.05543002,0.99752039,0.04336551,1.91229844,-0.99813241,0.05424242,0.02810007,-0.82363856
3,1598294695062695200,1598294695062632000,0.02520478,-0.04366716,0.99872816,-0.78166950,0.05562695,0.99755889,0.04221218,1.91234350,-0.99813354,0.05449226,0.02757233,-0.82073176
3,1598294695071964200,1598294695071773700,0.02567393,-0.04452352,0.99867839,-0.78175849,0.05541251,0.99753511,0.04304801,1.91223574,-0.99813348,0.05423407,0.02807775,-0.81865680
3,1598294695080693100,1598294695080589000,0.02514905,-0.04377967,0.99872470,-0.78189349,0.05568103,0.99755108,0.04232611,1.91230440,-0.99813193,0.05454556,0.02752516,-0.81631565
3,1598294695089818200,1598294695089704700,0.02536073,-0.04440645,0.99869168,-0.78196359,0.05579859,0.99751836,0.04293733,1.91216481,-0.99811995,0.05463667,0.02777562,-0.81371427
3,1598294695098622400,1598294695098574600,0.02521420,-0.04372619,0.99872541,-0.78182977,0.05601377,0.99753523,0.04225994,1.91220307,-0.99811161,0.05487683,0.02760133,-0.81148136
3,1598294695107985100,1598294695107922300,0.02530903,-0.04420245,0.99870193,-0.78192389,0.05599989,0.99751598,0.04273081,1.91199708,-0.99811006,0.05484573,0.02772146,-0.80931556
3,1598294695116603400,1598294695116530100,0.02515975,-0.04397861,0.99871564,-0.78184628,0.05609484,0.99751991,0.04251280,1.91209877,-0.99810845,0.05495319,0.02756435,-0.80694890
3,1598294695125693800,1598294695125599700,0.02530351,-0.04413071,0.99870533,-0.78199595,0.05625490,0.99750495,0.04265238,1.91193223,-0.99809575,0.05510282,0.02772290,-0.80430222
3,1598294695134567200,1598294695134541600,0.02526709,-0.04407173,0.99870884,-0.78214431,0.05618108,0.99751145,0.04259752,1.91209471,-0.99810094,0.05503222,0.02768019,-0.80231881
3,1598294695143559400,1598294695143496500,0.02510244,-0.04439974,0.99869847,-0.78236747,0.05612590,0.99750006,0.04293573,1.91205442,-0.99810815,0.05497506,0.02753165,-0.80014515
3,1598294695152515100,1598294695152475500,0.02531540,-0.04405283,0.99870849,-0.78238851,0.05635780,0.99750262,0.04257107,1.91196632,-0.99808973,0.05520731,0.02773491,-0.79805720
3,1598294695161486800,1598294695161452100,0.02525085,-0.04431946,0.99869829,-0.78257024,0.05617880,0.99750096,0.04284591,1.91197240,-0.99810141,0.05502377,0.02767757,-0.79563785
3,1598294695170492100,1598294695170409600,0.02515763,-0.04435999,0.99869883,-0.78265035,0.05625982,0.99749452,0.04288928,1.91197371,-0.99809921,0.05510763,0.02759027,-0.79344535
3,1598294695179537700,1598294695179449100,0.02533135,-0.04381846,0.99871838,-0.78274769,0.05650697,0.99750435,0.04233196,1.91193771,-0.99808085,0.05536222,0.02774417,-0.79128945
3,1598294695188382100,1598294695188301400,0.02519184,-0.04484940,0.99867612,-0.78275454,0.05637435,0.99746716,0.04337304,1.91176462,-0.99809194,0.05520707,0.02765638,-0.78872859
3,1598294695197872500,1598294695197790600,0.02518207,-0.04374786,0.99872530,-0.78282464,0.05650499,0.99750710,0.04226977,1.91185296,-0.99808478,0.05536852,0.02759129,-0.78670371
3,1598294695206363600,1598294695206314000,0.02519101,-0.04467215,0.99868411,-0.78285021,0.05638908,0.99747401,0.04319565,1.91176713,-0.99809104,0.05522674,0.02764636,-0.78446448
3,1598294695215880200,1598294695215641600,0.02488762,-0.04375705,0.99873221,-0.78277600,0.05669550,0.99749547,0.04229005,1.91187632,-0.99808133,0.05557112,0.02730611,-0.78209424
3,1598294695224513300,1598294695224421500,0.02511412,-0.04425149,0.99870473,-0.78290933,0.05652606,0.99748433,0.04277597,1.91162419,-0.99808526,0.05537856,0.02755231,-0.77964187
3,1598294695233402100,1598294695233348300,0.02494967,-0.04394906,0.99872226,-0.78274417,0.05658524,0.99749357,0.04248140,1.91176224,-0.99808609,0.05545304,0.02737397,-0.77750051
3,1598294695242273600,1598294695242235200,0.02489218,-0.04356498,0.99874055,-0.78285629,0.05671494,0.99750251,0.04209744,1.91169214,-0.99808013,0.05559561,0.02730078,-0.77553999
3,1598294695251352700,1598294695251305800,0.02491432,-0.04410212,0.99871635,-0.78282356,0.05671513,0.99747974,0.04263268,1.91159248,-0.99807954,0.05558016,0.02735281,-0.77318561
3,1598294695260223000,1598294695260181500,0.02488086,-0.04406965,0.99871862,-0.78293043,0.05667427,0.99748331,0.04260322,1.91145003,-0.99808276,0.05554165,0.02731586,-0.77060056
3,1598294695269331400,1598294695269262700,0.02519900,-0.04420141,0.99870485,-0.78301740,0.05658060,0.99748367,0.04271974,1.91151023,-0.99808002,0.05543083,0.02763653,-0.76869607
3,1598294695278267700,1598294695278144300,0.02498251,-0.04404524,0.99871719,-0.78346920,0.05672196,0.99748194,0.04257188,1.91151881,-0.99807751,0.05558565,0.02741793,-0.76657569
3,1598294695287242200,1598294695287181500,0.02498046,-0.04426253,0.99870759,-0.78341335,0.05678942,0.99746889,0.04278717,1.91134906,-0.99807364,0.05564718,0.02743089,-0.76439691
3,1598294695296119700,1598294695296082400,0.02527985,-0.04436506,0.99869549,-0.78345877,0.05677652,0.99746597,0.04287326,1.91115737,-0.99806690,0.05561863,0.02773470,-0.76178706
3,1598294695305181900,1598294695305107600,0.02523860,-0.04457700,0.99868715,-0.78358710,0.05667492,0.99746239,0.04309006,1.91122627,-0.99807370,0.05551298,0.02770096,-0.75948417
3,1598294695314164600,1598294695314107900,0.02491790,-0.04445142,0.99870074,-0.78378689,0.05677286,0.99746156,0.04297976,1.91117978,-0.99807620,0.05562813,0.02737829,-0.75728297
3,1598294695323230400,1598294695323186800,0.02477998,-0.04438078,0.99870741,-0.78405452,0.05697474,0.99745297,0.04291138,1.91108489,-0.99806809,0.05583775,0.02724540,-0.75492024
3,1598294695332081200,1598294695332029300,0.02523381,-0.04465479,0.99868381,-0.78440320,0.05693602,0.99744445,0.04316077,1.91109300,-0.99805892,0.05577197,0.02771181,-0.75297129
3,1598294695341083200,1598294695341059700,0.02465510,-0.04407515,0.99872398,-0.78455824,0.05700688,0.99746400,0.04261223,1.91093695,-0.99806935,0.05588353,0.02710518,-0.75075603
3,1598294695349932100,1598294695349907200,0.02460364,-0.04473919,0.99869579,-0.78511125,0.05694131,0.99743897,0.04328010,1.91088367,-0.99807435,0.05580220,0.02708814,-0.74843073
3,1598294695358985200,1598294695358926200,0.02472222,-0.04408235,0.99872202,-0.78496814,0.05718554,0.99745381,0.04261081,1.91090441,-0.99805748,0.05605903,0.02718011,-0.74635696
3,1598294695367962500,1598294695367914400,0.02500573,-0.04445582,0.99869841,-0.78520793,0.05703780,0.99744678,0.04297198,1.91083443,-0.99805886,0.05588902,0.02747753,-0.74425638
3,1598294695376936100,1598294695376871300,0.02465752,-0.04448345,0.99870586,-0.78473747,0.05694000,0.99745023,0.04302171,1.91070640,-0.99807310,0.05580550,0.02712753,-0.74190676
3,1598294695385892100,1598294695385850300,0.02473897,-0.04421568,0.99871570,-0.78465581,0.05732259,0.99744046,0.04273929,1.91085029,-0.99804920,0.05619165,0.02721021,-0.73952198
3,1598294695394927300,1598294695394865000,0.02495304,-0.04440958,0.99870181,-0.78470910,0.05723134,0.99743778,0.04292342,1.91069221,-0.99804914,0.05608597,0.02743074,-0.73715961
3,1598294695403691600,1598294695403644300,0.02452353,-0.04445857,0.99871027,-0.78487194,0.05716162,0.99743855,0.04299835,1.91082382,-0.99806374,0.05603342,0.02700204,-0.73514223
3,1598294695412869000,1598294695412815100,0.02464229,-0.04457106,0.99870229,-0.78463280,0.05718378,0.99743277,0.04310343,1.91076362,-0.99805957,0.05604741,0.02712777,-0.73301697
3,1598294695421554800,1598294695421504400,0.02460197,-0.04378876,0.99873793,-0.78464460,0.05748504,0.99744916,0.04231622,1.91074121,-0.99804324,0.05637142,0.02705643,-0.73029423
3,1598294695430786100,1598294695430725100,0.02466023,-0.04466644,0.99869764,-0.78465337,0.05737006,0.99741822,0.04319262,1.91059172,-0.99804842,0.05623019,0.02715907,-0.72793937
3,1598294695439611400,1598294695439555300,0.02434996,-0.04383290,0.99874210,-0.78436828,0.05741328,0.99745071,0.04237645,1.91071665,-0.99805355,0.05630920,0.02680448,-0.72582114
3,1598294695448657800,1598294695448597100,0.02469450,-0.04461275,0.99869919,-0.78490603,0.05731266,0.99742383,0.04313862,1.91051602,-0.99805087,0.05617282,0.02718776,-0.72375810
3,1598294695457545700,1598294695457474700,0.02424443,-0.04424620,0.99872649,-0.78483284,0.05734018,0.99743700,0.04279711,1.91043198,-0.99806035,0.05622956,0.02671939,-0.72102356
3,1598294695466505400,1598294695466473500,0.02442086,-0.04445530,0.99871290,-0.78504854,0.05719570,0.99743652,0.04299992,1.91060627,-0.99806440,0.05607199,0.02690095,-0.71920407
3,1598294695475461300,1598294695475392500,0.02427912,-0.04392176,0.99873996,-0.78521019,0.05720082,0.99745876,0.04247488,1.91066062,-0.99806750,0.05609749,0.02672976,-0.71710241
3,1598294695484529500,1598294695484441300,0.02441353,-0.04427594,0.99872106,-0.78529453,0.05731727,0.99743742,0.04281792,1.91067338,-0.99805748,0.05619863,0.02688876,-0.71478319
3,1598294695493493900,1598294695493435700,0.02424017,-0.04353539,0.99875784,-0.78534377,0.05738204,0.99746484,0.04208634,1.91058421,-0.99805808,0.05629058,0.02667686,-0.71249092
3,1598294695502634200,1598294695502576700,0.02422947,-0.04438554,0.99872065,-0.78556627,0.05707084,0.99744612,0.04294433,1.91049242,-0.99807620,0.05595731,0.02670071,-0.71027482
3,1598294695511370200,1598294695511329300,0.02408478,-0.04386416,0.99874717,-0.78553420,0.05719140,0.99746126,0.04242851,1.91054606,-0.99807274,0.05609787,0.02653229,-0.70811605
3,1598294695520668700,1598294695520598100,0.02432406,-0.04384172,0.99874234,-0.78561443,0.05740498,0.99745077,0.04238694,1.91039860,-0.99805462,0.05630177,0.02677879,-0.70543575
3,1598294695529402200,1598294695529360100,0.02419376,-0.04377391,0.99874854,-0.78572571,0.05730738,0.99745882,0.04232916,1.91034484,-0.99806345,0.05621156,0.02664086,-0.70317078
3,1598294695538435900,1598294695538320900,0.02384081,-0.04387807,0.99875247,-0.78545761,0.05725813,0.99745631,0.04245434,1.91043031,-0.99807477,0.05617455,0.02629256,-0.70102119
3,1598294695547347900,1598294695547302300,0.02409074,-0.04355636,0.99876058,-0.78548968,0.05753674,0.99745482,0.04211159,1.91046321,-0.99805278,0.05645092,0.02653554,-0.69872677
3,1598294695556232700,1598294695556204600,0.02389762,-0.04354949,0.99876547,-0.78552890,0.05733226,0.99746621,0.04212103,1.91034698,-0.99806917,0.05625489,0.02633390,-0.69629943
3,1598294695565323000,1598294695565247800,0.02423605,-0.04417309,0.99872994,-0.78566027,0.05725476,0.99744487,0.04272686,1.91039205,-0.99806541,0.05614652,0.02670324,-0.69414580
3,1598294695574402300,1598294695574284400,0.02382377,-0.04352752,0.99876815,-0.78586024,0.05749743,0.99745762,0.04209891,1.91048956,-0.99806142,0.05642365,0.02626592,-0.69185805
3,1598294695583147500,1598294695583103400,0.02422905,-0.04379574,0.99874669,-0.78593177,0.05757064,0.99744314,0.04234194,1.91036463,-0.99804741,0.05647258,0.02668846,-0.68982458
3,1598294695592464500,1598294695592356900,0.02398962,-0.04378440,0.99875301,-0.78587252,0.05755538,0.99744391,0.04234455,1.91035533,-0.99805409,0.05646778,0.02644831,-0.68741798
3,1598294695601174800,1598294695601127900,0.02406433,-0.04364837,0.99875712,-0.78591466,0.05757656,0.99744862,0.04220391,1.91038883,-0.99805105,0.05648939,0.02651605,-0.68548107
3,1598294695610256800,1598294695610181600,0.02412161,-0.04353049,0.99876094,-0.78607333,0.05740295,0.99746352,0.04208758,1.91033006,-0.99805975,0.05631661,0.02655920,-0.68330753
3,1598294695619226400,1598294695619192500,0.02406007,-0.04390921,0.99874580,-0.78605616,0.05739266,0.99744797,0.04246955,1.91023290,-0.99806178,0.05629886,0.02651873,-0.68116009
3,1598294695628129800,1598294695628100100,0.02433139,-0.04372958,0.99874711,-0.78595263,0.05747810,0.99745142,0.04227257,1.91013241,-0.99805033,0.05637753,0.02678290,-0.67870116
3,1598294695637138300,1598294695637096900,0.02426162,-0.04372128,0.99874920,-0.78643858,0.05734758,0.99745893,0.04227171,1.91012871,-0.99805951,0.05625027,0.02670732,-0.67668951
3,1598294695646205400,1598294695646105300,0.02412260,-0.04373890,0.99875182,-0.78687447,0.05741062,0.99745435,0.04229546,1.91021550,-0.99805921,0.05631868,0.02657223,-0.67451012
3,1598294695655051700,1598294695654990300,0.02431893,-0.04387923,0.99874091,-0.78706819,0.05733551,0.99745309,0.04242655,1.91011178,-0.99805874,0.05623155,0.02677280,-0.67207003
3,1598294695664065300,1598294695664001900,0.02429458,-0.04365923,0.99875116,-0.78720087,0.05738909,0.99745929,0.04220678,1.91006076,-0.99805629,0.05629202,0.02673844,-0.66980541
3,1598294695673013500,1598294695672979800,0.02452844,-0.04385904,0.99873662,-0.78699201,0.05729217,0.99745685,0.04239577,1.90995669,-0.99805617,0.05617989,0.02697888,-0.66750550
3,1598294695682063400,1598294695682000000,0.02422073,-0.04392563,0.99874121,-0.78713900,0.05748783,0.99744225,0.04247435,1.90994537,-0.99805236,0.05638670,0.02668393,-0.66515851
3,1598294695690960000,1598294695690825200,0.02424833,-0.04376611,0.99874753,-0.78733951,0.05756016,0.99744499,0.04231154,1.90986347,-0.99804753,0.05646208,0.02670556,-0.66273475
3,1598294695700022700,1598294695699990300,0.02443686,-0.04387695,0.99873811,-0.78744406,0.05748408,0.99744505,0.04241364,1.90977705,-0.99804735,0.05637508,0.02689666,-0.66041577
3,1598294695708545100,1598294695708491200,0.02467969,-0.04366400,0.99874139,-0.78709131,0.05751791,0.99745274,0.04218635,1.90972722,-0.99803948,0.05640438,0.02712831,-0.65809417
3,1598294695717750100,1598294695717641400,0.02435941,-0.04393003,0.99873769,-0.78712821,0.05773489,0.99742842,0.04246428,1.90968394,-0.99803483,0.05662760,0.02683309,-0.65565646
3,1598294695726507300,1598294695726396700,0.02414095,-0.04358407,0.99875814,-0.78720045,0.05779784,0.99743897,0.04212948,1.90961456,-0.99803644,0.05670901,0.02659822,-0.65332603
3,1598294695735593900,1598294695735515100,0.02450711,-0.04396076,0.99873269,-0.78770649,0.05762063,0.99743396,0.04248969,1.90945923,-0.99803776,0.05650631,0.02697727,-0.65107596
3,1598294695744497800,1598294695744453000,0.02437556,-0.04391041,0.99873817,-0.78754920,0.05765402,0.99743390,0.04244595,1.90941572,-0.99803907,0.05654662,0.02684459,-0.64877963
3,1598294695753502100,1598294695753440600,0.02433708,-0.04414169,0.99872887,-0.78765374,0.05780897,0.99741513,0.04267493,1.90931106,-0.99803102,0.05669690,0.02682599,-0.64657533
3,1598294695762374400,1598294695762339600,0.02442363,-0.04394942,0.99873519,-0.78778422,0.05775597,0.99742657,0.04247943,1.90936923,-0.99803197,0.05664542,0.02689916,-0.64453053
3,1598294695771433100,1598294695771364900,0.02434421,-0.04387305,0.99874049,-0.78756130,0.05758636,0.99743921,0.04241222,1.90926909,-0.99804378,0.05648134,0.02680838,-0.64213443
3,1598294695780477300,1598294695780409800,0.02430379,-0.04418837,0.99872756,-0.78766632,0.05769755,0.99741942,0.04272643,1.90924633,-0.99803829,0.05658572,0.02679062,-0.63987315
3,1598294695789493000,1598294695789438300,0.02407506,-0.04342306,0.99876672,-0.78781414,0.05779598,0.99744570,0.04197246,1.90925038,-0.99803817,0.05671421,0.02652323,-0.63742554
3,1598294695798305100,1598294695798254800,0.02459934,-0.04388976,0.99873358,-0.78792119,0.05758490,0.99743921,0.04241453,1.90926993,-0.99803758,0.05646860,0.02706373,-0.63539588
3,1598294695807455300,1598294695807409000,0.02396807,-0.04360319,0.99876142,-0.78777444,0.05751036,0.99745405,0.04216599,1.90920782,-0.99805725,0.05642849,0.02641466,-0.63293862
3,1598294695816303300,1598294695816266000,0.02455825,-0.04395090,0.99873185,-0.78775281,0.05765245,0.99743271,0.04247609,1.90909040,-0.99803466,0.05653621,0.02702907,-0.63091409
3,1598294695825517000,1598294695825484000,0.02427801,-0.04347689,0.99875951,-0.78784609,0.05772790,0.99744779,0.04201653,1.90907276,-0.99803716,0.05663621,0.02672592,-0.62814879
3,1598294695834240500,1598294695834196000,0.02402925,-0.04324334,0.99877560,-0.78762025,0.05769217,0.99745905,0.04179833,1.90907037,-0.99804521,0.05661716,0.02646300,-0.62635243
3,1598294695843300300,1598294695843263200,0.02365097,-0.04369932,0.99876481,-0.78765905,0.05757709,0.99744546,0.04227816,1.90903211,-0.99806094,0.05650606,0.02610660,-0.62362170
3,1598294695852267100,1598294695852214000,0.02437514,-0.04385660,0.99874049,-0.78768057,0.05783181,0.99742609,0.04238744,1.90898657,-0.99802876,0.05672576,0.02684873,-0.62155724
3,1598294695861235300,1598294695861116000,0.02402273,-0.04345831,0.99876642,-0.78768128,0.05809976,0.99742681,0.04200258,1.90894723,-0.99802172,0.05701907,0.02648583,-0.61911082
3,1598294695870089600,1598294695870039300,0.02420875,-0.04376958,0.99874842,-0.78787118,0.05790407,0.99742526,0.04230805,1.90905690,-0.99802864,0.05680737,0.02668086,-0.61721170
3,1598294695879195100,1598294695879129000,0.02356812,-0.04387409,0.99875909,-0.78820133,0.05794965,0.99741668,0.04244766,1.90901935,-0.99804127,0.05687733,0.02604973,-0.61495280
3,1598294695888080700,1598294695888045100,0.02401909,-0.04382884,0.99875033,-0.78817099,0.05808648,0.99741191,0.04237317,1.90896857,-0.99802262,0.05699612,0.02650279,-0.61268044
3,1598294695897225300,1598294695897076300,0.02344349,-0.04372774,0.99876845,-0.78821242,0.05810272,0.99741387,0.04230462,1.90885067,-0.99803537,0.05703940,0.02592358,-0.61002779
3,1598294695906088700,1598294695906019900,0.02393332,-0.04413483,0.99873888,-0.78826910,0.05810231,0.99739772,0.04268323,1.90872335,-0.99802375,0.05700748,0.02643535,-0.60774052
3,1598294695915273300,1598294695915210200,0.02367672,-0.04395003,0.99875319,-0.78859770,0.05820794,0.99739897,0.04251054,1.90862322,-0.99802375,0.05712885,0.02617341,-0.60553229
3,1598294695923976100,1598294695923941600,0.02383542,-0.04404299,0.99874532,-0.78865081,0.05822890,0.99739420,0.04259374,1.90863037,-0.99801874,0.05714060,0.02633789,-0.60353708
3,1598294695933141900,1598294695933078900,0.02386522,-0.04413350,0.99874061,-0.78853709,0.05831332,0.99738556,0.04268020,1.90866113,-0.99801308,0.05722131,0.02637637,-0.60139155
3,1598294695942011600,1598294695941970300,0.02394408,-0.04434513,0.99872935,-0.78871632,0.05828486,0.99737835,0.04288780,1.90856075,-0.99801284,0.05718389,0.02646592,-0.59923828
3,1598294695950989900,1598294695950934200,0.02378976,-0.04405268,0.99874604,-0.78872776,0.05847430,0.99737960,0.04259957,1.90857935,-0.99800545,0.05738753,0.02630338,-0.59685147
3,1598294695959961600,1598294695959906800,0.02387705,-0.04420561,0.99873710,-0.78880131,0.05847403,0.99737328,0.04274729,1.90850985,-0.99800342,0.05737951,0.02639920,-0.59452415
3,1598294695968976600,1598294695968932400,0.02390459,-0.04401998,0.99874467,-0.78882051,0.05853087,0.99737799,0.04255882,1.90859902,-0.99799943,0.05744004,0.02641845,-0.59243870
3,1598294695977819800,1598294695977792400,0.02415690,-0.04453437,0.99871576,-0.78903317,0.05850466,0.99735808,0.04305872,1.90849257,-0.99799490,0.05738936,0.02669853,-0.59036028
3,1598294695986916500,1598294695986853800,0.02363750,-0.04456585,0.99872679,-0.78908384,0.05850333,0.99735552,0.04312002,1.90837073,-0.99800736,0.05740959,0.02618229,-0.58781135
3,1598294695995808800,1598294695995763100,0.02417216,-0.04440720,0.99872106,-0.78909326,0.05869308,0.99735272,0.04292581,1.90837336,-0.99798346,0.05758041,0.02671456,-0.58566535
3,1598294696004841700,1598294696004768000,0.02393946,-0.04427672,0.99873251,-0.78929627,0.05864764,0.99736041,0.04281011,1.90836954,-0.99799174,0.05754846,0.02647299,-0.58341897
3,1598294696013691200,1598294696013637100,0.02408868,-0.04426913,0.99872923,-0.78934300,0.05860082,0.99736381,0.04279519,1.90830970,-0.99799091,0.05749547,0.02661937,-0.58121693
3,1598294696022852800,1598294696022796100,0.02381679,-0.04500723,0.99870276,-0.78948706,0.05850731,0.99733657,0.04355039,1.90811789,-0.99800289,0.05739418,0.02638662,-0.57869136
3,1598294696031694400,1598294696031608500,0.02397278,-0.04401838,0.99874312,-0.78960013,0.05861434,0.99737346,0.04255110,1.90816259,-0.99799287,0.05752060,0.02648991,-0.57691789
3,1598294696040770700,1598294696040691900,0.02420315,-0.04488995,0.99869877,-0.78976685,0.05847529,0.99734449,0.04341195,1.90806174,-0.99799550,0.05734850,0.02676383,-0.57461262
3,1598294696049674500,1598294696049637700,0.02389485,-0.04402089,0.99874485,-0.78973210,0.05862281,0.99737263,0.04255786,1.90819013,-0.99799424,0.05753232,0.02641270,-0.57233703
3,1598294696058646400,1598294696058576300,0.02403226,-0.04468584,0.99871206,-0.78985327,0.05839257,0.99735767,0.04322013,1.90803599,-0.99800444,0.05727869,0.02657807,-0.57014716
3,1598294696067526600,1598294696067497400,0.02380106,-0.04425771,0.99873668,-0.78989995,0.05833086,0.99737906,0.04280746,1.90815616,-0.99801356,0.05723830,0.02632022,-0.56813896
3,1598294696076676500,1598294696076610000,0.02382469,-0.04466369,0.99871802,-0.79005909,0.05811772,0.99737388,0.04321717,1.90807664,-0.99802542,0.05701359,0.02635789,-0.56587219
3,1598294696085649000,1598294696085535100,0.02366787,-0.04443926,0.99873173,-0.78999174,0.05828001,0.99737388,0.04299773,1.90811646,-0.99801975,0.05718843,0.02619562,-0.56364715
3,1598294696094715500,1598294696094629800,0.02399027,-0.04448305,0.99872214,-0.79028791,0.05818154,0.99737841,0.04302562,1.90801454,-0.99801779,0.05707500,0.02651548,-0.56123519
3,1598294696103488400,1598294696103437200,0.02412173,-0.04437782,0.99872363,-0.79046476,0.05812719,0.99738640,0.04291448,1.90793049,-0.99801779,0.05701783,0.02663821,-0.55912745
3,1598294696112577900,1598294696112536500,0.02386615,-0.04470303,0.99871528,-0.79041880,0.05803839,0.99737680,0.04325618,1.90784109,-0.99802905,0.05693147,0.02639803,-0.55679286
3,1598294696121492600,1598294696121440600,0.02389345,-0.04459579,0.99871945,-0.79051000,0.05811448,0.99737716,0.04314551,1.90771437,-0.99802399,0.05700916,0.02642244,-0.55437124
3,1598294696130499700,1598294696130442900,0.02393618,-0.04466574,0.99871528,-0.79065287,0.05808831,0.99737573,0.04321362,1.90766203,-0.99802452,0.05697931,0.02646795,-0.55205703
3,1598294696139529700,1598294696139453300,0.02382901,-0.04446694,0.99872667,-0.79075176,0.05805327,0.99738604,0.04302213,1.90771544,-0.99802911,0.05695418,0.02634814,-0.54992521
3,1598294696148604700,1598294696148551600,0.02409902,-0.04432987,0.99872625,-0.79089046,0.05821974,0.99738306,0.04286542,1.90764248,-0.99801296,0.05711257,0.02661684,-0.54767287
3,1598294696157412900,1598294696157370300,0.02405819,-0.04502130,0.99869639,-0.79108500,0.05827044,0.99735016,0.04355690,1.90752375,-0.99801099,0.05714658,0.02661785,-0.54522121
3,1598294696166532400,1598294696166473500,0.02394730,-0.04465347,0.99871558,-0.79128289,0.05824993,0.99736702,0.04319645,1.90761483,-0.99801481,0.05714066,0.02648532,-0.54302764
3,1598294696175384700,1598294696175352800,0.02408051,-0.04483939,0.99870402,-0.79140258,0.05831263,0.99735570,0.04337284,1.90759039,-0.99800789,0.05719261,0.02663156,-0.54086816
3,1598294696184502600,1598294696184411000,0.02400035,-0.04424945,0.99873221,-0.79095757,0.05835361,0.99737865,0.04278719,1.90755868,-0.99800742,0.05725272,0.02651954,-0.53854930
3,1598294696193288400,1598294696193223300,0.02426034,-0.04486901,0.99869829,-0.79112321,0.05828495,0.99735647,0.04339286,1.90743029,-0.99800521,0.05715635,0.02681142,-0.53626549
3,1598294696202474300,1598294696202334900,0.02398595,-0.04462878,0.99871570,-0.79102790,0.05829665,0.99736553,0.04316835,1.90738976,-0.99801117,0.05718635,0.02652448,-0.53395224
3,1598294696211309000,1598294696211175200,0.02380663,-0.04481036,0.99871182,-0.79105508,0.05819226,0.99736321,0.04336269,1.90733063,-0.99802154,0.05708499,0.02635148,-0.53167069
3,1598294696220207400,1598294696220117600,0.02386338,-0.04410695,0.99874181,-0.79091823,0.05840328,0.99738151,0.04265141,1.90742946,-0.99800783,0.05731200,0.02637684,-0.52954328
3,1598294696229279700,1598294696229205900,0.02402905,-0.04438822,0.99872541,-0.79094523,0.05847036,0.99736601,0.04292102,1.90737557,-0.99799997,0.05736448,0.02656117,-0.52734768
3,1598294696238239200,1598294696238205200,0.02388737,-0.04439916,0.99872828,-0.79093599,0.05845477,0.99736613,0.04294050,1.90741730,-0.99800420,0.05735470,0.02641979,-0.52480161
3,1598294696247114000,1598294696247051800,0.02398738,-0.04477293,0.99870920,-0.79106987,0.05868928,0.99733675,0.04330177,1.90725744,-0.99798810,0.05757483,0.02655119,-0.52262914
3,1598294696256244000,1598294696256156600,0.02374721,-0.04429553,0.99873626,-0.79096127,0.05876074,0.99735260,0.04283699,1.90724730,-0.99798965,0.05766923,0.02628714,-0.52004302
