6,1597235137371947600,1597235137371880900,-0.00763518,-0.01723377,0.99982232,-0.82534927,0.35553521,-0.93456686,-0.01339393,1.81185079,0.93463182,0.35536981,0.01326281,-1.08190012
6,1597235137381711800,1597235137381650100,-0.00781190,-0.01709519,0.99982339,-0.82550895,0.35594377,-0.93441415,-0.01319572,1.81189597,0.93447477,0.35577783,0.01338449,-1.08021140
6,1597235137390618800,1597235137390516800,-0.00778228,-0.01767223,0.99981362,-0.82552052,0.35567418,-0.93450880,-0.01374947,1.81183767,0.93457770,0.35550088,0.01355812,-1.07873988
6,1597235137399699700,1597235137399659700,-0.00759557,-0.01724125,0.99982262,-0.82572651,0.35577980,-0.93447351,-0.01341152,1.81185055,0.93453902,0.35561481,0.01323190,-1.07719517
6,1597235137408598900,1597235137408530600,-0.00776455,-0.01753160,0.99981618,-0.82633561,0.35575837,-0.93447864,-0.01362311,1.81269610,0.93454576,0.35558721,0.01349279,-1.07761741
6,1597235137417634100,1597235137417582100,-0.00767395,-0.01741123,0.99981904,-0.82591599,0.35602167,-0.93437958,-0.01353907,1.81218576,0.93444622,0.35585335,0.01336911,-1.07424951
6,1597235137426492700,1597235137426462000,-0.00776100,-0.01749277,0.99981695,-0.82600915,0.35614130,-0.93433332,-0.01358255,1.81218195,0.93439996,0.35597071,0.01348123,-1.07275820
6,1597235137435508900,1597235137435458300,-0.00769761,-0.01720652,0.99982238,-0.82616806,0.35616791,-0.93432671,-0.01333726,1.81256676,0.93439031,0.35600200,0.01332048,-1.07212210
6,1597235137444457800,1597235137444386800,-0.00761566,-0.01764111,0.99981546,-0.82604194,0.35626376,-0.93428391,-0.01377118,1.81210458,0.93435442,0.35609314,0.01340002,-1.06977808
6,1597235137453756300,1597235137453429600,-0.00766078,-0.01717380,0.99982321,-0.82612121,0.35635039,-0.93425745,-0.01331719,1.81217885,0.93432105,0.35618538,0.01327699,-1.06828046
6,1597235137462580500,1597235137462352500,-0.00747254,-0.01738828,0.99982095,-0.82622510,0.35635823,-0.93425059,-0.01358454,1.81221020,0.93431962,0.35619292,0.01317769,-1.06685448
6,1597235137471621700,1597235137471552500,-0.00758597,-0.01680946,0.99983001,-0.82573199,0.35629022,-0.93428481,-0.01300423,1.81201982,0.93434465,0.35613099,0.01307648,-1.06473804
6,1597235137480350800,1597235137480282900,-0.00737709,-0.01714829,0.99982578,-0.82566476,0.35613516,-0.93433833,-0.01339739,1.81196964,0.93440539,0.35597432,0.01299980,-1.06327534
6,1597235137489608000,1597235137489314100,-0.00760812,-0.01738465,0.99981999,-0.82560551,0.35633031,-0.93426198,-0.01353327,1.81197977,0.93432915,0.35616317,0.01330259,-1.06171942
6,1597235137498350200,1597235137498289100,-0.00752646,-0.01677868,0.99983096,-0.82607770,0.35647345,-0.93421507,-0.01299412,1.81222868,0.93427515,0.35631540,0.01301241,-1.06072903
6,1597235137507454400,1597235137507367400,-0.00756308,-0.01664440,0.99983299,-0.82595271,0.35674757,-0.93411237,-0.01285178,1.81226647,0.93417031,0.35659078,0.01300260,-1.05871761
6,1597235137516318100,1597235137516298500,-0.00771508,-0.01713578,0.99982345,-0.82591891,0.35677028,-0.93409806,-0.01325632,1.81228805,0.93416035,0.35660502,0.01332015,-1.05716455
6,1597235137525399500,1597235137525311300,-0.00770938,-0.01710838,0.99982393,-0.82593513,0.35679984,-0.93408710,-0.01323235,1.81227231,0.93414915,0.35663503,0.01330552,-1.05563426
6,1597235137534326700,1597235137534266300,-0.00784710,-0.01663506,0.99983096,-0.82613730,0.35698497,-0.93402320,-0.01273840,1.81244445,0.93407720,0.35682464,0.01326776,-1.05444014
6,1597235137543394500,1597235137543355000,-0.00758067,-0.01662874,0.99983305,-0.82609648,0.35697785,-0.93402469,-0.01282768,1.81230450,0.93408215,0.35682103,0.01301652,-1.05220580
6,1597235137552225200,1597235137552184700,-0.00765231,-0.01698105,0.99982661,-0.82614744,0.35696024,-0.93402725,-0.01313147,1.81229353,0.93408829,0.35679784,0.01320899,-1.05061030
6,1597235137561569700,1597235137561523800,-0.00756538,-0.01689413,0.99982870,-0.82622552,0.35698527,-0.93401837,-0.01308097,1.81233215,0.93407941,0.35682517,0.01309708,-1.04886210
6,1597235137570416600,1597235137570100500,-0.00752801,-0.01635461,0.99983793,-0.82658774,0.35702899,-0.93400842,-0.01258969,1.81275535,0.93406296,0.35687637,0.01287022,-1.04774320
6,1597235137579467300,1597235137579229000,-0.00737914,-0.01664983,0.99983418,-0.82668841,0.35686406,-0.93406689,-0.01292086,1.81259394,0.93412721,0.35670957,0.01283428,-1.04584479
6,1597235137588135700,1597235137588041100,-0.00742736,-0.01670255,0.99983299,-0.82677674,0.35688964,-0.93405670,-0.01295255,1.81268227,0.93411708,0.35673380,0.01289847,-1.04422879
6,1597235137597209000,1597235137597193100,-0.00732893,-0.01692532,0.99982995,-0.82666641,0.35680240,-0.93408662,-0.01319700,1.81289411,0.93415117,0.35664502,0.01288480,-1.04313338
6,1597235137606186100,1597235137606125700,-0.00717208,-0.01695502,0.99983054,-0.82665610,0.35670954,-0.93412089,-0.01328193,1.81262851,0.93418789,0.35655385,0.01274759,-1.04144692
6,1597235137615260600,1597235137615234900,-0.00761718,-0.01701275,0.99982631,-0.82665634,0.35682905,-0.93407673,-0.01317550,1.81268728,0.93413872,0.35666674,0.01318565,-1.03984523
6,1597235137623980600,1597235137623889800,-0.00740793,-0.01671596,0.99983287,-0.82674873,0.35686132,-0.93406725,-0.01297240,1.81278682,0.93412805,0.35670558,0.01288474,-1.03834105
6,1597235137633182200,1597235137633066700,-0.00755489,-0.01666522,0.99983263,-0.82691818,0.35690627,-0.93405145,-0.01287195,1.81325817,0.93410969,0.35674930,0.01300454,-1.03751683
6,1597235137641916700,1597235137641791400,-0.00732920,-0.01686345,0.99983096,-0.82722366,0.35684270,-0.93407202,-0.01313855,1.81314385,0.93413579,0.35668609,0.01286355,-1.03600907
6,1597235137651098600,1597235137650979000,-0.00705516,-0.01678950,0.99983424,-0.82747799,0.35672820,-0.93411535,-0.01316874,1.81340754,0.93418169,0.35657614,0.01257956,-1.03464615
6,1597235137660041600,1597235137659954300,-0.00714314,-0.01665090,0.99983591,-0.82771146,0.35683605,-0.93407643,-0.01300640,1.81362581,0.93413973,0.35668463,0.01261386,-1.03329110
6,1597235137669141600,1597235137669101100,-0.00741974,-0.01662368,0.99983430,-0.82762045,0.35676560,-0.93410504,-0.01288330,1.81368279,0.93416452,0.35661089,0.01286152,-1.03217340
6,1597235137677838800,1597235137677749500,-0.00751463,-0.01688904,0.99982917,-0.82709557,0.35686278,-0.93406498,-0.01309601,1.81356847,0.93412662,0.35670343,0.01304621,-1.03072047
6,1597235137686836900,1597235137686752300,-0.00719589,-0.01703614,0.99982905,-0.82713652,0.35677984,-0.93409306,-0.01334829,1.81379032,0.93416083,0.35662279,0.01279974,-1.02933788
6,1597235137695755400,1597235137695685000,-0.00727794,-0.01678576,0.99983269,-0.82764077,0.35668042,-0.93413472,-0.01308646,1.81401384,0.93419814,0.35652554,0.01278564,-1.02838850
6,1597235137704852300,1597235137704779900,-0.00724488,-0.01705056,0.99982840,-0.82742989,0.35673505,-0.93411022,-0.01334490,1.81362605,0.93417758,0.35657719,0.01284999,-1.02594340
6,1597235137713411700,1597235137713363600,-0.00726280,-0.01701184,0.99982893,-0.82754886,0.35678050,-0.93409348,-0.01330170,1.81367946,0.93415999,0.35662287,0.01285356,-1.02465129
6,1597235137722484600,1597235137722418200,-0.00711668,-0.01698813,0.99983042,-0.82767665,0.35686833,-0.93405950,-0.01333048,1.81378710,0.93412757,0.35671297,0.01270989,-1.02333415
6,1597235137731400400,1597235137731380100,-0.00721976,-0.01686309,0.99983174,-0.82788396,0.35677037,-0.93409914,-0.01317824,1.81395793,0.93416423,0.35661525,0.01276019,-1.02216733
6,1597235137740569200,1597235137740490000,-0.00757846,-0.01679839,0.99983019,-0.82707942,0.35777962,-0.93371582,-0.01297571,1.81313598,0.93377531,0.35762057,0.01308620,-1.01815045
6,1597235137749397300,1597235137749225400,-0.00726691,-0.01714335,0.99982667,-0.82716954,0.35773045,-0.93372858,-0.01340997,1.81315064,0.93379664,0.35757101,0.01291800,-1.01676416
6,1597235137758594500,1597235137758544600,-0.00750250,-0.01659255,0.99983424,-0.82729703,0.35800931,-0.93363011,-0.01280748,1.81326854,0.93368793,0.35785389,0.01294482,-1.01525128
6,1597235137767338400,1597235137767280900,-0.00749394,-0.01666273,0.99983317,-0.82725596,0.35784948,-0.93369043,-0.01287828,1.81348825,0.93374926,0.35769325,0.01295972,-1.01410401
6,1597235137776447500,1597235137776216200,-0.00723919,-0.01676583,0.99983335,-0.82724166,0.35782796,-0.93369609,-0.01306601,1.81317651,0.93375951,0.35767376,0.01275840,-1.01204205
6,1597235137785309500,1597235137785158400,-0.00719649,-0.01716609,0.99982673,-0.82724798,0.35782197,-0.93369281,-0.01345514,1.81317329,0.93376213,0.35766318,0.01286164,-1.01056504
6,1597235137794280800,1597235137794207100,-0.00708181,-0.01706907,0.99982929,-0.82733059,0.35801545,-0.93361944,-0.01340293,1.81323826,0.93368882,0.35785940,0.01272264,-1.00911379
6,1597235137803317400,1597235137803262700,-0.00709367,-0.01659925,0.99983710,-0.82761282,0.35778302,-0.93371469,-0.01296309,1.81347764,0.93377787,0.35763279,0.01256236,-1.00799417
6,1597235137812534500,1597235137812427300,-0.00716671,-0.01647665,0.99983859,-0.82738519,0.35792512,-0.93366224,-0.01282055,1.81313586,0.93372285,0.35777548,0.01258865,-1.00588036
6,1597235137821324100,1597235137821275500,-0.00696367,-0.01668487,0.99983656,-0.82734829,0.35783094,-0.93369460,-0.01308892,1.81322587,0.93376052,0.35768133,0.01247224,-1.00437462
6,1597235137830342100,1597235137830262900,-0.00700271,-0.01698175,0.99983132,-0.82738119,0.35791561,-0.93365842,-0.01335105,1.81317008,0.93372774,0.35776177,0.01261613,-1.00289917
6,1597235137839144800,1597235137839108700,-0.00700903,-0.01651360,0.99983907,-0.82784390,0.35791278,-0.93366569,-0.01291165,1.81361091,0.93372881,0.35776472,0.01245445,-1.00191939
6,1597235137848133100,1597235137848081200,-0.00716275,-0.01661035,0.99983644,-0.82769865,0.35784501,-0.93369120,-0.01294792,1.81348431,0.93375361,0.35769370,0.01263165,-0.99985898
6,1597235137857072600,1597235137856993700,-0.00717652,-0.01632240,0.99984109,-0.82778561,0.35811812,-0.93359029,-0.01267042,1.81357932,0.93364877,0.35797027,0.01254526,-0.99841070
6,1597235137866274800,1597235137866185100,-0.00699773,-0.01623292,0.99984378,-0.82790458,0.35785261,-0.93369228,-0.01265439,1.81371880,0.93375188,0.35770819,0.01234269,-0.99717641
6,1597235137875208300,1597235137875155600,-0.00698298,-0.01626903,0.99984330,-0.82793075,0.35784283,-0.93369550,-0.01269352,1.81349254,0.93375582,0.35769814,0.01234171,-0.99533451
6,1597235137883965200,1597235137883897900,-0.00712532,-0.01636553,0.99984074,-0.82797539,0.35780364,-0.93370998,-0.01273323,1.81360483,0.93376970,0.35765594,0.01250857,-0.99381471
6,1597235137892983400,1597235137892943400,-0.00675586,-0.01657625,0.99983978,-0.82802927,0.35781837,-0.93369979,-0.01306196,1.81372535,0.93376684,0.35767281,0.01223919,-0.99235630
6,1597235137901953600,1597235137901892100,-0.00680861,-0.01622908,0.99984515,-0.82819057,0.35772672,-0.93373966,-0.01272008,1.81387830,0.93380153,0.35758471,0.01216301,-0.99106932
6,1597235137910904500,1597235137910819600,-0.00707945,-0.01620291,0.99984372,-0.82826900,0.35765290,-0.93376952,-0.01259978,1.81373310,0.93382782,0.35750782,0.01240557,-0.98954308
6,1597235137919883700,1597235137919819800,-0.00686759,-0.01626767,0.99984413,-0.82829690,0.35767475,-0.93375933,-0.01273571,1.81382024,0.93382102,0.35753155,0.01223117,-0.98808193
6,1597235137928791100,1597235137928737300,-0.00678343,-0.01652837,0.99984044,-0.82838845,0.35761473,-0.93377852,-0.01301007,1.81392622,0.93384463,0.35746941,0.01224497,-0.98666406
6,1597235137938187400,1597235137938051800,-0.00708348,-0.01605174,0.99984610,-0.82830286,0.35770455,-0.93375170,-0.01245647,1.81382549,0.93380797,0.35756129,0.01235598,-0.98474491
6,1597235137946846100,1597235137946805200,-0.00703034,-0.01637912,0.99984121,-0.82831675,0.35754898,-0.93380684,-0.01278328,1.81388593,0.93386799,0.35740235,0.01242125,-0.98331618
6,1597235137955948400,1597235137955890200,-0.00702247,-0.01666029,0.99983656,-0.82836604,0.35767907,-0.93375337,-0.01304694,1.81393051,0.93381822,0.35752904,0.01251629,-0.98188066
6,1597235137964784500,1597235137964701700,-0.00719407,-0.01687123,0.99983180,-0.82838655,0.35759351,-0.93378425,-0.01318375,1.81411552,0.93384969,0.35743853,0.01275074,-0.98061776
6,1597235137974043300,1597235137973829700,-0.00728050,-0.01698731,0.99982923,-0.82832205,0.35751161,-0.93381447,-0.01326240,1.81380510,0.93388033,0.35735402,0.01287177,-0.97848082
6,1597235137982712000,1597235137982596100,-0.00713870,-0.01660870,0.99983656,-0.82839221,0.35756156,-0.93379962,-0.01295880,1.81389689,0.93386233,0.35741067,0.01260471,-0.97701168
6,1597235137991894700,1597235137991803000,-0.00675657,-0.01684947,0.99983525,-0.82841766,0.35751268,-0.93381321,-0.01332091,1.81393445,0.93388391,0.35736376,0.01233327,-0.97549820
6,1597235138000609800,1597235138000557300,-0.00663069,-0.01627050,0.99984568,-0.82859588,0.35767135,-0.93375945,-0.01282311,1.81408906,0.93382400,0.35753116,0.01201090,-0.97410786
6,1597235138009646800,1597235138009607500,-0.00663158,-0.01638582,0.99984378,-0.82853019,0.35763374,-0.93377233,-0.01293097,1.81391251,0.93383843,0.35749215,0.01205251,-0.97180855
6,1597235138018579100,1597235138018487800,-0.00676849,-0.01644272,0.99984199,-0.82854581,0.35767508,-0.93375647,-0.01293462,1.81402051,0.93382162,0.35753101,0.01220119,-0.97026050
6,1597235138027569200,1597235138027505200,-0.00649691,-0.01642862,0.99984401,-0.82864082,0.35751048,-0.93381828,-0.01302066,1.81415546,0.93388665,0.35737014,0.01194030,-0.96871793
6,1597235138036436400,1597235138036382100,-0.00666997,-0.01622929,0.99984610,-0.82883179,0.35763228,-0.93377513,-0.01277110,1.81410766,0.93383873,0.35749206,0.01203233,-0.96716535
6,1597235138045510800,1597235138045467400,-0.00674933,-0.01642016,0.99984241,-0.82858306,0.35767138,-0.93375808,-0.01292044,1.81385648,0.93382317,0.35752782,0.01217520,-0.96502221
6,1597235138054447900,1597235138054379800,-0.00638902,-0.01678425,0.99983877,-0.82860136,0.35756516,-0.93379211,-0.01339066,1.81391835,0.93386638,0.35742196,0.01196748,-0.96344292
6,1597235138063561400,1597235138063474400,-0.00600886,-0.01674902,0.99984175,-0.82881743,0.35750192,-0.93381488,-0.01349445,1.81412184,0.93389308,0.35736427,0.01159894,-0.96250319
6,1597235138072415100,1597235138072394400,-0.00596803,-0.01662299,0.99984407,-0.82874697,0.35742933,-0.93384409,-0.01339221,1.81389832,0.93392122,0.35729367,0.01151475,-0.96060133
6,1597235138081690300,1597235138081645800,-0.00626397,-0.01675443,0.99984002,-0.82871234,0.35762936,-0.93376732,-0.01340673,1.81386375,0.93384266,0.35748819,0.01184091,-0.95901787
6,1597235138090477100,1597235138090421300,-0.00620854,-0.01583378,0.99985546,-0.82885283,0.35767224,-0.93376261,-0.01256618,1.81397617,0.93382657,0.35754251,0.01146054,-0.95757210
6,1597235138099468100,1597235138099434200,-0.00601441,-0.01664507,0.99984342,-0.82905674,0.35750538,-0.93381494,-0.01339535,1.81432605,0.93389177,0.35736886,0.01156700,-0.95631707
6,1597235138108330500,1597235138108283800,-0.00611916,-0.01637332,0.99984729,-0.82918847,0.35747507,-0.93383068,-0.01310447,1.81432104,0.93390274,0.35734031,0.01156729,-0.95444787
6,1597235138116810600,1597235138116763500,-0.00607389,-0.01688503,0.99983907,-0.82922292,0.35745877,-0.93382984,-0.01359878,1.81440485,0.93390924,0.35731864,0.01170763,-0.95297301
6,1597235138125800400,1597235138125745700,-0.00612795,-0.01657851,0.99984384,-0.82938409,0.35754097,-0.93380278,-0.01329215,1.81455171,0.93387747,0.35740370,0.01164979,-0.95144069
6,1597235138134743100,1597235138134704000,-0.00597385,-0.01653896,0.99984539,-0.82888937,0.35749111,-0.93382162,-0.01331090,1.81413627,0.93389750,0.35735634,0.01149097,-0.95013380
6,1597235138143816400,1597235138143775700,-0.00591308,-0.01707628,0.99983674,-0.82860887,0.35744920,-0.93383002,-0.01383499,1.81371212,0.93391395,0.35730904,0.01162565,-0.94838941
6,1597235138152834300,1597235138152806900,-0.00571755,-0.01716937,0.99983627,-0.82853770,0.35739750,-0.93384749,-0.01399244,1.81365192,0.93393493,0.35725901,0.01147556,-0.94688153
6,1597235138161623400,1597235138161604100,-0.00591508,-0.01632433,0.99984926,-0.82944465,0.35739231,-0.93386197,-0.01313266,1.81434047,0.93393570,0.35726079,0.01135802,-0.94548154
6,1597235138170656900,1597235138170621600,-0.00585395,-0.01641250,0.99984819,-0.82918203,0.35722369,-0.93392497,-0.01323889,1.81411576,0.93400061,0.35709196,0.01133007,-0.94330001
6,1597235138179783900,1597235138179639400,-0.00592801,-0.01625679,0.99985033,-0.82924736,0.35739312,-0.93386263,-0.01306494,1.81411326,0.93393528,0.35726219,0.01134592,-0.94179678
6,1597235138188706700,1597235138188550600,-0.00580916,-0.01677245,0.99984252,-0.82927203,0.35738772,-0.93385720,-0.01358911,1.81415796,0.93393809,0.35725254,0.01141912,-0.94026542
6,1597235138197680600,1597235138197529400,-0.00595927,-0.01669380,0.99984294,-0.82934749,0.35744447,-0.93383735,-0.01346130,1.81435800,0.93391538,0.35730812,0.01153207,-0.93895328
6,1597235138206549900,1597235138206482700,-0.00616255,-0.01667699,0.99984193,-0.82927185,0.35743213,-0.93384331,-0.01337312,1.81419265,0.93391883,0.35729325,0.01171571,-0.93689203
6,1597235138215122500,1597235138215036600,-0.00606892,-0.01699305,0.99983722,-0.82933462,0.35736206,-0.93386537,-0.01370267,1.81428111,0.93394625,0.35722074,0.01174015,-0.93544281
6,1597235138224256800,1597235138224230400,-0.00576922,-0.01717466,0.99983585,-0.82940227,0.35738888,-0.93385100,-0.01397902,1.81432486,0.93393791,0.35724959,0.01152560,-0.93394613
6,1597235138233139300,1597235138233109500,-0.00590530,-0.01681796,0.99984115,-0.82950151,0.35749295,-0.93381685,-0.01359595,1.81450057,0.93389720,0.35735589,0.01152673,-0.93269169
6,1597235138242008000,1597235138241945400,-0.00608417,-0.01693486,0.99983811,-0.82948792,0.35743150,-0.93383968,-0.01364198,1.81429791,0.93391955,0.35729066,0.01173466,-0.93073535
6,1597235138251117500,1597235138250930600,-0.00598896,-0.01712374,0.99983549,-0.82959491,0.35749352,-0.93381286,-0.01385162,1.81437993,0.93389642,0.35735178,0.01171413,-0.92921770
6,1597235138259927600,1597235138259861300,-0.00573954,-0.01670411,0.99984407,-0.82969117,0.35749200,-0.93381786,-0.01354888,1.81451702,0.93389863,0.35735849,0.01133120,-0.92771959
6,1597235138269045600,1597235138268949000,-0.00578150,-0.01696351,0.99983943,-0.82959032,0.35756728,-0.93378574,-0.01377523,1.81457353,0.93386954,0.35743025,0.01146424,-0.92635798
6,1597235138277821300,1597235138277786700,-0.00586522,-0.01688105,0.99984038,-0.82962477,0.35757074,-0.93378597,-0.01366825,1.81427479,0.93386775,0.35743350,0.01151296,-0.92459655
6,1597235138286826600,1597235138286766000,-0.00588375,-0.01683941,0.99984092,-0.82968724,0.35764426,-0.93375850,-0.01362182,1.81440020,0.93383944,0.35750723,0.01151648,-0.92311561
6,1597235138296099600,1597235138296007800,-0.00570890,-0.01704773,0.99983835,-0.82976478,0.35762230,-0.93376315,-0.01387917,1.81445742,0.93384892,0.35748529,0.01142740,-0.92158413
6,1597235138305040900,1597235138304867200,-0.00583282,-0.01687856,0.99984062,-0.82981008,0.35765266,-0.93375450,-0.01367648,1.81450653,0.93383652,0.35751587,0.01148301,-0.92021251
6,1597235138313776000,1597235138313716600,-0.00576976,-0.01695129,0.99983972,-0.82980287,0.35756451,-0.93378693,-0.01376806,1.81439078,0.93387067,0.35742775,0.01144886,-0.91844964
6,1597235138322749100,1597235138322698100,-0.00573978,-0.01685841,0.99984145,-0.82986063,0.35765764,-0.93375236,-0.01369088,1.81440961,0.93383515,0.35752237,0.01138902,-0.91700888
6,1597235138331782200,1597235138331704700,-0.00602749,-0.01656927,0.99984455,-0.82991403,0.35769737,-0.93374252,-0.01331750,1.81445897,0.93381816,0.35756153,0.01155490,-0.91545141
6,1597235138340760300,1597235138340728700,-0.00613812,-0.01693580,0.99983776,-0.82964152,0.35764727,-0.93375736,-0.01362088,1.81414449,0.93383670,0.35750568,0.01178855,-0.91358602
6,1597235138349796300,1597235138349723400,-0.00595671,-0.01708078,0.99983644,-0.82959998,0.35763174,-0.93376034,-0.01382133,1.81411099,0.93384373,0.35749093,0.01167074,-0.91206717
6,1597235138358654100,1597235138358582100,-0.00610891,-0.01727054,0.99983221,-0.82950318,0.35765311,-0.93375033,-0.01394384,1.81416881,0.93383461,0.35750797,0.01188102,-0.91050589
6,1597235138367791600,1597235138367669100,-0.00599027,-0.01684633,0.99984014,-0.82986039,0.35766754,-0.93375003,-0.01358992,1.81445348,0.93382984,0.35752898,0.01161876,-0.90918946
6,1597235138376701000,1597235138376622300,-0.00634116,-0.01701511,0.99983513,-0.82967979,0.35772282,-0.93372840,-0.01362138,1.81416881,0.93380630,0.35757750,0.01200753,-0.90708470
6,1597235138385686300,1597235138385541300,-0.00623849,-0.01698735,0.99983627,-0.82969970,0.35772106,-0.93372893,-0.01363218,1.81421542,0.93380773,0.35757744,0.01190174,-0.90551472
6,1597235138394593100,1597235138394492100,-0.00612038,-0.01726589,0.99983221,-0.82968581,0.35777137,-0.93370521,-0.01393392,1.81419802,0.93378919,0.35762608,0.01189178,-0.90397024
6,1597235138403575500,1597235138403495100,-0.00631252,-0.01657051,0.99984276,-0.82997954,0.35780314,-0.93370348,-0.01321539,1.81430650,0.93377578,0.35766348,0.01182297,-0.90242362
6,1597235138412528800,1597235138412461800,-0.00634643,-0.01664157,0.99984139,-0.83003324,0.35773998,-0.93372691,-0.01327043,1.81433344,0.93379974,0.35759905,0.01187915,-0.90050745
6,1597235138421518200,1597235138421464600,-0.00645095,-0.01693428,0.99983579,-0.83005500,0.35781991,-0.93369287,-0.01350535,1.81435680,0.93376839,0.35767406,0.01208264,-0.89889646
6,1597235138430544100,1597235138430457200,-0.00653648,-0.01653273,0.99984199,-0.83010751,0.35784572,-0.93368876,-0.01309945,1.81440139,0.93375784,0.35770360,0.01201922,-0.89749753
6,1597235138439513000,1597235138439456300,-0.00647932,-0.01670769,0.99983948,-0.83003849,0.35775381,-0.93372142,-0.01328447,1.81422973,0.93379354,0.35761029,0.01202708,-0.89578545
6,1597235138448553400,1597235138448485400,-0.00619829,-0.01680592,0.99983960,-0.83002782,0.35774031,-0.93372381,-0.01347687,1.81426120,0.93380058,0.35759944,0.01179963,-0.89429414
6,1597235138457556900,1597235138457458300,-0.00647202,-0.01690319,0.99983621,-0.83003294,0.35781774,-0.93369424,-0.01346883,1.81430638,0.93376905,0.35767204,0.01209110,-0.89271283
6,1597235138466760200,1597235138466563600,-0.00629640,-0.01659611,0.99984246,-0.83016765,0.35775694,-0.93372077,-0.01324565,1.81451702,0.93379354,0.35761717,0.01181638,-0.89120018
6,1597235138475452400,1597235138475394000,-0.00648534,-0.01681870,0.99983758,-0.83013308,0.35775238,-0.93372047,-0.01338599,1.81432593,0.93379408,0.35760745,0.01207241,-0.88939166
6,1597235138484394300,1597235138484298800,-0.00629273,-0.01663919,0.99984175,-0.83020508,0.35774797,-0.93372357,-0.01328729,1.81436670,0.93379706,0.35760778,0.01182830,-0.88788688
6,1597235138493602000,1597235138493440600,-0.00619373,-0.01691914,0.99983770,-0.83024037,0.35772943,-0.93372643,-0.01358438,1.81439650,0.93380481,0.35758728,0.01183566,-0.88636112
6,1597235138502261500,1597235138502204500,-0.00614393,-0.01681124,0.99983984,-0.83028257,0.35775650,-0.93371725,-0.01350108,1.81444120,0.93379474,0.35761625,0.01175097,-0.88491476
6,1597235138511582100,1597235138511489400,-0.00660375,-0.01643795,0.99984312,-0.83031178,0.35788471,-0.93367541,-0.01298637,1.81431329,0.93374246,0.35774282,0.01204863,-0.88311028
6,1597235138520508900,1597235138520473800,-0.00600550,-0.01656809,0.99984479,-0.83035415,0.35772914,-0.93373030,-0.01332386,1.81435311,0.93380612,0.35759360,0.01153439,-0.88165212
6,1597235138529325000,1597235138529284200,-0.00619560,-0.01632448,0.99984765,-0.83052880,0.35779881,-0.93370777,-0.01302750,1.81440127,0.93377817,0.35766357,0.01162571,-0.87995625
6,1597235138538419400,1597235138538322700,-0.00612766,-0.01636027,0.99984741,-0.83061749,0.35780632,-0.93370408,-0.01308514,1.81442428,0.93377578,0.35767156,0.01157519,-0.87839317
6,1597235138547283400,1597235138547238400,-0.00618342,-0.01663581,0.99984252,-0.83043313,0.35767031,-0.93375283,-0.01332421,1.81434989,0.93382752,0.35753161,0.01172388,-0.87639594
6,1597235138556342500,1597235138556290200,-0.00598347,-0.01658225,0.99984467,-0.83045238,0.35772297,-0.93373233,-0.01334503,1.81435502,0.93380868,0.35758758,0.01151878,-0.87479734
6,1597235138565258300,1597235138565223300,-0.00580162,-0.01631732,0.99985003,-0.83055288,0.35763624,-0.93376815,-0.01316369,1.81446230,0.93384302,0.35750628,0.01125303,-0.87349927
6,1597235138574120100,1597235138574010200,-0.00602773,-0.01655366,0.99984479,-0.83046865,0.35745689,-0.93383479,-0.01330581,1.81437814,0.93391025,0.35732126,0.01154605,-0.87163258
6,1597235138583197100,1597235138583109500,-0.00611913,-0.01656774,0.99984407,-0.83050263,0.35757017,-0.93379176,-0.01328487,1.81437922,0.93386626,0.35743314,0.01163808,-0.87002850
6,1597235138592179900,1597235138591977200,-0.00602895,-0.01658654,0.99984431,-0.83050990,0.35759854,-0.93378013,-0.01333433,1.81438828,0.93385601,0.35746253,0.01156098,-0.86850464
6,1597235138601220100,1597235138601087900,-0.00590095,-0.01658973,0.99984503,-0.83050120,0.35760781,-0.93377590,-0.01338294,1.81444860,0.93385321,0.35747343,0.01144275,-0.86702585
6,1597235138610139800,1597235138610013600,-0.00589579,-0.01667167,0.99984372,-0.83047307,0.35745633,-0.93383276,-0.01346317,1.81437469,0.93391132,0.35732108,0.01146504,-0.86506009
6,1597235138619100200,1597235138619034100,-0.00603813,-0.01664977,0.99984318,-0.83048707,0.35754335,-0.93380046,-0.01339078,1.81444073,0.93387711,0.35740647,0.01159140,-0.86335742
6,1597235138628013400,1597235138627968300,-0.00586241,-0.01685806,0.99984074,-0.83053833,0.35746804,-0.93382555,-0.01364902,1.81449175,0.93390703,0.35733110,0.01150066,-0.86170113
6,1597235138636969400,1597235138636882200,-0.00588459,-0.01645976,0.99984723,-0.83051598,0.35735106,-0.93387580,-0.01327054,1.81435478,0.93395168,0.35721841,0.01137736,-0.86020648
6,1597235138645899400,1597235138645856500,-0.00589657,-0.01646288,0.99984711,-0.83053017,0.35738370,-0.93386334,-0.01326878,1.81437278,0.93393910,0.35725087,0.01139012,-0.85858500
6,1597235138654912500,1597235138654840100,-0.00559440,-0.01659523,0.99984664,-0.83055866,0.35731363,-0.93388683,-0.01350119,1.81439185,0.93396777,0.35718331,0.01115420,-0.85691166
6,1597235138663892300,1597235138663806800,-0.00563946,-0.01647711,0.99984843,-0.83062094,0.35725519,-0.93391097,-0.01337547,1.81440830,0.93398988,0.35712561,0.01115322,-0.85535860
6,1597235138672960800,1597235138672874500,-0.00584716,-0.01638231,0.99984872,-0.83059931,0.35731757,-0.93388945,-0.01321197,1.81425095,0.93396473,0.35718626,0.01131424,-0.85358536
6,1597235138681841300,1597235138681771100,-0.00522667,-0.01638010,0.99985224,-0.83058536,0.35719800,-0.93393201,-0.01343294,1.81426239,0.93401414,0.35707504,0.01073223,-0.85198462
6,1597235138690764500,1597235138690718600,-0.00530306,-0.01627497,0.99985355,-0.83059561,0.35730252,-0.93389386,-0.01330624,1.81423974,0.93397367,0.35717961,0.01076755,-0.85038579
6,1597235138699742100,1597235138699686600,-0.00542924,-0.01658063,0.99984783,-0.83066630,0.35725841,-0.93390727,-0.01354720,1.81430054,0.93398988,0.35713050,0.01099393,-0.84873569
6,1597235138708820200,1597235138708783200,-0.00527862,-0.01636775,0.99985218,-0.83084500,0.35716444,-0.93394530,-0.01340324,1.81447196,0.93402666,0.35704088,0.01077589,-0.84719503
6,1597235138717636700,1597235138717596800,-0.00505328,-0.01628280,0.99985468,-0.83089888,0.35718098,-0.93393898,-0.01340416,1.81455374,0.93402159,0.35706139,0.01053530,-0.84562147
6,1597235138726717300,1597235138726629700,-0.00498062,-0.01623018,0.99985594,-0.83096099,0.35727274,-0.93390423,-0.01337992,1.81462967,0.93398684,0.35715467,0.01045001,-0.84397650
6,1597235138735619800,1597235138735530800,-0.00493371,-0.01643860,0.99985278,-0.83067101,0.35724998,-0.93390989,-0.01359161,1.81445765,0.93399584,0.35713029,0.01048031,-0.84222794
6,1597235138744682500,1597235138744613500,-0.00474498,-0.01649520,0.99985278,-0.83074403,0.35713708,-0.93395126,-0.01371314,1.81441617,0.93403995,0.35701942,0.01032257,-0.84058762
6,1597235138753619000,1597235138753559900,-0.00465909,-0.01638959,0.99985486,-0.83079737,0.35717475,-0.93393785,-0.01364473,1.81438792,0.93402600,0.35705939,0.01020521,-0.83897305
6,1597235138762622700,1597235138762537900,-0.00470120,-0.01604944,0.99986017,-0.83106786,0.35722321,-0.93392414,-0.01331146,1.81442213,0.93400729,0.35711068,0.01012373,-0.83741415
6,1597235138771585900,1597235138771538600,-0.00467297,-0.01602650,0.99986070,-0.83108747,0.35714641,-0.93395364,-0.01330093,1.81430757,0.93403679,0.35703453,0.01008812,-0.83580697
6,1597235138780544800,1597235138780480300,-0.00451028,-0.01619035,0.99985880,-0.83115947,0.35717162,-0.93394101,-0.01351179,1.81424594,0.93402797,0.35706025,0.00999504,-0.83421874
6,1597235138789550200,1597235138789390100,-0.00461304,-0.01625651,0.99985731,-0.83120501,0.35723820,-0.93391514,-0.01353620,1.81425261,0.93400198,0.35712481,0.01011556,-0.83263028
6,1597235138799052600,1597235138798780300,-0.00465116,-0.01600929,0.99986106,-0.83120102,0.35723037,-0.93392169,-0.01329173,1.81438637,0.93400478,0.35711890,0.01006281,-0.83097219
6,1597235138807554100,1597235138807496100,-0.00459975,-0.01626973,0.99985713,-0.83110350,0.35709441,-0.93396991,-0.01355483,1.81412864,0.93405700,0.35698104,0.01010579,-0.82930481
6,1597235138816702600,1597235138816522000,-0.00456545,-0.01609604,0.99986005,-0.83113670,0.35715434,-0.93394917,-0.01340420,1.81407487,0.93403423,0.35704318,0.01001266,-0.82764101
6,1597235138825404900,1597235138825338900,-0.00450170,-0.01634338,0.99985641,-0.83104914,0.35715243,-0.93394619,-0.01365801,1.81407213,0.93403530,0.35703963,0.01004139,-0.82602644
6,1597235138834529000,1597235138834474500,-0.00458446,-0.01628599,0.99985695,-0.83134854,0.35717589,-0.93393844,-0.01357461,1.81425500,0.93402594,0.35706255,0.01009849,-0.82461786
6,1597235138843529900,1597235138843491800,-0.00454810,-0.01629303,0.99985695,-0.83128148,0.35710341,-0.93396586,-0.01359495,1.81417930,0.93405384,0.35699052,0.01006606,-0.82300031
6,1597235138852419700,1597235138852353600,-0.00439364,-0.01641375,0.99985564,-0.83131170,0.35705972,-0.93398011,-0.01376332,1.81422830,0.93407124,0.35694772,0.00996420,-0.82132077
6,1597235138861476500,1597235138861301700,-0.00425076,-0.01653856,0.99985421,-0.83134788,0.35703149,-0.93398839,-0.01393120,1.81421804,0.93408275,0.35692024,0.00987491,-0.81972861
6,1597235138870468400,1597235138870405900,-0.00449806,-0.01638535,0.99985570,-0.83134341,0.35696566,-0.93401700,-0.01370053,1.81429672,0.93410677,0.35685253,0.01005024,-0.81805742
6,1597235138879305200,1597235138879268500,-0.00443861,-0.01619799,0.99985898,-0.83140755,0.35702229,-0.93399757,-0.01354612,1.81426263,0.93408537,0.35691181,0.00992867,-0.81643593
6,1597235138888350500,1597235138888281800,-0.00412923,-0.01632272,0.99985826,-0.83146459,0.35691336,-0.93403590,-0.01377419,1.81430423,0.93412840,0.35680592,0.00968260,-0.81479537
6,1597235138897394800,1597235138897298000,-0.00413582,-0.01639938,0.99985701,-0.83148092,0.35694605,-0.93402237,-0.01384311,1.81427717,0.93411595,0.35683778,0.00971660,-0.81319618
6,1597235138906340900,1597235138906296300,-0.00433719,-0.01643558,0.99985558,-0.83137518,0.35695785,-0.93401843,-0.01380493,1.81417727,0.93411052,0.35684645,0.00991780,-0.81155682
6,1597235138915332000,1597235138915200100,-0.00421870,-0.01679900,0.99984998,-0.83135092,0.35687837,-0.93404305,-0.01418757,1.81417406,0.93414140,0.35676500,0.00993562,-0.80989945
6,1597235138923966700,1597235138923882900,-0.00427485,-0.01662216,0.99985278,-0.83131289,0.35693511,-0.93402421,-0.01400172,1.81417811,0.93411946,0.35682270,0.00992575,-0.80831933
6,1597235138932833900,1597235138932799300,-0.00400355,-0.01665290,0.99985337,-0.83174199,0.35690638,-0.93403327,-0.01412755,1.81447089,0.93413162,0.35679755,0.00968295,-0.80697918
6,1597235138941774700,1597235138941733000,-0.00435516,-0.01662201,0.99985242,-0.83159930,0.35690913,-0.93403453,-0.01397318,1.81427526,0.93412900,0.35679561,0.01000038,-0.80528355
6,1597235138950985700,1597235138950780300,-0.00403771,-0.01682281,0.99985039,-0.83163947,0.35685208,-0.93405181,-0.01427465,1.81435978,0.93415225,0.35674107,0.00977468,-0.80366039
6,1597235138959843500,1597235138959783200,-0.00427818,-0.01675037,0.99985063,-0.83165216,0.35695753,-0.93401384,-0.01412005,1.81436837,0.93411088,0.35684380,0.00997502,-0.80201578
6,1597235138968695400,1597235138968676000,-0.00424910,-0.01674525,0.99985075,-0.83163756,0.35698909,-0.93400168,-0.01412534,1.81451952,0.93409902,0.35687584,0.00994653,-0.80055225
6,1597235138977729900,1597235138977660600,-0.00414953,-0.01688826,0.99984884,-0.83167154,0.35679269,-0.93407416,-0.01429654,1.81444240,0.93417442,0.35667944,0.00990152,-0.79894996
6,1597235138986698400,1597235138986678000,-0.00411302,-0.01697873,0.99984747,-0.83167177,0.35672304,-0.93409920,-0.01439480,1.81449294,0.93420124,0.35660940,0.00989863,-0.79728603
6,1597235138995771200,1597235138995597100,-0.00409791,-0.01704216,0.99984640,-0.83173227,0.35681140,-0.93406451,-0.01445853,1.81446648,0.93416750,0.35669738,0.00990850,-0.79563725
6,1597235139004877300,1597235139004707900,-0.00576958,-0.01543999,0.99986422,-0.83139086,0.35683715,-0.93408471,-0.01236514,1.81445563,0.93414885,0.35671735,0.01089880,-0.79383540
6,1597235139013667500,1597235139013592900,-0.00635481,-0.01515722,0.99986500,-0.83135498,0.35597432,-0.93441987,-0.01190269,1.81411314,0.93447423,0.35585064,0.01133358,-0.79230392
6,1597235139022618700,1597235139022463900,-0.00687030,-0.01514676,0.99986172,-0.83121049,0.35593203,-0.93443841,-0.01170999,1.81397617,0.93448663,0.35580236,0.01181105,-0.79063344
6,1597235139031604500,1597235139031538200,-0.00757611,-0.01556395,0.99985027,-0.83160293,0.35590631,-0.93444645,-0.01184908,1.81373358,0.93449098,0.35576323,0.01261872,-0.78876424
6,1597235139040519500,1597235139040504100,-0.00765780,-0.01567988,0.99984777,-0.83158004,0.35619920,-0.93433392,-0.01192437,1.81399858,0.93437874,0.35605371,0.01274008,-0.78721380
6,1597235139049632200,1597235139049548100,-0.00797373,-0.01588158,0.99984211,-0.83149797,0.35620397,-0.93433112,-0.01200028,1.81391025,0.93437427,0.35605204,0.01310715,-0.78545523
6,1597235139058468700,1597235139058411000,-0.00833169,-0.01547788,0.99984550,-0.83145523,0.35614979,-0.93435812,-0.01149635,1.81374669,0.93439174,0.35599902,0.01329717,-0.78363597
6,1597235139067626400,1597235139067543000,-0.00812209,-0.01523662,0.99985093,-0.83190328,0.35613921,-0.93436396,-0.01134563,1.81395030,0.93439770,0.35599399,0.01301533,-0.78288305
6,1597235139076537600,1597235139076481900,-0.00834957,-0.01483102,0.99985516,-0.83177358,0.35667792,-0.93416405,-0.01087809,1.81428146,0.93419015,0.35653546,0.01308972,-0.78118861
6,1597235139085560200,1597235139085523800,-0.00877932,-0.01484857,0.99985129,-0.83174598,0.35663378,-0.93418247,-0.01074189,1.81422520,0.93420309,0.35648644,0.01349694,-0.77948189
6,1597235139094404300,1597235139094315700,-0.00900570,-0.01463586,0.99985236,-0.83176219,0.35665038,-0.93417931,-0.01046220,1.81416595,0.93419456,0.35650355,0.01363277,-0.77779877
6,1597235139103457400,1597235139103432900,-0.00821537,-0.01490708,0.99985516,-0.83222413,0.35640815,-0.93426555,-0.01100074,1.81432903,0.93429434,0.35626617,0.01298827,-0.77677619
6,1597235139112333000,1597235139112285400,-0.00804195,-0.01471768,0.99985939,-0.83262491,0.35659257,-0.93419653,-0.01088305,1.81505966,0.93422544,0.35645494,0.01276091,-0.77603900
6,1597235139121499400,1597235139121448100,-0.00806126,-0.01487020,0.99985695,-0.83273786,0.35649428,-0.93423247,-0.01102000,1.81509900,0.93426275,0.35635448,0.01283219,-0.77451420
6,1597235139130384300,1597235139130340700,-0.00763890,-0.01505674,0.99985754,-0.83254522,0.35644421,-0.93424767,-0.01134552,1.81485868,0.93428540,0.35630679,0.01250347,-0.77324700
6,1597235139139808800,1597235139139756500,-0.00771040,-0.01506712,0.99985683,-0.83262169,0.35660151,-0.93418789,-0.01132761,1.81500673,0.93422484,0.35646310,0.01257586,-0.77166665
6,1597235139148334600,1597235139148309700,-0.00790089,-0.01505066,0.99985558,-0.83265340,0.35663474,-0.93417621,-0.01124387,1.81501627,0.93421054,0.35649440,0.01274839,-0.77032757
6,1597235139157293600,1597235139157267800,-0.00808311,-0.01498538,0.99985504,-0.83274966,0.35662624,-0.93418092,-0.01111804,1.81499290,0.93421221,0.35648471,0.01289523,-0.76886320
6,1597235139166208600,1597235139166193100,-0.00733984,-0.01518425,0.99985784,-0.83279359,0.35650635,-0.93422121,-0.01157041,1.81494963,0.93426406,0.35637075,0.01227021,-0.76754045
6,1597235139175393200,1597235139175363700,-0.00757989,-0.01522483,0.99985540,-0.83290195,0.35649297,-0.93422687,-0.01152294,1.81527042,0.93426728,0.35635409,0.01250884,-0.76592648
6,1597235139184319400,1597235139184231300,-0.00772649,-0.01524965,0.99985385,-0.83302927,0.35644710,-0.93424475,-0.01149452,1.81532788,0.93428367,0.35630620,0.01265410,-0.76450944
6,1597235139193380200,1597235139193247800,-0.00771195,-0.01507418,0.99985671,-0.83314127,0.35642290,-0.93425590,-0.01133605,1.81534064,0.93429303,0.35628441,0.01257765,-0.76308262
6,1597235139202238600,1597235139202087800,-0.00684747,-0.01577769,0.99985212,-0.83286661,0.35618752,-0.93433344,-0.01230449,1.81511188,0.93438947,0.35605061,0.01201758,-0.76120210
6,1597235139211375500,1597235139211240300,-0.00692239,-0.01589365,0.99984974,-0.83295143,0.35606971,-0.93437725,-0.01238766,1.81519890,0.93443382,0.35593051,0.01212734,-0.75937712
6,1597235139220120800,1597235139220039100,-0.00701073,-0.01596138,0.99984801,-0.83302224,0.35605866,-0.93438101,-0.01241968,1.81521440,0.93443739,0.35591751,0.01223388,-0.75795078
6,1597235139229221400,1597235139229060000,-0.00659990,-0.01611504,0.99984843,-0.83319551,0.35594758,-0.93441939,-0.01271091,1.81522000,0.93448263,0.35580975,0.01190317,-0.75700986
6,1597235139238035300,1597235139237943600,-0.00668958,-0.01625378,0.99984556,-0.83312690,0.35578442,-0.93448019,-0.01281077,1.81527138,0.93454409,0.35564381,0.01203406,-0.75496995
6,1597235139247071500,1597235139246972800,-0.00660682,-0.01625615,0.99984604,-0.83317852,0.35574883,-0.93449330,-0.01284288,1.81528604,0.93455827,0.35560927,0.01195714,-0.75356770
6,1597235139255993000,1597235139255936800,-0.00651154,-0.01624359,0.99984694,-0.83332944,0.35566616,-0.93452448,-0.01286607,1.81531262,0.93459046,0.35552794,0.01186243,-0.75216115
6,1597235139265040000,1597235139264986100,-0.00623578,-0.01610440,0.99985093,-0.83334661,0.35562819,-0.93453932,-0.01283448,1.81525040,0.93460673,0.35549513,0.01155472,-0.75060189
6,1597235139273906300,1597235139273881900,-0.00657105,-0.01613839,0.99984825,-0.83331305,0.35562629,-0.93454129,-0.01274711,1.81546402,0.93460518,0.35548854,0.01188007,-0.74840641
6,1597235139283048000,1597235139282949000,-0.00643101,-0.01615842,0.99984884,-0.83341360,0.35552305,-0.93457955,-0.01281691,1.81557202,0.93464547,0.35538691,0.01175493,-0.74695063
6,1597235139291878900,1597235139291831600,-0.00634766,-0.01617756,0.99984902,-0.83353770,0.35545805,-0.93460363,-0.01286525,1.81566584,0.93467075,0.35532272,0.01168293,-0.74544621
6,1597235139300971200,1597235139300869000,-0.00610125,-0.01588580,0.99985522,-0.83350456,0.35538837,-0.93463266,-0.01268091,1.81568301,0.93469894,0.35525960,0.01134804,-0.74475014
6,1597235139309807500,1597235139309742800,-0.00611371,-0.01603279,0.99985284,-0.83361262,0.35536683,-0.93463904,-0.01281415,1.81575131,0.93470699,0.35523617,0.01141158,-0.74316883
6,1597235139318930000,1597235139318857200,-0.00616154,-0.01600082,0.99985301,-0.83375049,0.35527793,-0.93467349,-0.01276837,1.81587446,0.93474042,0.35514703,0.01144373,-0.74189675
6,1597235139327861800,1597235139327777500,-0.00615376,-0.01605378,0.99985224,-0.83390385,0.35526186,-0.93467885,-0.01282083,1.81593668,0.93474656,0.35513046,0.01145500,-0.74066722
6,1597235139336690400,1597235139336616900,-0.00627831,-0.01642130,0.99984550,-0.83363950,0.35517997,-0.93470579,-0.01312119,1.81583476,0.93477690,0.35504273,0.01170087,-0.73840976
6,1597235139345680400,1597235139345622900,-0.00635007,-0.01628433,0.99984729,-0.83376598,0.35525969,-0.93467766,-0.01296666,1.81590652,0.93474615,0.35512310,0.01172036,-0.73714232
6,1597235139354870400,1597235139354731600,-0.00627276,-0.01630713,0.99984741,-0.83387429,0.35513934,-0.93472266,-0.01301693,1.81603575,0.93479240,0.35500351,0.01165453,-0.73586035
