4,1598318542418038100,1598318542417929400,0.69749206,0.09816977,-0.70983648,0.95165265,-0.70790392,-0.05939396,-0.70380718,1.39283705,-0.11125253,0.99339592,0.02806804,0.12277746
4,1598318542426986900,1598318542426847800,0.69724143,0.10485327,-0.70912659,0.95408165,-0.70653015,-0.06662519,-0.70453984,1.38993788,-0.12111899,0.99225360,0.02762829,0.12318778
4,1598318542435721100,1598318542435662400,0.69492954,0.11174691,-0.71034205,0.95529640,-0.70704591,-0.07376831,-0.70330966,1.38882422,-0.13099340,0.99099505,0.02774650,0.12280321
4,1598318542444911900,1598318542444827900,0.69432837,0.11984020,-0.70961028,0.95646989,-0.70551139,-0.08120225,-0.70403123,1.38748872,-0.14199317,0.98946691,0.02816772,0.12245870
4,1598318542453872300,1598318542453793100,0.69241083,0.12708110,-0.71022391,0.95890582,-0.70527923,-0.08836375,-0.70340115,1.38554311,-0.15214701,0.98794860,0.02844374,0.12172294
4,1598318542462881000,1598318542462781700,0.69274163,0.13580599,-0.70828390,0.95805967,-0.70240748,-0.09560440,-0.70532525,1.38573050,-0.16350242,0.98611200,0.02916211,0.12195706
4,1598318542471936000,1598318542471841700,0.69033593,0.14196603,-0.70942396,0.95996416,-0.70240557,-0.10348191,-0.70421451,1.38496947,-0.17338704,0.98444778,0.02828054,0.12200618
4,1598318542480683200,1598318542480598300,0.68907899,0.15130517,-0.70871520,0.96147692,-0.70059103,-0.11099868,-0.70487708,1.38321078,-0.18531798,0.98223531,0.02951626,0.12119555
4,1598318542489689600,1598318542489654800,0.68701905,0.15983079,-0.70884359,0.96381366,-0.69932121,-0.11953361,-0.70474231,1.38110733,-0.19737014,0.97988069,0.02965130,0.12049031
4,1598318542498786400,1598318542498702300,0.68577790,0.16913813,-0.70788509,0.96612251,-0.69690877,-0.12780178,-0.70568055,1.37875748,-0.20982641,0.97727138,0.03023030,0.12015057
4,1598318542507569400,1598318542507514900,0.68240798,0.17729747,-0.70914406,0.96883571,-0.69657981,-0.13634360,-0.70440549,1.37618005,-0.22157656,0.97466731,0.03046001,0.11945343
4,1598318542516632000,1598318542516606900,0.68138623,0.18619585,-0.70784473,0.97209728,-0.69370681,-0.14412990,-0.70568949,1.37275338,-0.23341800,0.97188371,0.03095728,0.11817575
4,1598318542525485100,1598318542525418400,0.67898303,0.19571289,-0.70758665,0.97399938,-0.69158989,-0.15289517,-0.70592248,1.37132072,-0.24634469,0.96866912,0.03153992,0.11667418
4,1598318542534504200,1598318542534452100,0.67678958,0.20498307,-0.70706302,0.97652090,-0.68894780,-0.16211577,-0.70644855,1.36825752,-0.25943601,0.96524644,0.03150448,0.11758876
4,1598318542543479600,1598318542543431100,0.67369366,0.21506655,-0.70702440,0.97904718,-0.68629926,-0.17277311,-0.70650047,1.36811912,-0.27409941,0.96119511,0.03120399,0.11832404
4,1598318542552505100,1598318542552444200,0.67151380,0.22584376,-0.70573658,0.97811615,-0.68335080,-0.17954355,-0.70766938,1.36705136,-0.28653312,0.95747530,0.03376466,0.11388922
4,1598318542561378100,1598318542561329900,0.66970003,0.23439735,-0.70467025,0.98111999,-0.67951256,-0.18940569,-0.70879358,1.36377096,-0.29960787,0.95351124,0.03243108,0.11402535
4,1598318542570467000,1598318542570408000,0.66474813,0.24545656,-0.70559293,0.98556888,-0.67725968,-0.20064948,-0.70785540,1.36210680,-0.31532454,0.94841504,0.03285657,0.11456919
4,1598318542579436800,1598318542579397400,0.66254538,0.25605008,-0.70389795,0.98456347,-0.67303610,-0.20891383,-0.70949107,1.35945785,-0.32871920,0.94381869,0.03391613,0.11190391
4,1598318542588588800,1598318542588495200,0.65912873,0.26672113,-0.70314252,0.98282564,-0.66944605,-0.21788183,-0.71018988,1.36202025,-0.34262460,0.93882251,0.03494333,0.10748458
4,1598318542597288900,1598318542597210000,0.65504736,0.27843696,-0.70241445,0.98429859,-0.66520488,-0.22837949,-0.71087652,1.35934007,-0.35835132,0.93290722,0.03561838,0.10871077
4,1598318542606404200,1598318542606379400,0.65015703,0.28915697,-0.70262676,0.98738015,-0.66113609,-0.24041434,-0.71070403,1.35915852,-0.37442651,0.92660105,0.03486513,0.10864925
4,1598318542615539800,1598318542615187200,0.64623666,0.29973984,-0.70180809,0.98805439,-0.65678149,-0.24985158,-0.71148604,1.35646367,-0.38860855,0.92072284,0.03540047,0.10557127
4,1598318542624280200,1598318542624242100,0.64095408,0.31075802,-0.70186019,0.98907816,-0.65279359,-0.26031682,-0.71140414,1.35536861,-0.40378052,0.91414708,0.03600986,0.10348821
4,1598318542633233100,1598318542633162400,0.63724887,0.32104340,-0.70060354,0.98941553,-0.64732254,-0.27033755,-0.71266496,1.35392332,-0.41819578,0.90766132,0.03554645,0.10420156
4,1598318542642283000,1598318542642218900,0.63044602,0.33309659,-0.70113105,0.99412334,-0.64281964,-0.28226879,-0.71211475,1.35110378,-0.43511039,0.89965063,0.03616589,0.10326982
4,1598318542651249000,1598318542651168100,0.62518924,0.34501445,-0.70007408,0.99622381,-0.63687778,-0.29296425,-0.71313310,1.34811807,-0.45113790,0.89170468,0.03657405,0.10097623
4,1598318542660133800,1598318542660111600,0.61891943,0.35542172,-0.70043868,1.00029171,-0.63208598,-0.30399749,-0.71277839,1.34334099,-0.46626848,0.88388985,0.03650722,0.10134912
4,1598318542669191800,1598318542669092500,0.61358571,0.36491400,-0.70025045,1.00268590,-0.62677103,-0.31431592,-0.71299630,1.34357858,-0.48028213,0.87638098,0.03585787,0.10237098
4,1598318542678343300,1598318542678166300,0.60809165,0.37692082,-0.69868129,1.00252521,-0.61971623,-0.32467562,-0.71451920,1.34055066,-0.49616188,0.86747724,0.03615154,0.10051703
4,1598318542687072100,1598318542687025300,0.60065508,0.38888118,-0.69855940,1.00307834,-0.61488563,-0.33375785,-0.71450788,1.34108639,-0.51100832,0.85870689,0.03864422,0.09618950
4,1598318542696195700,1598318542696099300,0.59538686,0.39911240,-0.69729775,1.00524175,-0.60808164,-0.34339911,-0.71576107,1.33794427,-0.52512050,0.85016859,0.03823774,0.09635019
4,1598318542705085800,1598318542705048900,0.58871758,0.40991771,-0.69669175,1.00829446,-0.60087812,-0.35459173,-0.71638703,1.33784366,-0.54070079,0.84037638,0.03755632,0.09642816
4,1598318542714142300,1598318542714058000,0.58099139,0.42089155,-0.69663453,1.00768197,-0.59488058,-0.36456093,-0.71638858,1.33540273,-0.55548763,0.83062983,0.03857359,0.09396052
4,1598318542722987300,1598318542722948400,0.57443643,0.43125728,-0.69572997,1.00952446,-0.58835900,-0.37338248,-0.71723038,1.33487821,-0.56908417,0.82134217,0.03924973,0.08920503
4,1598318542732146400,1598318542732092600,0.56808662,0.44114166,-0.69474596,1.01073873,-0.58153218,-0.38216162,-0.71817333,1.33302808,-0.58232141,0.81200176,0.03943729,0.08850384
4,1598318542740929400,1598318542740836200,0.55996722,0.45113671,-0.69491917,1.01222074,-0.57495415,-0.39232150,-0.71799147,1.33231604,-0.59654403,0.80159831,0.03969583,0.08807921
4,1598318542750080000,1598318542750000500,0.55225313,0.46125269,-0.69445139,1.01348007,-0.56789064,-0.40170965,-0.71842170,1.32959127,-0.61034173,0.79112303,0.04009579,0.08494091
4,1598318542758938300,1598318542758812700,0.54545772,0.47011352,-0.69388002,1.01567686,-0.56164157,-0.40949073,-0.71894103,1.32796633,-0.62212127,0.78186375,0.04067554,0.08102560
4,1598318542767890300,1598318542767843300,0.53872836,0.47855285,-0.69336808,1.01559627,-0.55488271,-0.41773704,-0.71944499,1.32720125,-0.63393795,0.77232325,0.04049402,0.08062458
4,1598318542776785900,1598318542776725700,0.53040785,0.48803431,-0.69317412,1.01870334,-0.54777992,-0.42674071,-0.71960390,1.32571650,-0.64699692,0.76139033,0.04098886,0.07879710
4,1598318542786159100,1598318542786082100,0.52384675,0.49560559,-0.69279140,1.02137578,-0.54105562,-0.43457890,-0.72000015,1.32295609,-0.65790856,0.75200838,0.04049751,0.07474947
4,1598318542794865300,1598318542794818700,0.51638174,0.50352007,-0.69268882,1.02070463,-0.53479266,-0.44214544,-0.72007251,1.32245851,-0.66884011,0.74227709,0.04096311,0.07545710
4,1598318542803954000,1598318542803898600,0.51047099,0.51001334,-0.69231933,1.02257931,-0.52812552,-0.44942638,-0.72048563,1.32290435,-0.67860377,0.73341852,0.03993204,0.07543659
4,1598318542812769400,1598318542812684600,0.50630587,0.51661575,-0.69048011,1.02288234,-0.51962292,-0.45624238,-0.72238153,1.32059741,-0.68821996,0.72453523,0.03744732,0.07304764
4,1598318542822105900,1598318542821792400,0.49809146,0.52411312,-0.69080436,1.02425659,-0.51471645,-0.46242115,-0.72196525,1.32011807,-0.69783390,0.71517307,0.03944170,0.06961536
4,1598318542830716300,1598318542830670200,0.49135649,0.53025299,-0.69094205,1.02623117,-0.50984591,-0.46806729,-0.72178280,1.31761503,-0.70613480,0.70692652,0.04035953,0.06866813
4,1598318542839749500,1598318542839687700,0.48722631,0.53455299,-0.69055337,1.02881277,-0.50319695,-0.47443423,-0.72229159,1.31727374,-0.71372533,0.69940370,0.03782874,0.06755781
4,1598318542848631900,1598318542848596600,0.48244965,0.54021239,-0.68950212,1.02863252,-0.49719521,-0.47917622,-0.72331685,1.31544042,-0.72113770,0.69178104,0.03741273,0.06549454
4,1598318542857786500,1598318542857712400,0.47586778,0.54556668,-0.68986022,1.03104150,-0.49366555,-0.48346958,-0.72287738,1.31401265,-0.72790420,0.68455422,0.03925999,0.06031847
4,1598318542866795500,1598318542866698800,0.47025448,0.55055922,-0.68974316,1.02916515,-0.48898730,-0.48807079,-0.72296512,1.31396985,-0.73467851,0.67725313,0.03969911,0.06294227
4,1598318542875734700,1598318542875641700,0.46589428,0.55471849,-0.68936944,1.03136909,-0.48339635,-0.49298885,-0.72338796,1.31476021,-0.74112809,0.67026097,0.03846835,0.06307769
4,1598318542884552300,1598318542884510800,0.46214718,0.55855435,-0.68879414,1.02831256,-0.47878531,-0.49662802,-0.72396511,1.31466603,-0.74644828,0.66436285,0.03791250,0.06054235
4,1598318542893582200,1598318542893513800,0.45808268,0.56152409,-0.68909448,1.02841365,-0.47659630,-0.49922261,-0.72362489,1.31477153,-0.75034428,0.65989983,0.03893518,0.05896378
4,1598318542902494000,1598318542902423800,0.45415342,0.56542063,-0.68850893,1.02911603,-0.47272384,-0.50211293,-0.72416502,1.31380951,-0.75516701,0.65435648,0.03925158,0.05703163
4,1598318542911535900,1598318542911504700,0.45082170,0.56785220,-0.68869728,1.03121841,-0.46915442,-0.50564498,-0.72402865,1.31476164,-0.75937748,0.64951313,0.03845473,0.05637884
4,1598318542920459600,1598318542920410300,0.44961280,0.56976593,-0.68790662,1.03024805,-0.46439883,-0.50875807,-0.72491318,1.31439734,-0.76300877,0.64539313,0.03585459,0.05506587
4,1598318542929500600,1598318542929435000,0.44531757,0.57270277,-0.68826163,1.02810657,-0.46276176,-0.51084691,-0.72449100,1.31558633,-0.76651430,0.64112961,0.03753597,0.05694580
4,1598318542938392200,1598318542938323000,0.44437009,0.57416630,-0.68765444,1.03017294,-0.45882782,-0.51341182,-0.72517967,1.31546247,-0.76942348,0.63776302,0.03529869,0.05565143
4,1598318542947455000,1598318542947414400,0.44135013,0.57544190,-0.68853247,1.03206718,-0.45802355,-0.51535958,-0.72430599,1.31377590,-0.77163774,0.63503653,0.03611204,0.05261302
4,1598318542956420300,1598318542956387600,0.43988997,0.57657480,-0.68851924,1.03283393,-0.45578182,-0.51726621,-0.72436094,1.31273437,-0.77379596,0.63245356,0.03525223,0.05192304
4,1598318542965385100,1598318542965335700,0.43735725,0.57827061,-0.68871045,1.03141701,-0.45498425,-0.51830286,-0.72412133,1.31317163,-0.77569854,0.63005203,0.03642063,0.05426311
4,1598318542974371900,1598318542974281900,0.43688041,0.57925057,-0.68818939,1.03194749,-0.45240024,-0.51977104,-0.72468770,1.31448412,-0.77747655,0.62793881,0.03497545,0.05506873
4,1598318542983494000,1598318542983467500,0.43685025,0.57881635,-0.68857378,1.03255069,-0.45187029,-0.52068150,-0.72436470,1.31305408,-0.77780175,0.62758482,0.03409018,0.05285406
4,1598318542992302400,1598318542992256800,0.43602261,0.57940394,-0.68860412,1.03313816,-0.45168671,-0.52091318,-0.72431260,1.31264567,-0.77837253,0.62684995,0.03457923,0.05131507
4,1598318543001573800,1598318543001531700,0.43505967,0.57929385,-0.68930542,1.03283131,-0.45110285,-0.52231216,-0.72366875,1.31485808,-0.77924943,0.62578666,0.03408426,0.05532503
4,1598318543010159500,1598318543010120600,0.43564671,0.57919872,-0.68901461,1.03343904,-0.45097601,-0.52201867,-0.72395951,1.31437469,-0.77899480,0.62611955,0.03378910,0.05470586
4,1598318543019450900,1598318543019350800,0.43589419,0.57836950,-0.68955439,1.03234041,-0.45184690,-0.52197945,-0.72344452,1.31446493,-0.77835143,0.62691820,0.03380677,0.05318117
4,1598318543028140600,1598318543028076800,0.43635476,0.57763243,-0.68988085,1.03169000,-0.45326039,-0.52122223,-0.72310621,1.31436729,-0.77727079,0.62822640,0.03438021,0.05511308
4,1598318543037178200,1598318543037143400,0.43884313,0.57592571,-0.68972933,1.03244770,-0.45348781,-0.52071327,-0.72333026,1.31611371,-0.77573562,0.63021231,0.03266397,0.05701923
4,1598318543046270300,1598318543046153100,0.44081607,0.57413459,-0.68996447,1.03159606,-0.45530060,-0.51942676,-0.72311646,1.31586456,-0.77355206,0.63290256,0.03243224,0.05670023
4,1598318543055131300,1598318543055091100,0.44337618,0.57253313,-0.68965471,1.03145921,-0.45701236,-0.51749480,-0.72342175,1.31663620,-0.77107561,0.63592869,0.03220995,0.05587435
4,1598318543064182700,1598318543064058500,0.44518310,0.57041168,-0.69024837,1.03064859,-0.46056920,-0.51520038,-0.72280341,1.31684494,-0.76791167,0.63968694,0.03335564,0.05800152
4,1598318543073132000,1598318543073048500,0.44847620,0.56767386,-0.69037366,1.03111613,-0.46213409,-0.51387191,-0.72275025,1.31895471,-0.76505005,0.64318138,0.03188223,0.06046391
4,1598318543082206400,1598318543082046400,0.45211431,0.56431156,-0.69075710,1.03026497,-0.46509525,-0.51166475,-0.72241664,1.31866229,-0.76110405,0.64788270,0.03112778,0.06012297
4,1598318543091207900,1598318543091136800,0.45589235,0.56122345,-0.69078994,1.02987182,-0.46902400,-0.50813776,-0.72236603,1.31987405,-0.75642514,0.65331811,0.03157125,0.05966783
4,1598318543099987200,1598318543099896800,0.45936435,0.55825037,-0.69089890,1.02874792,-0.47238362,-0.50517005,-0.72225833,1.32031822,-0.75222236,0.65814900,0.03165138,0.06225109
4,1598318543109043800,1598318543108973400,0.46331823,0.55465829,-0.69115168,1.02885330,-0.47537646,-0.50264859,-0.72205389,1.32278633,-0.74789953,0.66309798,0.03078534,0.06488562
4,1598318543117926600,1598318543117834700,0.46884695,0.54967546,-0.69140422,1.02726066,-0.47966427,-0.49884728,-0.72185439,1.32329404,-0.74169064,0.67008102,0.02977675,0.06556320
4,1598318543126707900,1598318543126624500,0.47367772,0.54580444,-0.69117814,1.02479684,-0.48382878,-0.49449730,-0.72206807,1.32578433,-0.73589367,0.67643934,0.02984370,0.06762004
4,1598318543135545800,1598318543135500000,0.47671014,0.54077637,-0.69304305,1.02457201,-0.49052453,-0.49059144,-0.72021240,1.32810557,-0.72947478,0.68328714,0.03139427,0.06995916
4,1598318543144620800,1598318543144548700,0.48471588,0.53429174,-0.69251937,1.02367198,-0.49459761,-0.48558310,-0.72082067,1.32889533,-0.72140419,0.69191158,0.02888970,0.07105637
4,1598318543153615700,1598318543153418700,0.48952901,0.52888578,-0.69328308,1.02243936,-0.50071752,-0.48041877,-0.72005552,1.33058977,-0.71389329,0.69962704,0.02964354,0.07230663
4,1598318543162639000,1598318543162517200,0.49609774,0.52328753,-0.69286180,1.02141368,-0.50549865,-0.47473156,-0.72048682,1.33149672,-0.70594507,0.70767248,0.02900799,0.07440042
4,1598318543171393700,1598318543171356700,0.50145602,0.51651943,-0.69408196,1.02083814,-0.51101941,-0.47052437,-0.71935117,1.33366501,-0.69814134,0.71541226,0.02800430,0.07688546
4,1598318543180632500,1598318543180550600,0.50841790,0.50959527,-0.69413555,1.02020299,-0.51767218,-0.46329066,-0.71928954,1.33476067,-0.68813306,0.72503430,0.02825813,0.07793760
4,1598318543189432600,1598318543189390700,0.51568633,0.50075579,-0.69520617,1.01909292,-0.52532464,-0.45620021,-0.71827263,1.33633661,-0.67683232,0.73561221,0.02780326,0.07954383
4,1598318543198467500,1598318543198406700,0.52335501,0.49367505,-0.69453931,1.01721323,-0.53080869,-0.44873896,-0.71894062,1.33821142,-0.66658986,0.74492860,0.02719733,0.08223081
4,1598318543207330900,1598318543207270300,0.52977282,0.48520929,-0.69563854,1.01721323,-0.53776783,-0.44207826,-0.71789467,1.33973551,-0.65585577,0.75441301,0.02672902,0.08410501
4,1598318543216399600,1598318543216334400,0.53745914,0.47613823,-0.69601029,1.01482213,-0.54483163,-0.43390739,-0.71755350,1.34183049,-0.64365864,0.76486409,0.02620780,0.08632231
4,1598318543225388200,1598318543225236300,0.54511517,0.46771893,-0.69576490,1.01244009,-0.55140108,-0.42512345,-0.71779317,1.34475887,-0.63151139,0.77492535,0.02615960,0.08826351
4,1598318543234332300,1598318543234301300,0.55161238,0.45730501,-0.69756448,1.01131427,-0.55981147,-0.41699240,-0.71605074,1.34752512,-0.61833262,0.78548700,0.02598654,0.09181380
4,1598318543243217500,1598318543243146500,0.55969167,0.44841516,-0.69689983,1.00937951,-0.56577313,-0.40770227,-0.71671462,1.34998727,-0.60551322,0.79542631,0.02551377,0.09371948
4,1598318543252343400,1598318543252271600,0.56682169,0.43719465,-0.69826519,1.00706279,-0.57435513,-0.39792395,-0.71538305,1.35250878,-0.59061801,0.80654675,0.02555314,0.09487033
4,1598318543261244300,1598318543261153500,0.57572812,0.42706773,-0.69724494,1.00495923,-0.57980573,-0.38802382,-0.71642375,1.35496128,-0.57650906,0.81673187,0.02422021,0.09741116
4,1598318543270307600,1598318543270280300,0.58311754,0.41583174,-0.69789559,1.00236833,-0.58707702,-0.37809801,-0.71580911,1.35805392,-0.56152904,0.82711923,0.02364980,0.10013413
4,1598318543279232800,1598318543279159200,0.58994520,0.40456063,-0.69878167,1.00319326,-0.59442347,-0.36810359,-0.71495497,1.35851443,-0.54646659,0.83715636,0.02331951,0.10123014
4,1598318543288157100,1598318543288106400,0.59698504,0.39252490,-0.69966662,1.00011766,-0.60154259,-0.35802367,-0.71411884,1.36165082,-0.53080660,0.84719741,0.02238578,0.10438371
4,1598318543297109400,1598318543297082600,0.60438776,0.38185447,-0.69921589,0.99933040,-0.60748589,-0.34693024,-0.71456313,1.36340415,-0.51543820,0.85663694,0.02229096,0.10524607
4,1598318543306106300,1598318543306071400,0.60961211,0.37098506,-0.70053083,0.99691713,-0.61449647,-0.33710846,-0.71326864,1.36661768,-0.50076681,0.86529082,0.02246369,0.10809898
4,1598318543315094700,1598318543315060900,0.61656612,0.35922366,-0.70057464,0.99456871,-0.61998904,-0.32690382,-0.71326548,1.36946428,-0.48524234,0.87412381,0.02115703,0.11029959
4,1598318543324072000,1598318543324050500,0.62451196,0.34602284,-0.70018095,0.99266970,-0.62559670,-0.31507209,-0.71369362,1.37176251,-0.46756172,0.88374090,0.01970461,0.11205482
4,1598318543332997600,1598318543332965100,0.63071471,0.33468705,-0.70013124,0.99341142,-0.63098967,-0.30399692,-0.71374929,1.37153554,-0.45172036,0.89194775,0.01944883,0.11220312
4,1598318543342132600,1598318543342093900,0.63579208,0.32293475,-0.70105767,0.99023163,-0.63716173,-0.29306075,-0.71283972,1.37513423,-0.43565315,0.89990497,0.01943606,0.11530328
4,1598318543350958900,1598318543350928800,0.63967770,0.31238514,-0.70230222,0.98673451,-0.64291590,-0.28332266,-0.71160913,1.37860858,-0.42127421,0.90672159,0.01960230,0.11815453
4,1598318543360017200,1598318543359966300,0.64597023,0.30183938,-0.70115316,0.98531902,-0.64662719,-0.27179667,-0.71274120,1.38044930,-0.40570438,0.91379428,0.01960507,0.11890888
4,1598318543369048600,1598318543369007200,0.65151745,0.28859979,-0.70159501,0.98367441,-0.65149391,-0.26098782,-0.71234906,1.38226199,-0.38869154,0.92119259,0.01798297,0.12119269
4,1598318543378058800,1598318543377982700,0.65452683,0.28021085,-0.70219433,0.98112690,-0.65582746,-0.25165507,-0.71173042,1.38592505,-0.37614536,0.92636490,0.01905511,0.12457752
4,1598318543386877700,1598318543386820200,0.65922362,0.26699042,-0.70295143,0.97948968,-0.66070092,-0.24068566,-0.71101677,1.38778853,-0.35902494,0.93315965,0.01773529,0.12690902
4,1598318543395945100,1598318543395898000,0.66443181,0.25544006,-0.70233971,0.97802413,-0.66431731,-0.22864699,-0.71162015,1.39047635,-0.34236413,0.93939942,0.01777299,0.12616992
4,1598318543404844200,1598318543404767000,0.66619354,0.24544856,-0.70423108,0.97703540,-0.66938943,-0.21951208,-0.70974106,1.39176238,-0.32879212,0.94422972,0.01806328,0.12745619
4,1598318543414039800,1598318543413946100,0.67034519,0.23666358,-0.70329797,0.97533357,-0.67156875,-0.20966968,-0.71065760,1.39413774,-0.31564698,0.94869870,0.01838490,0.12843370
4,1598318543422448800,1598318543422342100,0.67347372,0.22481182,-0.70419675,0.97400105,-0.67561632,-0.19936445,-0.70978630,1.39636612,-0.29996014,0.95378917,0.01761994,0.12842989
4,1598318543431492400,1598318543431448100,0.67698246,0.21437077,-0.70408821,0.97318232,-0.67842460,-0.18916173,-0.70990002,1.39851379,-0.28536829,0.95826060,0.01737532,0.12808394
4,1598318543440322500,1598318543440250100,0.67874932,0.20438062,-0.70535690,0.97148979,-0.68229038,-0.17975602,-0.70863795,1.40071583,-0.27162397,0.96224558,0.01743777,0.12948918
4,1598318543449472800,1598318543449357300,0.68227082,0.19576645,-0.70440215,0.96874702,-0.68365616,-0.17059037,-0.70958674,1.40329123,-0.25907746,0.96569914,0.01744822,0.13088822
4,1598318543458283100,1598318543458208800,0.68292618,0.18624745,-0.70634556,0.96704376,-0.68771851,-0.16208005,-0.70765346,1.40564179,-0.24628314,0.96904194,0.01739721,0.13035536
4,1598318543467468600,1598318543467344900,0.68671918,0.17739631,-0.70494521,0.96430480,-0.68850738,-0.15235470,-0.70904565,1.40871119,-0.23318379,0.97227514,0.01751390,0.13143206
4,1598318543476243700,1598318543476213000,0.68908089,0.16598588,-0.70541942,0.96272695,-0.69091445,-0.14321168,-0.70860970,1.41033435,-0.21864346,0.97567379,0.01599772,0.13205242
4,1598318543485370800,1598318543485213700,0.69043088,0.15842952,-0.70583683,0.96257269,-0.69314873,-0.13432068,-0.70816875,1.41120541,-0.20700327,0.97819138,0.01707619,0.13263702
4,1598318543494235600,1598318543494154100,0.69283700,0.14909239,-0.70551312,0.96143234,-0.69415349,-0.12703998,-0.70852804,1.41261244,-0.19526446,0.98062867,0.01547508,0.13311219
4,1598318543502762500,1598318543502693100,0.69320780,0.14190921,-0.70662934,0.95948684,-0.69680828,-0.11858097,-0.70738739,1.41492200,-0.18417752,0.98275155,0.01668234,0.13324475
4,1598318543511870000,1598318543511698400,0.69509494,0.13238630,-0.70662385,0.95798481,-0.69807649,-0.11066395,-0.70741987,1.41665101,-0.17185044,0.98500133,0.01549391,0.13365340
4,1598318543521275400,1598318543521247200,0.69648081,0.12328866,-0.70690501,0.95617712,-0.69965196,-0.10213082,-0.70714682,1.41874683,-0.15937993,0.98710155,0.01512711,0.13380480
4,1598318543530043800,1598318543529992000,0.69768119,0.11625874,-0.70691252,0.95552337,-0.70068449,-0.09486714,-0.70713621,1.41988051,-0.14927354,0.98867810,0.01527382,0.13425708
4,1598318543539188500,1598318543539159000,0.69728494,0.10839418,-0.70855117,0.95555103,-0.70326835,-0.08767122,-0.70549804,1.42069697,-0.13859141,0.99023467,0.01509851,0.13450193
4,1598318543548088600,1598318543547983400,0.69991279,0.10285342,-0.70678395,0.95375931,-0.70230180,-0.08097962,-0.70725852,1.42246366,-0.12997903,0.99139482,0.01555558,0.13497615
4,1598318543557328900,1598318543557276600,0.70058161,0.09370801,-0.70739269,0.95225227,-0.70371383,-0.07348737,-0.70667291,1.42393482,-0.11820529,0.99288404,0.01445983,0.13573813
4,1598318543566047300,1598318543565946100,0.70128429,0.08709896,-0.70754117,0.95073140,-0.70448571,-0.06720666,-0.70652902,1.42533588,-0.10908936,0.99393022,0.01422909,0.13697147
4,1598318543575129500,1598318543575070600,0.70126396,0.08051500,-0.70834064,0.95052159,-0.70586920,-0.06080027,-0.70572811,1.42690980,-0.09988898,0.99489743,0.01419613,0.13794684
4,1598318543583952600,1598318543583887100,0.70245600,0.07359436,-0.70791227,0.94769132,-0.70596361,-0.05427941,-0.70616519,1.42942500,-0.09039481,0.99581015,0.01382616,0.13845062
4,1598318543593186500,1598318543593123400,0.70269859,0.06665275,-0.70835900,0.94772947,-0.70684695,-0.04812991,-0.70572734,1.42976737,-0.08113189,0.99661481,0.01329258,0.13887286
4,1598318543601892900,1598318543601790700,0.70317292,0.06169489,-0.70833743,0.94654977,-0.70717412,-0.04278063,-0.70574409,1.43144524,-0.07384391,0.99717796,0.01354697,0.13955092
4,1598318543611000400,1598318543610948700,0.70363957,0.05530027,-0.70840216,0.94569242,-0.70754021,-0.03724629,-0.70569092,1.43262064,-0.06541023,0.99777496,0.01291929,0.14012933
4,1598318543619889900,1598318543619794300,0.70386368,0.04979408,-0.70858788,0.94518888,-0.70799035,-0.03181022,-0.70550543,1.43341172,-0.05767033,0.99825293,0.01286379,0.14084888
4,1598318543629014000,1598318543628912200,0.70314980,0.04380968,-0.70969105,0.94538820,-0.70930779,-0.02644785,-0.70440263,1.43387794,-0.04962943,0.99868989,0.01247786,0.14158583
4,1598318543637813900,1598318543637737900,0.70450783,0.03931049,-0.70860696,0.94471729,-0.70840496,-0.02125720,-0.70548612,1.43498409,-0.04279599,0.99900103,0.01287198,0.14219570
4,1598318543646960400,1598318543646925000,0.70389402,0.03347427,-0.70951605,0.94156492,-0.70942622,-0.01654717,-0.70458549,1.43801439,-0.03532596,0.99930274,0.01210018,0.14317679
4,1598318543655786200,1598318543655709400,0.70524162,0.02942404,-0.70835638,0.94202054,-0.70839334,-0.01094660,-0.70573306,1.43803692,-0.02851957,0.99950719,0.01312388,0.14315867
4,1598318543664943000,1598318543664806200,0.70476151,0.02465075,-0.70901614,0.94164741,-0.70909661,-0.00681908,-0.70507848,1.43877625,-0.02221555,0.99967301,0.01267405,0.14321899
4,1598318543673658600,1598318543673593800,0.70507169,0.02091709,-0.70882773,0.94137776,-0.70894808,-0.00223608,-0.70525724,1.43910813,-0.01633689,0.99977887,0.01325263,0.14359140
4,1598318543682808200,1598318543682780200,0.70526069,0.01714733,-0.70874089,0.93900335,-0.70885926,0.00121769,-0.70534897,1.44060433,-0.01123179,0.99985242,0.01301394,0.14409113
4,1598318543691623300,1598318543691569900,0.70519018,0.01241627,-0.70890975,0.93892896,-0.70900458,0.00610308,-0.70517755,1.44191945,-0.00442910,0.99990445,0.01310717,0.14368653
4,1598318543700782300,1598318543700715200,0.70486957,0.00936604,-0.70927531,0.93930185,-0.70933712,0.00951125,-0.70480525,1.44213963,0.00014487,0.99991101,0.01334797,0.14369607
4,1598318543709615700,1598318543709525200,0.70501637,0.00661859,-0.70916033,0.93918622,-0.70917690,0.01292554,-0.70491219,1.44237185,0.00450078,0.99989462,0.01380655,0.14404917
4,1598318543718736600,1598318543718644200,0.70544732,0.00359201,-0.70875347,0.93828475,-0.70870817,0.01596478,-0.70532119,1.44278955,0.00878161,0.99986625,0.01380810,0.14447832
4,1598318543727609100,1598318543727482000,0.70536357,0.00090703,-0.70884544,0.93759668,-0.70872277,0.01954520,-0.70521641,1.44440269,0.01321495,0.99980867,0.01442941,0.14388323
4,1598318543736687800,1598318543736573400,0.70512104,-0.00201696,-0.70908433,0.93703687,-0.70887929,0.02220654,-0.70498019,1.44548678,0.01716822,0.99975151,0.01422860,0.14392853
4,1598318543745533200,1598318543745483100,0.70478183,-0.00474817,-0.70940840,0.93614471,-0.70911372,0.02487184,-0.70465541,1.44563985,0.02099016,0.99967951,0.01416232,0.14400840
4,1598318543754618900,1598318543754559200,0.70562375,-0.00629333,-0.70855904,0.93537843,-0.70816332,0.02830877,-0.70548099,1.44754624,0.02449831,0.99957955,0.01551871,0.14346981
4,1598318543763487000,1598318543763407700,0.70498228,-0.00871706,-0.70917153,0.93523824,-0.70869851,0.02986748,-0.70487905,1.44858122,0.02732569,0.99951595,0.01487836,0.14371490
4,1598318543772532800,1598318543772469500,0.70521957,-0.00976229,-0.70892191,0.93474185,-0.70836556,0.03222680,-0.70510978,1.44979882,0.02972981,0.99943304,0.01581182,0.14396572
4,1598318543781366100,1598318543781322300,0.70510417,-0.01181933,-0.70900548,0.93411291,-0.70838994,0.03311867,-0.70504397,1.45104051,0.03181449,0.99938166,0.01497950,0.14447474
4,1598318543790603000,1598318543790566700,0.70523453,-0.01246002,-0.70886481,0.93365395,-0.70817679,0.03503033,-0.70516568,1.45288980,0.03361818,0.99930871,0.01588078,0.14460063
4,1598318543799370900,1598318543799310100,0.70522845,-0.01348990,-0.70885199,0.93346655,-0.70810151,0.03636383,-0.70517379,1.45422983,0.03528930,0.99924773,0.01609270,0.14479280
4,1598318543808435700,1598318543808410200,0.70509988,-0.01511273,-0.70894712,0.93293178,-0.70815486,0.03681630,-0.70509672,1.45554829,0.03675677,0.99920791,0.01525709,0.14490747
4,1598318543817281200,1598318543817258300,0.70491183,-0.01485059,-0.70913970,0.93275201,-0.70829803,0.03825660,-0.70487618,1.45719004,0.03759712,0.99915773,0.01644899,0.14526772
4,1598318543826575200,1598318543826490900,0.70502001,-0.01596096,-0.70900798,0.93261254,-0.70816010,0.03795275,-0.70503116,1.45835757,0.03816180,0.99915218,0.01545461,0.14644647
4,1598318543835303100,1598318543835197800,0.70497596,-0.01616418,-0.70904726,0.93261635,-0.70816869,0.03866568,-0.70498383,1.46024621,0.03881133,0.99912155,0.01581150,0.14669609
4,1598318543844419000,1598318543844331600,0.70459443,-0.01634896,-0.70942211,0.93193901,-0.70850253,0.03963532,-0.70459443,1.46144772,0.03963760,0.99908066,0.01634365,0.14661026
4,1598318543853176000,1598318543853094800,0.70474726,-0.01672912,-0.70926142,0.93206537,-0.70833784,0.03958056,-0.70476311,1.46325850,0.03986304,0.99907649,0.01604454,0.14728904
4,1598318543862399100,1598318543862324300,0.70411122,-0.01715520,-0.70988268,0.93219841,-0.70894939,0.03965491,-0.70414370,1.46422112,0.04023011,0.99906629,0.01575941,0.14872599
4,1598318543871215600,1598318543871135500,0.70480752,-0.01763147,-0.70917964,0.93162358,-0.70820880,0.04039162,-0.70484674,1.46506834,0.04107240,0.99902856,0.01598164,0.14829683
4,1598318543880329800,1598318543880275600,0.70400274,-0.01730523,-0.70998663,0.93227565,-0.70901537,0.04053077,-0.70402741,1.46661448,0.04095966,0.99902856,0.01626420,0.14894843
4,1598318543889039200,1598318543889002300,0.70409703,-0.01732174,-0.70989269,0.93234336,-0.70893878,0.04009836,-0.70412928,1.46740186,0.04066232,0.99904573,0.01595315,0.15029454
4,1598318543898200400,1598318543898156400,0.70398855,-0.01720574,-0.71000308,0.93262303,-0.70903862,0.04040421,-0.70401126,1.46884370,0.04080014,0.99903542,0.01624468,0.15063620
4,1598318543907074400,1598318543907011100,0.70391929,-0.01665908,-0.71008480,0.93213499,-0.70909804,0.04117263,-0.70390689,1.47002721,0.04096252,0.99901330,0.01716939,0.15046787
4,1598318543916247400,1598318543916155900,0.70383000,-0.01716828,-0.71016121,0.93231213,-0.70918971,0.04059066,-0.70384836,1.47159600,0.04090980,0.99902844,0.01639344,0.15124202
4,1598318543925030700,1598318543924972600,0.70369369,-0.01667675,-0.71030802,0.93258727,-0.70934629,0.04054837,-0.70369291,1.47251034,0.04053718,0.99903852,0.01670413,0.15220785
4,1598318543934259500,1598318543934226600,0.70370150,-0.01656660,-0.71030283,0.93253386,-0.70934618,0.04046993,-0.70369756,1.47419167,0.04040381,0.99904352,0.01672742,0.15264535
4,1598318543942953200,1598318543942922600,0.70376611,-0.01654452,-0.71023929,0.93232858,-0.70928866,0.04033053,-0.70376360,1.47576499,0.04028775,0.99904954,0.01664855,0.15304375
4,1598318543952018400,1598318543951968600,0.70318162,-0.01607338,-0.71082878,0.93295228,-0.70987701,0.04055722,-0.70315707,1.47700572,0.04013139,0.99904805,0.01710910,0.15377760
4,1598318543960936600,1598318543960858200,0.70338434,-0.01609418,-0.71062779,0.93289554,-0.70969802,0.03999793,-0.70336980,1.47834039,0.03974383,0.99907029,0.01671201,0.15482306
4,1598318543970099400,1598318543969992500,0.70324254,-0.01589897,-0.71077251,0.93291652,-0.70984387,0.04005128,-0.70321953,1.47989273,0.03964782,0.99907130,0.01688008,0.15533543
4,1598318543978936300,1598318543978903500,0.70344275,-0.01556957,-0.71058160,0.93262661,-0.70965278,0.04019741,-0.70340401,1.48134160,0.03951527,0.99907058,0.01722769,0.15569186
4,1598318543988012400,1598318543987908900,0.70344633,-0.01582155,-0.71057248,0.93265927,-0.70965618,0.03977232,-0.70342475,1.48258328,0.03939039,0.99908364,0.01674995,0.15668774
4,1598318543996934900,1598318543996807900,0.70323640,-0.01534316,-0.71079075,0.93255341,-0.70986730,0.04016138,-0.70318955,1.48414087,0.03933549,0.99907553,0.01735146,0.15697861
4,1598318544005929400,1598318544005839800,0.70333892,-0.01551086,-0.71068567,0.93235290,-0.70976210,0.04009150,-0.70329976,1.48536408,0.03940123,0.99907577,0.01718900,0.15731907
4,1598318544014746400,1598318544014701300,0.70328969,-0.01534981,-0.71073788,0.93248069,-0.70981020,0.04026528,-0.70324129,1.48692524,0.03941271,0.99907124,0.01742281,0.15792894
4,1598318544023945800,1598318544023894100,0.70310551,-0.01518765,-0.71092355,0.93250573,-0.71001095,0.03995358,-0.70305640,1.48821640,0.03908174,0.99908626,0.01730826,0.15886378
4,1598318544032808300,1598318544032687700,0.70312965,-0.01502234,-0.71090323,0.93233478,-0.70999175,0.03999817,-0.70307320,1.48986220,0.03899662,0.99908698,0.01745825,0.15922880
4,1598318544041911100,1598318544041816300,0.70317620,-0.01495567,-0.71085858,0.93218839,-0.70994866,0.03998872,-0.70311731,1.49136782,0.03894195,0.99908835,0.01750144,0.15974998
4,1598318544050651400,1598318544050592700,0.70290309,-0.01474777,-0.71113288,0.93254888,-0.71022528,0.04002209,-0.70283592,1.49299061,0.03882630,0.99909002,0.01765750,0.16038728
4,1598318544059817900,1598318544059719500,0.70286584,-0.01456124,-0.71117353,0.93262422,-0.71027809,0.03979486,-0.70279551,1.49410188,0.03853467,0.99910188,0.01762798,0.16131878
4,1598318544068641900,1598318544068600200,0.70297176,-0.01442540,-0.71107173,0.93257272,-0.71017492,0.03989214,-0.70289427,1.49576914,0.03850573,0.99909997,0.01779857,0.16160703
4,1598318544077773900,1598318544077646600,0.70286381,-0.01447865,-0.71117735,0.93245614,-0.71027982,0.03988393,-0.70278871,1.49711359,0.03854001,0.99909955,0.01774918,0.16217852
4,1598318544086584400,1598318544086497900,0.70250374,-0.01411372,-0.71154034,0.93279779,-0.71065456,0.03974727,-0.70241749,1.49849474,0.03819554,0.99911028,0.01789272,0.16318965
4,1598318544095817500,1598318544095760800,0.70284790,-0.01409239,-0.71120083,0.93277133,-0.71031648,0.03972063,-0.70276093,1.50013399,0.03815293,0.99911159,0.01790760,0.16369176
4,1598318544104567500,1598318544104527800,0.70262182,-0.01426524,-0.71142066,0.93278658,-0.71053141,0.03976708,-0.70254093,1.50151098,0.03831306,0.99910724,0.01780541,0.16416860
4,1598318544113834400,1598318544113632100,0.70254314,-0.01375717,-0.71150839,0.93280661,-0.71062005,0.03998275,-0.70243907,1.50302029,0.03811167,0.99910575,0.01831362,0.16479468
4,1598318544122470800,1598318544122433700,0.70247149,-0.01383677,-0.71157765,0.93284595,-0.71070713,0.03947569,-0.70237964,1.50427389,0.03780873,0.99912488,0.01789679,0.16578555
4,1598318544131606400,1598318544131545800,0.70257664,-0.01364905,-0.71147734,0.93274939,-0.71060419,0.03963558,-0.70247477,1.50581503,0.03778796,0.99912107,0.01814806,0.16628289
4,1598318544140484200,1598318544140454300,0.70237333,-0.01361305,-0.71167874,0.93273365,-0.71080685,0.03962065,-0.70227057,1.50727773,0.03775723,0.99912214,0.01815234,0.16670966
4,1598318544149762900,1598318544149656400,0.70223582,-0.01341096,-0.71181828,0.93278968,-0.71094805,0.03967308,-0.70212466,1.50905395,0.03765623,0.99912286,0.01832548,0.16735792
4,1598318544158326100,1598318544158290500,0.70228964,-0.01327881,-0.71176773,0.93279636,-0.71090639,0.03950085,-0.70217657,1.51027048,0.03743954,0.99913144,0.01830116,0.16827488
4,1598318544167527600,1598318544167463700,0.70253295,-0.01315123,-0.71152991,0.93285167,-0.71067333,0.03943729,-0.70241600,1.51192117,0.03729849,0.99913561,0.01835984,0.16873121
4,1598318544176288000,1598318544176233700,0.70212090,-0.01306194,-0.71193814,0.93276322,-0.71107423,0.03967531,-0.70199674,1.51314139,0.03741583,0.99912739,0.01856893,0.16905260
4,1598318544185630000,1598318544185526400,0.70237118,-0.01259819,-0.71169960,0.93293631,-0.71084756,0.03959054,-0.70223105,1.51455498,0.03702343,0.99913675,0.01885197,0.16995144
4,1598318544194294500,1598318544194222000,0.70227343,-0.01268998,-0.71179444,0.93297303,-0.71094972,0.03934482,-0.70214140,1.51606369,0.03691560,0.99914521,0.01860897,0.17045188
4,1598318544203345400,1598318544203285700,0.70223880,-0.01248223,-0.71183228,0.93296134,-0.71098518,0.03951579,-0.70209593,1.51766515,0.03689237,0.99914110,0.01887497,0.17104959
4,1598318544212340000,1598318544212280600,0.70220208,-0.01235244,-0.71187085,0.93280876,-0.71102113,0.03965192,-0.70205188,1.51911020,0.03689910,0.99913734,0.01906092,0.17145109
4,1598318544221392400,1598318544221332700,0.70240068,-0.01219240,-0.71167761,0.93278253,-0.71082854,0.03971945,-0.70224303,1.52049112,0.03682952,0.99913663,0.01923235,0.17231178
4,1598318544230261400,1598318544230174200,0.70230293,-0.01215583,-0.71177465,0.93283165,-0.71092397,0.03978107,-0.70214295,1.52205265,0.03685033,0.99913466,0.01929659,0.17269707
4,1598318544239390600,1598318544239292400,0.70227504,-0.01207343,-0.71180362,0.93259799,-0.71094787,0.03996079,-0.70210850,1.52368629,0.03692107,0.99912846,0.01948003,0.17304897
4,1598318544248121500,1598318544248082100,0.70217764,-0.01179889,-0.71190423,0.93266213,-0.71104938,0.04008308,-0.70199871,1.52522576,0.03681815,0.99912685,0.01975591,0.17374325
4,1598318544257233100,1598318544257167200,0.70227164,-0.01197752,-0.71180856,0.93269718,-0.71096092,0.03979205,-0.70210487,1.52644706,0.03673384,0.99913627,0.01942940,0.17476845
4,1598318544266251500,1598318544266161700,0.70203269,-0.01195845,-0.71204454,0.93286908,-0.71119249,0.03992211,-0.70186293,1.52805007,0.03681953,0.99913138,0.01952198,0.17516422
4,1598318544275248400,1598318544275166300,0.70231652,-0.01164824,-0.71176970,0.93252027,-0.71091223,0.04023840,-0.70212877,1.52949691,0.03681904,0.99912232,0.01997930,0.17545128
4,1598318544284083900,1598318544283990800,0.70228058,-0.01167119,-0.71180481,0.93268621,-0.71095210,0.04009435,-0.70209664,1.53107285,0.03673367,0.99912786,0.01985995,0.17613029
4,1598318544293162900,1598318544293110200,0.70218885,-0.01126254,-0.71190190,0.93284070,-0.71105057,0.04028071,-0.70198625,1.53224707,0.03658207,0.99912512,0.02027655,0.17684007
4,1598318544302039100,1598318544301958100,0.70225477,-0.01133874,-0.71183568,0.93266666,-0.71098608,0.04019152,-0.70205671,1.53392148,0.03657022,0.99912786,0.02016309,0.17740917
4,1598318544311099300,1598318544311053100,0.70230991,-0.01124194,-0.71178281,0.93260014,-0.71092862,0.04036934,-0.70210463,1.53538775,0.03662723,0.99912173,0.02035965,0.17785025
4,1598318544319960600,1598318544319885900,0.70207381,-0.01109493,-0.71201795,0.93277872,-0.71116847,0.04032281,-0.70186436,1.53682876,0.03649773,0.99912524,0.02041931,0.17847729
4,1598318544329065800,1598318544329019000,0.70201683,-0.01078799,-0.71207881,0.93284214,-0.71123087,0.04045215,-0.70179367,1.53833532,0.03637609,0.99912333,0.02072543,0.17900038
4,1598318544337917600,1598318544337812500,0.70219254,-0.01073754,-0.71190637,0.93267071,-0.71105105,0.04068380,-0.70196247,1.53957343,0.03650042,0.99911451,0.02093297,0.17930079
4,1598318544347042800,1598318544346997400,0.70201081,-0.01073942,-0.71208555,0.93291438,-0.71123421,0.04057275,-0.70178336,1.54131615,0.03642802,0.99911898,0.02084437,0.17998099
4,1598318544355921400,1598318544355843800,0.70183259,-0.01042706,-0.71226579,0.93289483,-0.71141464,0.04074729,-0.70159036,1.54261184,0.03633846,0.99911523,0.02117987,0.18066931
4,1598318544365118000,1598318544365073600,0.70191598,-0.01032361,-0.71218514,0.93290365,-0.71133322,0.04082916,-0.70166808,1.54420781,0.03632170,0.99911296,0.02131517,0.18106556
4,1598318544373849700,1598318544373767300,0.70193678,-0.01030311,-0.71216494,0.93280208,-0.71130806,0.04097751,-0.70168495,1.54550529,0.03641230,0.99910706,0.02143505,0.18148112
4,1598318544382893800,1598318544382801300,0.70171428,-0.01007408,-0.71238744,0.93295896,-0.71153259,0.04105534,-0.70145273,1.54714167,0.03631383,0.99910623,0.02164115,0.18217206
4,1598318544391748600,1598318544391690500,0.70172334,-0.01023430,-0.71237630,0.93302286,-0.71152079,0.04097837,-0.70146924,1.54845095,0.03637108,0.99910772,0.02147365,0.18303633
4,1598318544400975700,1598318544400885800,0.70169842,-0.01012686,-0.71240234,0.93293035,-0.71154922,0.04097494,-0.70144057,1.54995990,0.03629403,0.99910903,0.02154639,0.18366957
4,1598318544409720200,1598318544409644800,0.70172012,-0.01012161,-0.71238106,0.93273890,-0.71152228,0.04113624,-0.70145845,1.55130994,0.03640458,0.99910241,0.02166449,0.18403029
