3,1598305820226958400,1598305820226839000,-0.70931578,0.06197738,-0.70216095,0.14307702,0.04982921,0.99804384,0.03775699,1.91577935,0.70312750,-0.00820650,-0.71101654,0.86760330
3,1598305820236696400,1598305820236617800,-0.70930433,0.06202061,-0.70216876,0.14442182,0.04978470,0.99804199,0.03786365,1.91596210,0.70314229,-0.00810041,-0.71100324,0.86779690
3,1598305820245598600,1598305820245528600,-0.70946205,0.06185474,-0.70202404,0.14491034,0.04969249,0.99805206,0.03771853,1.91605306,0.70298958,-0.00812546,-0.71115381,0.86875701
3,1598305820255047200,1598305820254988900,-0.70946383,0.06200725,-0.70200872,0.14571679,0.04963626,0.99804449,0.03799221,1.91600871,0.70299172,-0.00789099,-0.71115434,0.86914968
3,1598305820264627800,1598305820264476600,-0.70949256,0.06206797,-0.70197433,0.14738405,0.04968217,0.99804074,0.03803162,1.91607237,0.70295954,-0.00789246,-0.71118623,0.86923695
3,1598305820273616400,1598305820273554900,-0.70934606,0.06220422,-0.70211035,0.14884174,0.04960813,0.99803406,0.03830252,1.91605604,0.70311260,-0.00766064,-0.71103734,0.86881042
3,1598305820282454000,1598305820282398000,-0.70934618,0.06209261,-0.70212013,0.15032899,0.04966521,0.99803948,0.03808615,1.91602564,0.70310849,-0.00785468,-0.71103930,0.86829066
3,1598305820291542000,1598305820291488900,-0.70932531,0.06233657,-0.70211959,0.15133917,0.04967086,0.99802613,0.03842754,1.91603053,0.70312917,-0.00761726,-0.71102148,0.86892843
3,1598305820300438800,1598305820300370200,-0.70925796,0.06231126,-0.70218986,0.15246093,0.04966787,0.99802750,0.03839562,1.91602099,0.70319724,-0.00764387,-0.71095383,0.86884046
3,1598305820309459900,1598305820309404500,-0.70930183,0.06216552,-0.70215845,0.15401924,0.04959360,0.99803627,0.03826289,1.91606510,0.70315820,-0.00768263,-0.71099210,0.86852813
3,1598305820318401600,1598305820318324600,-0.70946962,0.06241419,-0.70196688,0.15541422,0.04964738,0.99802220,0.03855943,1.91585875,0.70298517,-0.00749407,-0.71116519,0.86835623
3,1598305820327620700,1598305820327554500,-0.70931095,0.06255285,-0.70211482,0.15700901,0.04968157,0.99801409,0.03872435,1.91581750,0.70314282,-0.00741456,-0.71101016,0.86812735
3,1598305820336405700,1598305820336346100,-0.70921421,0.06267032,-0.70220214,0.15871286,0.04966245,0.99800777,0.03891209,1.91591167,0.70324183,-0.00727607,-0.71091366,0.86804342
3,1598305820345413600,1598305820345365300,-0.70939517,0.06256399,-0.70202875,0.15964305,0.04965902,0.99801379,0.03876175,1.91595840,0.70305949,-0.00736466,-0.71109301,0.86850977
3,1598305820354291100,1598305820354232300,-0.70932007,0.06271783,-0.70209098,0.16096544,0.04971825,0.99800462,0.03892164,1.91584301,0.70313108,-0.00729883,-0.71102285,0.86843705
3,1598305820363291100,1598305820363229700,-0.70940876,0.06264293,-0.70200801,0.16180921,0.04971129,0.99800891,0.03882090,1.91584420,0.70304215,-0.00735784,-0.71111029,0.86855364
3,1598305820372278900,1598305820372232300,-0.70925647,0.06251666,-0.70217311,0.16347468,0.04970368,0.99801582,0.03865138,1.91590452,0.70319623,-0.00748685,-0.71095645,0.86846948
3,1598305820381303800,1598305820381225400,-0.70945328,0.06275372,-0.70195311,0.16432023,0.04970630,0.99800283,0.03898280,1.91592550,0.70299757,-0.00723501,-0.71115559,0.86892200
3,1598305820390199400,1598305820390159700,-0.70923978,0.06263916,-0.70217901,0.16538846,0.04970541,0.99800903,0.03882399,1.91592836,0.70321292,-0.00736657,-0.71094126,0.86882854
3,1598305820399364400,1598305820399262700,-0.70961988,0.06332385,-0.70173347,0.16645098,0.04981752,0.99796987,0.03967858,1.91579747,0.70282149,-0.00680191,-0.71133387,0.86920238
3,1598305820408187500,1598305820408137900,-0.70914274,0.06298394,-0.70224625,0.16807437,0.04976505,0.99798924,0.03925512,1.91590428,0.70330667,-0.00710984,-0.71085119,0.86856842
3,1598305820417324100,1598305820417229500,-0.70960218,0.06342446,-0.70174235,0.16869342,0.04983518,0.99796396,0.03980404,1.91586542,0.70283806,-0.00672642,-0.71131814,0.86939526
3,1598305820426318600,1598305820426078300,-0.70940107,0.06295910,-0.70198750,0.16969907,0.04991641,0.99798918,0.03906300,1.91584706,0.70303530,-0.00732936,-0.71111733,0.86963010
3,1598305820435220000,1598305820435178900,-0.70972681,0.06358579,-0.70160162,0.17109013,0.05001491,0.99795318,0.03984984,1.91573381,0.70269942,-0.00680803,-0.71145433,0.86958313
3,1598305820444053300,1598305820444012900,-0.70934105,0.06349692,-0.70199966,0.17237270,0.05003962,0.99795771,0.03970385,1.91569710,0.70308703,-0.00696422,-0.71106982,0.86919570
3,1598305820453153200,1598305820453108700,-0.70943892,0.06365132,-0.70188677,0.17420518,0.05009198,0.99794853,0.03986903,1.91553617,0.70298457,-0.00687426,-0.71117198,0.86852956
3,1598305820462018700,1598305820461928400,-0.70955342,0.06351621,-0.70178330,0.17535484,0.05016848,0.99795550,0.03959789,1.91561258,0.70286363,-0.00711059,-0.71128917,0.86861873
3,1598305820471136100,1598305820471086300,-0.70955813,0.06360468,-0.70177048,0.17732656,0.05009093,0.99795127,0.03980210,1.91560268,0.70286435,-0.00691043,-0.71129042,0.86808586
3,1598305820479996500,1598305820479956000,-0.70974696,0.06354503,-0.70158494,0.17745483,0.05004771,0.99795514,0.03975837,1.91575336,0.70267671,-0.00689434,-0.71147591,0.86934900
3,1598305820489268800,1598305820489161300,-0.70951611,0.06362296,-0.70181137,0.17863023,0.04998961,0.99795115,0.03993120,1.91568708,0.70291406,-0.00675145,-0.71124291,0.86964917
3,1598305820497974400,1598305820497933200,-0.70959228,0.06387012,-0.70171189,0.17939067,0.04998186,0.99793714,0.04028951,1.91565371,0.70283771,-0.00648374,-0.71132082,0.87010193
3,1598305820507130500,1598305820507099700,-0.70958763,0.06344250,-0.70175534,0.18043113,0.04987425,0.99796259,0.03979034,1.91587114,0.70284998,-0.00676479,-0.71130610,0.87031531
3,1598305820515839400,1598305820515794500,-0.70972943,0.06363717,-0.70159435,0.18188262,0.04983210,0.99795198,0.04010799,1.91576052,0.70270985,-0.00649610,-0.71144700,0.86993074
3,1598305820525001600,1598305820524924500,-0.70954698,0.06339820,-0.70180047,0.18303370,0.04980133,0.99796575,0.03980169,1.91583061,0.70289618,-0.00670943,-0.71126091,0.86985517
3,1598305820533778000,1598305820533722200,-0.70961916,0.06362836,-0.70170665,0.18478942,0.04982869,0.99795246,0.04010035,1.91592026,0.70282137,-0.00650914,-0.71133673,0.87000704
3,1598305820542861600,1598305820542770200,-0.70964968,0.06346583,-0.70169044,0.18574095,0.04990030,0.99796104,0.03979630,1.91583025,0.70278543,-0.00677314,-0.71136975,0.86985373
3,1598305820551743200,1598305820551707300,-0.70964581,0.06358311,-0.70168382,0.18662298,0.04983964,0.99795491,0.04002457,1.91581666,0.70279372,-0.00656840,-0.71136355,0.87014580
3,1598305820570536100,1598305820570460200,-0.70977151,0.06351239,-0.70156312,0.18887067,0.04965870,0.99796069,0.04010551,1.91584146,0.70267963,-0.00637296,-0.71147799,0.87080526
3,1598305820579920000,1598305820579869700,-0.70973688,0.06324033,-0.70162261,0.18993032,0.04964100,0.99797630,0.03973689,1.91587353,0.70271575,-0.00662651,-0.71143997,0.87090492
3,1598305820588615900,1598305820588561600,-0.70977515,0.06340447,-0.70156908,0.19240105,0.04961935,0.99796724,0.03999178,1.91557622,0.70267868,-0.00642623,-0.71147847,0.86893058
3,1598305820597686900,1598305820597636300,-0.70971912,0.06331766,-0.70163363,0.19386232,0.04959839,0.99797231,0.03989026,1.91561389,0.70273674,-0.00648901,-0.71142054,0.86879849
3,1598305820606877000,1598305820606778600,-0.70978892,0.06339380,-0.70155609,0.19561589,0.04952851,0.99796867,0.04006840,1.91561651,0.70267105,-0.00630692,-0.71148694,0.86834574
3,1598305820615671600,1598305820615601900,-0.70981908,0.06336415,-0.70152831,0.19634163,0.04950337,0.99797058,0.04005129,1.91565859,0.70264238,-0.00629884,-0.71151543,0.86903358
3,1598305820624673100,1598305820624615500,-0.70988524,0.06351297,-0.70144796,0.19764435,0.04953724,0.99796182,0.04022788,1.91554093,0.70257330,-0.00619062,-0.71158457,0.86893463
3,1598305820633658200,1598305820633630600,-0.70975524,0.06330598,-0.70159817,0.19872165,0.04951768,0.99797374,0.03995489,1.91550028,0.70270592,-0.00638332,-0.71145189,0.86885285
3,1598305820642647400,1598305820642437500,-0.70988780,0.06351498,-0.70144510,0.20023119,0.04951112,0.99796194,0.04025716,1.91558695,0.70257246,-0.00615127,-0.71158570,0.86890078
3,1598305820651637800,1598305820651554100,-0.70972574,0.06352449,-0.70160824,0.20090806,0.04943562,0.99796194,0.04034914,1.91562450,0.70274150,-0.00604761,-0.71141970,0.86974931
3,1598305820660444000,1598305820660370900,-0.70994270,0.06339163,-0.70140082,0.20193267,0.04938399,0.99797016,0.04020975,1.91564727,0.70252609,-0.00609135,-0.71163201,0.87009501
3,1598305820669500300,1598305820669462700,-0.70982742,0.06354902,-0.70150316,0.20339167,0.04935122,0.99796128,0.04046826,1.91560507,0.70264477,-0.00589456,-0.71151650,0.86988282
3,1598305820678462200,1598305820678399900,-0.70990402,0.06359480,-0.70142150,0.20417356,0.04942857,0.99795806,0.04045412,1.91563141,0.70256191,-0.00595172,-0.71159780,0.87039614
3,1598305820687694500,1598305820687635600,-0.70991778,0.06353238,-0.70141321,0.20536172,0.04939011,0.99796200,0.04040411,1.91555715,0.70255065,-0.00595928,-0.71160889,0.87030172
3,1598305820696431000,1598305820696374700,-0.71003366,0.06368294,-0.70128226,0.20629597,0.04941842,0.99795312,0.04058829,1.91560531,0.70243168,-0.00583721,-0.71172738,0.87076330
3,1598305820705521700,1598305820705472600,-0.71002960,0.06365100,-0.70128930,0.20779097,0.04945835,0.99795461,0.04050242,1.91540897,0.70243287,-0.00592669,-0.71172541,0.87004256
3,1598305820714322800,1598305820714277600,-0.70987773,0.06380628,-0.70142889,0.20916271,0.04959129,0.99794441,0.04059052,1.91533041,0.70257699,-0.00597046,-0.71158278,0.86986017
3,1598305820723520400,1598305820723456600,-0.70996320,0.06378724,-0.70134413,0.20990896,0.04952019,0.99794620,0.04063444,1.91534650,0.70249557,-0.00588173,-0.71166384,0.87022972
3,1598305820736042500,1598305820735972100,-0.70997632,0.06387186,-0.70132315,0.21140385,0.04952158,0.99794126,0.04075327,1.91544795,0.70248234,-0.00579678,-0.71167767,0.87081122
3,1598305820745617800,1598305820745572900,-0.70992088,0.06387138,-0.70137930,0.21269941,0.04957535,0.99794084,0.04069879,1.91538680,0.70253456,-0.00587820,-0.71162552,0.87066436
3,1598305820754261000,1598305820754223200,-0.71000665,0.06388604,-0.70129120,0.21359980,0.04955216,0.99794018,0.04074210,1.91536498,0.70244956,-0.00582333,-0.71170986,0.87090468
3,1598305820763186900,1598305820763138600,-0.70998299,0.06403009,-0.70130193,0.21505010,0.04960506,0.99793136,0.04089378,1.91543877,0.70246971,-0.00575424,-0.71169043,0.87126994
3,1598305820772240000,1598305820772214600,-0.70997393,0.06404324,-0.70130992,0.21627891,0.04953515,0.99793118,0.04098342,1.91538978,0.70248377,-0.00564233,-0.71167755,0.87132764
3,1598305820781059200,1598305820781023400,-0.70971274,0.06395932,-0.70158195,0.21856213,0.04948412,0.99793637,0.04091870,1.91519046,0.70275128,-0.00567664,-0.71141315,0.86994886
3,1598305820790203500,1598305820790123400,-0.70991826,0.06391116,-0.70137835,0.21965885,0.04941449,0.99793983,0.04091835,1.91516650,0.70254850,-0.00560957,-0.71161383,0.86998558
3,1598305820799009300,1598305820798975000,-0.70966440,0.06387485,-0.70163852,0.22085440,0.04930244,0.99794269,0.04098301,1.91513479,0.70281279,-0.00550831,-0.71135366,0.86983800
3,1598305820808095700,1598305820808030600,-0.70981050,0.06381574,-0.70149612,0.22161078,0.04930422,0.99794620,0.04089548,1.91536665,0.70266521,-0.00555868,-0.71149909,0.87078428
3,1598305820817111300,1598305820817043300,-0.70983428,0.06389164,-0.70146513,0.22288036,0.04923911,0.99794233,0.04106914,1.91535699,0.70264566,-0.00538723,-0.71151960,0.87080860
3,1598305820826281400,1598305820826139600,-0.70995861,0.06392277,-0.70133650,0.22459817,0.04920590,0.99794078,0.04114572,1.91546321,0.70252246,-0.00529813,-0.71164197,0.87074471
3,1598305820835080600,1598305820835019500,-0.70965797,0.06362982,-0.70166731,0.22540212,0.04900399,0.99795932,0.04093664,1.91550231,0.70284021,-0.00533348,-0.71132791,0.87106872
3,1598305820844176200,1598305820844050400,-0.70988739,0.06371346,-0.70142758,0.22735465,0.04896111,0.99795485,0.04109659,1.91537857,0.70261145,-0.00516872,-0.71155500,0.87020206
3,1598305820853035600,1598305820852970000,-0.70996487,0.06355981,-0.70136315,0.22821081,0.04893972,0.99796402,0.04089881,1.91541541,0.70253474,-0.00528780,-0.71162993,0.87040520
3,1598305820861959600,1598305820861911800,-0.71002507,0.06354493,-0.70130348,0.22951257,0.04891466,0.99796510,0.04090239,1.91537356,0.70247555,-0.00526230,-0.71168852,0.87020683
3,1598305820870825200,1598305820870775900,-0.71005982,0.06351984,-0.70127058,0.23034441,0.04889322,0.99796677,0.04088804,1.91541028,0.70244193,-0.00525442,-0.71172178,0.87048960
3,1598305820879983700,1598305820879934800,-0.71020734,0.06338765,-0.70113313,0.23164380,0.04883040,0.99797499,0.04076200,1.91537046,0.70229709,-0.00528714,-0.71186441,0.87061048
3,1598305820888863200,1598305820888823400,-0.71023917,0.06338039,-0.70110154,0.23277771,0.04877380,0.99797583,0.04080870,1.91533661,0.70226884,-0.00521144,-0.71189284,0.87062454
3,1598305820897865200,1598305820897806700,-0.71018893,0.06334146,-0.70115596,0.23405659,0.04878842,0.99797797,0.04073899,1.91533577,0.70231867,-0.00527591,-0.71184325,0.87051845
3,1598305820906897600,1598305820906833300,-0.71019018,0.06341928,-0.70114768,0.23541152,0.04879765,0.99797338,0.04084039,1.91522646,0.70231676,-0.00520991,-0.71184570,0.87029767
3,1598305820915909900,1598305820915807700,-0.71025455,0.06334242,-0.70108944,0.23679841,0.04880012,0.99797785,0.04072779,1.91521406,0.70225155,-0.00528615,-0.71190941,0.87022686
3,1598305820924695000,1598305820924650100,-0.71030325,0.06320241,-0.70105267,0.23799360,0.04870692,0.99798667,0.04062245,1.91509950,0.70220864,-0.00529185,-0.71195161,0.87019730
3,1598305820933829800,1598305820933790600,-0.71027291,0.06335185,-0.70107001,0.23933387,0.04872442,0.99797785,0.04081777,1.91499484,0.70223820,-0.00516747,-0.71192342,0.87009478
3,1598305820942696800,1598305820942622000,-0.71021080,0.06349033,-0.70112038,0.24035692,0.04874141,0.99796963,0.04099831,1.91513324,0.70229989,-0.00505616,-0.71186340,0.87061834
3,1598305820951691000,1598305820951639300,-0.71047175,0.06331221,-0.70087206,0.24106514,0.04864495,0.99798083,0.04083986,1.91521525,0.70204258,-0.00507832,-0.71211696,0.87133932
3,1598305820960635800,1598305820960607600,-0.71032524,0.06346497,-0.70100677,0.24260092,0.04872012,0.99797136,0.04098262,1.91525924,0.70218563,-0.00504214,-0.71197623,0.87144232
3,1598305820969678700,1598305820969651700,-0.71027088,0.06337578,-0.70106983,0.24364567,0.04875425,0.99797624,0.04082160,1.91514575,0.70223820,-0.00518574,-0.71192330,0.87137246
3,1598305820978564300,1598305820978517400,-0.71023262,0.06359784,-0.70108855,0.24582624,0.04883826,0.99796265,0.04105295,1.91497254,0.70227110,-0.00508280,-0.71189165,0.87036228
3,1598305820987611400,1598305820987553000,-0.71033454,0.06349419,-0.70099461,0.24665821,0.04885164,0.99796867,0.04089076,1.91500306,0.70216703,-0.00519862,-0.71199334,0.87054825
3,1598305820996615300,1598305820996578100,-0.71051043,0.06362122,-0.70080483,0.24769032,0.04893421,0.99796069,0.04098604,1.91493154,0.70198327,-0.00517232,-0.71217477,0.87062120
3,1598305821005653400,1598305821005590400,-0.71026832,0.06352317,-0.70105910,0.24896371,0.04881820,0.99796718,0.04096662,1.91503775,0.70223635,-0.00512715,-0.71192551,0.87077713
3,1598305821014559300,1598305821014529000,-0.71031433,0.06364903,-0.70100105,0.25024283,0.04887467,0.99795943,0.04108805,1.91503286,0.70218587,-0.00507576,-0.71197575,0.87089944
3,1598305821023533700,1598305821023471800,-0.71029967,0.06355052,-0.70102489,0.25134861,0.04902199,0.99796408,0.04079860,1.91500568,0.70219052,-0.00538641,-0.71196890,0.87093639
3,1598305821032443300,1598305821032403200,-0.71030664,0.06376067,-0.70099872,0.25276411,0.04900693,0.99795192,0.04111296,1.91501069,0.70218438,-0.00515098,-0.71197665,0.87092948
3,1598305821041467900,1598305821041436300,-0.71026617,0.06345755,-0.70106721,0.25391269,0.04896531,0.99796993,0.04072409,1.91502690,0.70222825,-0.00540302,-0.71193159,0.87109232
3,1598305821050552300,1598305821050428500,-0.71048403,0.06367223,-0.70082700,0.25489855,0.04888851,0.99795806,0.04110531,1.91500282,0.70201319,-0.00505772,-0.71214610,0.87135744
3,1598305821059641000,1598305821059520500,-0.71025753,0.06327458,-0.70109260,0.25632131,0.04884006,0.99798149,0.04059071,1.91499877,0.70224571,-0.00541155,-0.71191418,0.87094975
3,1598305821068326100,1598305821068249000,-0.71039873,0.06348903,-0.70093000,0.25732815,0.04890019,0.99796861,0.04083350,1.91495860,0.70209861,-0.00526755,-0.71206033,0.87114048
3,1598305821077522500,1598305821077469500,-0.71020353,0.06344058,-0.70113230,0.25865722,0.04883802,0.99797183,0.04082964,1.91504657,0.70230055,-0.00524456,-0.71186131,0.87122750
3,1598305821086285800,1598305821086248200,-0.71041703,0.06340216,-0.70091939,0.25943232,0.04885573,0.99797404,0.04075471,1.91500819,0.70208329,-0.00529108,-0.71207535,0.87181759
3,1598305821095485500,1598305821095408700,-0.71021092,0.06345116,-0.70112377,0.26139069,0.04885402,0.99797112,0.04082840,1.91501236,0.70229185,-0.00525594,-0.71186984,0.87133884
3,1598305821104250200,1598305821104209800,-0.71025056,0.06329688,-0.70109761,0.26191759,0.04889519,0.99797976,0.04056663,1.91505957,0.70224893,-0.00546782,-0.71191061,0.87210584
3,1598305821113564000,1598305821113508400,-0.71021599,0.06362500,-0.70110285,0.26365411,0.04887627,0.99796081,0.04105324,1.91494286,0.70228517,-0.00511062,-0.71187747,0.87163496
3,1598305821122281900,1598305821122243300,-0.71026254,0.06336813,-0.70107901,0.26452398,0.04891276,0.99797553,0.04065013,1.91501617,0.70223564,-0.00541945,-0.71192408,0.87179756
3,1598305821131373100,1598305821131304500,-0.71046811,0.06338962,-0.70086879,0.26553380,0.04879192,0.99797529,0.04080104,1.91498756,0.70203602,-0.00520889,-0.71212244,0.87180352
3,1598305821140240400,1598305821140176200,-0.71042794,0.06311639,-0.70093411,0.26628435,0.04880610,0.99799097,0.04039804,1.91500235,0.70207566,-0.00550996,-0.71208119,0.87222147
3,1598305821149275700,1598305821149231100,-0.71051145,0.06368816,-0.70079768,0.26847422,0.04881101,0.99795765,0.04120634,1.91473389,0.70199078,-0.00492907,-0.71216905,0.87111926
3,1598305821158230800,1598305821158163100,-0.71038550,0.06309219,-0.70097935,0.26966965,0.04870813,0.99799311,0.04046342,1.91477036,0.70212555,-0.00539877,-0.71203285,0.87081099
3,1598305821167388300,1598305821167287600,-0.71072042,0.06355266,-0.70059812,0.27076674,0.04865004,0.99796683,0.04117464,1.91469932,0.70179045,-0.00482047,-0.71236718,0.87106872
3,1598305821176128700,1598305821176088400,-0.71061707,0.06320728,-0.70073414,0.27225780,0.04866256,0.99798691,0.04067104,1.91475010,0.70189422,-0.00519798,-0.71226239,0.87065601
3,1598305821185224000,1598305821185121500,-0.71075249,0.06355426,-0.70056546,0.27335775,0.04867467,0.99796659,0.04115159,1.91464412,0.70175630,-0.00485120,-0.71240067,0.87101960
3,1598305821194052600,1598305821193986300,-0.71080738,0.06321572,-0.70054036,0.27463567,0.04867672,0.99798638,0.04066668,1.91465068,0.70170045,-0.00519382,-0.71245325,0.87066865
3,1598305821203128200,1598305821203031500,-0.71097410,0.06341504,-0.70035315,0.27522779,0.04868891,0.99797475,0.04093657,1.91471028,0.70153075,-0.00499458,-0.71262175,0.87123442
3,1598305821212005700,1598305821211972400,-0.71121740,0.06345902,-0.70010203,0.27650917,0.04870673,0.99797213,0.04097869,1.91473782,0.70128280,-0.00495492,-0.71286607,0.87149477
3,1598305821221190200,1598305821221115700,-0.71108830,0.06326164,-0.70025110,0.27795351,0.04862247,0.99798423,0.04078429,1.91464353,0.70141959,-0.00504671,-0.71273082,0.87113571
3,1598305821230016300,1598305821229932800,-0.71139431,0.06354180,-0.69991481,0.27936876,0.04870648,0.99796736,0.04109519,1.91459489,0.70110333,-0.00485550,-0.71304321,0.87092495
3,1598305821239177000,1598305821239024700,-0.71115506,0.06337524,-0.70017302,0.28059804,0.04878278,0.99797648,0.04078261,1.91467154,0.70134073,-0.00515362,-0.71280771,0.87101555
3,1598305821247943700,1598305821247881700,-0.71155328,0.06370330,-0.69973850,0.28157115,0.04894925,0.99795622,0.04107693,1.91465771,0.70092511,-0.00502324,-0.71321726,0.87128019
3,1598305821256943200,1598305821256887200,-0.71141952,0.06325854,-0.69991487,0.28288054,0.04880676,0.99798316,0.04058904,1.91466260,0.70107090,-0.00528474,-0.71307218,0.87087989
3,1598305821265867000,1598305821265807500,-0.71147150,0.06353626,-0.69983685,0.28370929,0.04874946,0.99796742,0.04104280,1.91459572,0.70102215,-0.00491589,-0.71312267,0.87108088
3,1598305821274996900,1598305821274879000,-0.71157622,0.06330762,-0.69975114,0.28477526,0.04885814,0.99798000,0.04060509,1.91468406,0.70090830,-0.00529492,-0.71323192,0.87101746
3,1598305821283841600,1598305821283779300,-0.71139276,0.06323794,-0.69994390,0.28596270,0.04868113,0.99798530,0.04068774,1.91463697,0.70110673,-0.00512909,-0.71303809,0.87100840
3,1598305821293040300,1598305821292904000,-0.71161664,0.06310499,-0.69972825,0.28705513,0.04861535,0.99799359,0.04056274,1.91452706,0.70088404,-0.00515241,-0.71325672,0.87098432
3,1598305821301701000,1598305821301661700,-0.71149516,0.06321283,-0.69984210,0.28803265,0.04840657,0.99798876,0.04093017,1.91459250,0.70102179,-0.00475534,-0.71312416,0.87131119
3,1598305821310797800,1598305821310772800,-0.71171331,0.06307569,-0.69963259,0.28937232,0.04849504,0.99799621,0.04064238,1.91474319,0.70079422,-0.00500298,-0.71334606,0.87149930
3,1598305821319805100,1598305821319748800,-0.71148014,0.06318554,-0.69985986,0.29022646,0.04839261,0.99799043,0.04090561,1.91475725,0.70103806,-0.00476451,-0.71310806,0.87194824
3,1598305821328907200,1598305821328848700,-0.71184158,0.06292441,-0.69951570,0.29116905,0.04824251,0.99800682,0.04068239,1.91476262,0.70068133,-0.00478697,-0.71345842,0.87237549
3,1598305821337746100,1598305821337647400,-0.71181124,0.06309780,-0.69953096,0.29216158,0.04815655,0.99799722,0.04101757,1.91479683,0.70071816,-0.00449023,-0.71342421,0.87270093
3,1598305821346894500,1598305821346830700,-0.71150202,0.06278677,-0.69987351,0.29445493,0.04808630,0.99801576,0.04064833,1.91466236,0.70103693,-0.00473296,-0.71310937,0.87126255
3,1598305821355774400,1598305821355739900,-0.71168387,0.06286889,-0.69968116,0.29573858,0.04799768,0.99801159,0.04085390,1.91449618,0.70085835,-0.00450801,-0.71328634,0.87104964
3,1598305821364808700,1598305821364740400,-0.71162701,0.06271525,-0.69975281,0.29719639,0.04792280,0.99802101,0.04071150,1.91457021,0.70092130,-0.00456271,-0.71322417,0.87105083
3,1598305821373628200,1598305821373588500,-0.71182215,0.06283466,-0.69954354,0.29812944,0.04791920,0.99801415,0.04088371,1.91455173,0.70072329,-0.00441964,-0.71341956,0.87118006
3,1598305821382635400,1598305821382559300,-0.71153653,0.06264671,-0.69985092,0.29975688,0.04789466,0.99802518,0.04064322,1.91453528,0.70101500,-0.00459998,-0.71313179,0.87054300
3,1598305821391563100,1598305821391491100,-0.71192455,0.06261829,-0.69945872,0.30053341,0.04780798,0.99802750,0.04068732,1.91440177,0.70062685,-0.00447341,-0.71351391,0.87090254
3,1598305821400728500,1598305821400664300,-0.71183044,0.06266660,-0.69955021,0.30187500,0.04772177,0.99802524,0.04084487,1.91440356,0.70072842,-0.00430916,-0.71341527,0.87084031
3,1598305821409588500,1598305821409534500,-0.71177483,0.06272767,-0.69960129,0.30287659,0.04767041,0.99802196,0.04098478,1.91463423,0.70078838,-0.00417835,-0.71335709,0.87133026
3,1598305821418647500,1598305821418590800,-0.71180797,0.06263753,-0.69957572,0.30423605,0.04772649,0.99802685,0.04079879,1.91462314,0.70075095,-0.00434739,-0.71339285,0.87119222
3,1598305821427545500,1598305821427427700,-0.71189368,0.06262345,-0.69948971,0.30617487,0.04766215,0.99802810,0.04084346,1.91445732,0.70066816,-0.00426298,-0.71347475,0.87054110
3,1598305821436681200,1598305821436567900,-0.71187091,0.06284001,-0.69949347,0.30714524,0.04764665,0.99801552,0.04116844,1.91431952,0.70069242,-0.00402191,-0.71345228,0.87059236
3,1598305821445540400,1598305821445483800,-0.71201521,0.06283440,-0.69934702,0.30823147,0.04768046,0.99801570,0.04112480,1.91429329,0.70054340,-0.00406370,-0.71359831,0.87080121
3,1598305821454635100,1598305821454502800,-0.71190524,0.06285131,-0.69945747,0.30924547,0.04779482,0.99801397,0.04103337,1.91419482,0.70064735,-0.00421857,-0.71349537,0.87094212
3,1598305821463506600,1598305821463465100,-0.71191049,0.06295650,-0.69944274,0.31053817,0.04788909,0.99800724,0.04108742,1.91407645,0.70063561,-0.00424511,-0.71350682,0.87073302
3,1598305821472723800,1598305821472581600,-0.71192193,0.06319053,-0.69940996,0.31157291,0.04801435,0.99799269,0.04129369,1.91418540,0.70061541,-0.00418383,-0.71352690,0.87130904
3,1598305821481325000,1598305821481282800,-0.71179664,0.06307974,-0.69954753,0.31307209,0.04800265,0.99799925,0.04114862,1.91413403,0.70074356,-0.00429069,-0.71340048,0.87114835
3,1598305821490387500,1598305821490334800,-0.71196657,0.06315686,-0.69936752,0.31424475,0.04813097,0.99799401,0.04112648,1.91405761,0.70056200,-0.00438055,-0.71357816,0.87121868
3,1598305821499418300,1598305821499389500,-0.71184516,0.06330210,-0.69947797,0.31568861,0.04804434,0.99798590,0.04142300,1.91403961,0.70069134,-0.00411919,-0.71345276,0.87113714
3,1598305821508387900,1598305821508349600,-0.71175438,0.06326611,-0.69957370,0.31732738,0.04804413,0.99798799,0.04137262,1.91422224,0.70078361,-0.00416326,-0.71336192,0.87088728
3,1598305821517375300,1598305821517313300,-0.71195436,0.06307472,-0.69938743,0.31759822,0.04800763,0.99799961,0.04113499,1.91433907,0.70058298,-0.00428970,-0.71355820,0.87189722
3,1598305821526363800,1598305821526272900,-0.71200401,0.06310864,-0.69933385,0.31896329,0.04797151,0.99799782,0.04121977,1.91428065,0.70053494,-0.00419946,-0.71360582,0.87187433
3,1598305821535289000,1598305821535229400,-0.71195793,0.06325322,-0.69936764,0.32001245,0.04795907,0.99798936,0.04143914,1.91428077,0.70058262,-0.00403810,-0.71355993,0.87205267
3,1598305821544413600,1598305821544297000,-0.71197009,0.06308691,-0.69937038,0.32158196,0.04799559,0.99799895,0.04116453,1.91432500,0.70056784,-0.00425878,-0.71357328,0.87163401
3,1598305821553199500,1598305821553162700,-0.71196908,0.06285668,-0.69939202,0.32250512,0.04792943,0.99801284,0.04090338,1.91440177,0.70057327,-0.00439952,-0.71356702,0.87169313
3,1598305821562389400,1598305821562314200,-0.71199691,0.06306865,-0.69934464,0.32382894,0.04792375,0.99800044,0.04121141,1.91442573,0.70054543,-0.00417282,-0.71359575,0.87191987
3,1598305821571142300,1598305821571092800,-0.71193463,0.06305528,-0.69940925,0.32476676,0.04793482,0.99800116,0.04118159,1.91446722,0.70060796,-0.00420745,-0.71353412,0.87219739
3,1598305821580252200,1598305821580169400,-0.71204865,0.06311653,-0.69928753,0.32640254,0.04818279,0.99799609,0.04101540,1.91436243,0.70047498,-0.00448866,-0.71366292,0.87169695
3,1598305821589131600,1598305821589072000,-0.71184415,0.06321573,-0.69948685,0.32731128,0.04826831,0.99798959,0.04107171,1.91430807,0.70067704,-0.00452639,-0.71346438,0.87201500
3,1598305821598096100,1598305821597998100,-0.71183145,0.06326860,-0.69949502,0.32836413,0.04830552,0.99798626,0.04110938,1.91441703,0.70068741,-0.00452652,-0.71345425,0.87247229
3,1598305821606723200,1598305821606680400,-0.71208149,0.06319046,-0.69924748,0.32923853,0.04831157,0.99799091,0.04098940,1.91427600,0.70043278,-0.00459394,-0.71370375,0.87262869
3,1598305821615860700,1598305821615785000,-0.71209359,0.06325811,-0.69922912,0.33108234,0.04837790,0.99798650,0.04101825,1.91416478,0.70041597,-0.00461840,-0.71372008,0.87200832
3,1598305821624792400,1598305821624699600,-0.71196824,0.06349425,-0.69933534,0.33268917,0.04871926,0.99797028,0.04100867,1.91404617,0.70051968,-0.00487423,-0.71361655,0.87132812
3,1598305821633849500,1598305821633785300,-0.71182823,0.06341334,-0.69948518,0.33396506,0.04867318,0.99797529,0.04094155,1.91405296,0.70066518,-0.00490282,-0.71347350,0.87126160
3,1598305821642781300,1598305821642716700,-0.71211803,0.06351118,-0.69918120,0.33540189,0.04875045,0.99796915,0.04099956,1.91412508,0.70036519,-0.00488887,-0.71376806,0.87163639
3,1598305821651766500,1598305821651688100,-0.71221578,0.06378616,-0.69905663,0.33701408,0.04879628,0.99795270,0.04134442,1.91405308,0.70026255,-0.00466522,-0.71387017,0.87136698
3,1598305821660691400,1598305821660625400,-0.71220595,0.06337292,-0.69910419,0.33776009,0.04889456,0.99797624,0.04065442,1.91413999,0.70026577,-0.00522807,-0.71386319,0.87149858
3,1598305821669708400,1598305821669651900,-0.71221793,0.06375381,-0.69905734,0.33942378,0.04889878,0.99795389,0.04119373,1.91405129,0.70025331,-0.00484413,-0.71387815,0.87101507
3,1598305821678605700,1598305821678535100,-0.71251208,0.06370828,-0.69876176,0.34061015,0.04908890,0.99795532,0.04093181,1.91408432,0.69994074,-0.00513703,-0.71418262,0.87112045
3,1598305821687659600,1598305821687601800,-0.71230477,0.06384625,-0.69896048,0.34167504,0.04908103,0.99794722,0.04113899,1.91399372,0.70015222,-0.00500220,-0.71397614,0.87116027
3,1598305821696534300,1598305821696495500,-0.71259105,0.06359021,-0.69869196,0.34222567,0.04908435,0.99796230,0.04076698,1.91406751,0.69986057,-0.00524466,-0.71426034,0.87171078
3,1598305821705600500,1598305821705543600,-0.71257615,0.06376264,-0.69869149,0.34395325,0.04910371,0.99795210,0.04099366,1.91393089,0.69987440,-0.00509724,-0.71424782,0.87113571
3,1598305821714512100,1598305821714457900,-0.71253490,0.06356364,-0.69875169,0.34468055,0.04907187,0.99796391,0.04074238,1.91399801,0.69991869,-0.00525869,-0.71420330,0.87159777
3,1598305821723574600,1598305821723518800,-0.71276265,0.06345274,-0.69852942,0.34480691,0.04900359,0.99797100,0.04065121,1.91405892,0.69969153,-0.00525579,-0.71442586,0.87297988
3,1598305821732400600,1598305821732359300,-0.71293175,0.06332479,-0.69836849,0.34597719,0.04893089,0.99797904,0.04054083,1.91405475,0.69952440,-0.00526895,-0.71458942,0.87283230
3,1598305821741564800,1598305821741493100,-0.71284556,0.06352703,-0.69843805,0.34704065,0.04888437,0.99796760,0.04087823,1.91409099,0.69961536,-0.00500284,-0.71450222,0.87342072
3,1598305821750522300,1598305821750408800,-0.71265429,0.06337387,-0.69864702,0.34888947,0.04889069,0.99797636,0.04065496,1.91399646,0.69980979,-0.00518441,-0.71431059,0.87274122
3,1598305821759573700,1598305821759505100,-0.71277499,0.06366572,-0.69849741,0.35099101,0.04889380,0.99795938,0.04106746,1.91394389,0.69968665,-0.00488033,-0.71443331,0.87211323
3,1598305821768440500,1598305821768407200,-0.71273333,0.06334293,-0.69856930,0.35176849,0.04876200,0.99797916,0.04074130,1.91392231,0.69973826,-0.00502595,-0.71438169,0.87237692
3,1598305821777490600,1598305821777426900,-0.71271563,0.06338445,-0.69858360,0.35385239,0.04874682,0.99797684,0.04081630,1.91377234,0.69975734,-0.00496331,-0.71436352,0.87133670
3,1598305821786401900,1598305821786309800,-0.71291661,0.06319771,-0.69839537,0.35476077,0.04873555,0.99798787,0.04055892,1.91384947,0.69955343,-0.00512156,-0.71456206,0.87135100
3,1598305821795407500,1598305821795352800,-0.71273196,0.06328735,-0.69857568,0.35625899,0.04872216,0.99798268,0.04070258,1.91377795,0.69974244,-0.00502609,-0.71437764,0.87089634
3,1598305821804370100,1598305821804310900,-0.71280205,0.06310728,-0.69852048,0.35702348,0.04869360,0.99799341,0.04047376,1.91396332,0.69967300,-0.00516369,-0.71444464,0.87168193
3,1598305821813416300,1598305821813297600,-0.71294546,0.06329356,-0.69835722,0.35775757,0.04861032,0.99798322,0.04082353,1.91397524,0.69953263,-0.00484241,-0.71458441,0.87218046
3,1598305821822260900,1598305821822196200,-0.71285862,0.06299127,-0.69847322,0.35821581,0.04858052,0.99800098,0.04042289,1.91405189,0.69962323,-0.00511639,-0.71449375,0.87274051
3,1598305821831344500,1598305821831247100,-0.71289527,0.06316844,-0.69841981,0.36008322,0.04857566,0.99799073,0.04068062,1.91394758,0.69958621,-0.00492518,-0.71453136,0.87233901
3,1598305821840172200,1598305821840105600,-0.71297944,0.06328376,-0.69832337,0.36142504,0.04846092,0.99798483,0.04096179,1.91383243,0.69950837,-0.00463647,-0.71460944,0.87182140
3,1598305821849239700,1598305821849165200,-0.71285671,0.06323341,-0.69845331,0.36289918,0.04862443,0.99798656,0.04072404,1.91382432,0.69962215,-0.00493149,-0.71449614,0.87140083
3,1598305821858233200,1598305821858057900,-0.71292555,0.06309375,-0.69839573,0.36407554,0.04859854,0.99799490,0.04055022,1.91368198,0.69955385,-0.00503172,-0.71456230,0.87125945
3,1598305821867334100,1598305821867245600,-0.71297038,0.06312303,-0.69834727,0.36520958,0.04858340,0.99799335,0.04060709,1.91361272,0.69950914,-0.00497643,-0.71460640,0.87116885
3,1598305821876135200,1598305821876072100,-0.71294278,0.06336983,-0.69835305,0.36588836,0.04851433,0.99797940,0.04103059,1.91366720,0.69954211,-0.00462767,-0.71457648,0.87179708
3,1598305821885226700,1598305821885129100,-0.71315801,0.06318052,-0.69815046,0.36716712,0.04854420,0.99799037,0.04072742,1.91367817,0.69932055,-0.00484607,-0.71479177,0.87171054
3,1598305821894154800,1598305821894021500,-0.71293879,0.06304319,-0.69838667,0.36794949,0.04837596,0.99799943,0.04070519,1.91360092,0.69955570,-0.00476481,-0.71456230,0.87212443
3,1598305821903345900,1598305821903316800,-0.71305037,0.06284498,-0.69829071,0.36846101,0.04825636,0.99801183,0.04054302,1.91387057,0.69945031,-0.00478775,-0.71466529,0.87333512
3,1598305821912088500,1598305821912011000,-0.71308649,0.06313486,-0.69822758,0.36959815,0.04807486,0.99799603,0.04114246,1.91377211,0.69942588,-0.00422906,-0.71469271,0.87341547
3,1598305821921079700,1598305821920998800,-0.71276063,0.06264885,-0.69860399,0.37212086,0.04799315,0.99802488,0.04053438,1.91363239,0.69976354,-0.00463690,-0.71435958,0.87146902
3,1598305821930123800,1598305821929966000,-0.71318525,0.06269132,-0.69816673,0.37290609,0.04803260,0.99802232,0.04055076,1.91377783,0.69932812,-0.00461455,-0.71478599,0.87257743
3,1598305821939014800,1598305821938934200,-0.71312219,0.06278677,-0.69822258,0.37347174,0.04773799,0.99801856,0.04098886,1.91372132,0.69941264,-0.00410168,-0.71470642,0.87329507
3,1598305821947904100,1598305821947844600,-0.71314383,0.06280873,-0.69819856,0.37515521,0.04788347,0.99801636,0.04087139,1.91363490,0.69938064,-0.00428499,-0.71473670,0.87275004
3,1598305821956986600,1598305821956919700,-0.71319085,0.06258205,-0.69817078,0.37582958,0.04778505,0.99803025,0.04064753,1.91369140,0.69933939,-0.00437268,-0.71477652,0.87309265
3,1598305821965841400,1598305821965790000,-0.71314585,0.06278589,-0.69819850,0.37827301,0.04775110,0.99801850,0.04097399,1.91369009,0.69938767,-0.00411932,-0.71473086,0.87242913
3,1598305821975008800,1598305821974933700,-0.71318179,0.06249214,-0.69818813,0.37877536,0.04761150,0.99803656,0.04069645,1.91358018,0.69936049,-0.00421781,-0.71475685,0.87286139
3,1598305821983808100,1598305821983746100,-0.71296662,0.06276997,-0.69838285,0.38118100,0.04767612,0.99801981,0.04102935,1.91338921,0.69957536,-0.00404362,-0.71454751,0.87139010
3,1598305821992803000,1598305821992744500,-0.71308732,0.06257451,-0.69827724,0.38301396,0.04773634,0.99803096,0.04068746,1.91332281,0.69944835,-0.00431949,-0.71467024,0.87006187
3,1598305822001758200,1598305822001714200,-0.71295542,0.06257375,-0.69841194,0.38298714,0.04773730,0.99803096,0.04068654,1.91346741,0.69958270,-0.00433261,-0.71453863,0.87133503
3,1598305822010793900,1598305822010737700,-0.71319658,0.06251802,-0.69817072,0.38445497,0.04783325,0.99803364,0.04050668,1.91343427,0.69933027,-0.00450655,-0.71478462,0.87108469
3,1598305822019753800,1598305822019708700,-0.71312940,0.06265977,-0.69822657,0.38570833,0.04779876,0.99802560,0.04074516,1.91325045,0.69940114,-0.00431780,-0.71471643,0.87050509
3,1598305822028748700,1598305822028721300,-0.71319288,0.06240438,-0.69818461,0.38641548,0.04788736,0.99803990,0.04028897,1.91334391,0.69933027,-0.00470041,-0.71478331,0.87098217
3,1598305822037689900,1598305822037652600,-0.71330988,0.06267914,-0.69804043,0.38820207,0.04782690,0.99802434,0.04074249,1.91341937,0.69921505,-0.00432308,-0.71489847,0.87063885
3,1598305822046784200,1598305822046716900,-0.71326810,0.06260331,-0.69808996,0.38943982,0.04799815,0.99802768,0.04045938,1.91341245,0.69924593,-0.00464864,-0.71486616,0.87045169
3,1598305822055686500,1598305822055581000,-0.71328092,0.06277964,-0.69806105,0.39110672,0.04786262,0.99801826,0.04084990,1.91310942,0.69924223,-0.00427358,-0.71487212,0.86985946
3,1598305822064770100,1598305822064613000,-0.71336329,0.06261745,-0.69799137,0.39181280,0.04794500,0.99802721,0.04053305,1.91317332,0.69915247,-0.00455040,-0.71495825,0.87007761
3,1598305822073559400,1598305822073522300,-0.71352232,0.06230731,-0.69785666,0.39275706,0.04781882,0.99804604,0.04021709,1.91349208,0.69899893,-0.00467489,-0.71510756,0.87131906
3,1598305822082839400,1598305822082776700,-0.71356905,0.06294726,-0.69775146,0.39385760,0.04811558,0.99800700,0.04082832,1.91343427,0.69893086,-0.00443889,-0.71517563,0.87146902
3,1598305822091464000,1598305822091432400,-0.71366733,0.06253618,-0.69768786,0.39502609,0.04793537,0.99803209,0.04042383,1.91332233,0.69884282,-0.00459476,-0.71526062,0.87133765
3,1598305822100560400,1598305822100488300,-0.71368647,0.06257324,-0.69766498,0.39582014,0.04782150,0.99803072,0.04059321,1.91337478,0.69883108,-0.00439256,-0.71527338,0.87243319
3,1598305822109439100,1598305822109395000,-0.71398568,0.06257671,-0.69735849,0.39674747,0.04790287,0.99803013,0.04051214,1.91357207,0.69851983,-0.00448038,-0.71557683,0.87315822
3,1598305822118510800,1598305822118461100,-0.71381193,0.06283136,-0.69751334,0.39876521,0.04792745,0.99801505,0.04085292,1.91336226,0.69869572,-0.00426873,-0.71540636,0.87232828
3,1598305822127406900,1598305822127354500,-0.71382219,0.06260025,-0.69752359,0.39983535,0.04779440,0.99802935,0.04065838,1.91335893,0.69869429,-0.00431486,-0.71540749,0.87190747
3,1598305822136547600,1598305822136517300,-0.71362919,0.06235513,-0.69774306,0.40112138,0.04775338,0.99804378,0.04035146,1.91343701,0.69889420,-0.00452360,-0.71521091,0.87217474
3,1598305822145423700,1598305822145361300,-0.71406418,0.06251316,-0.69728374,0.40238452,0.04775459,0.99803478,0.04057238,1.91337729,0.69844973,-0.00432721,-0.71564615,0.87231779
3,1598305822154569500,1598305822154532600,-0.71379769,0.06222771,-0.69758213,0.40327144,0.04753601,0.99805260,0.04039013,1.91337752,0.69873703,-0.00432989,-0.71536565,0.87221742
3,1598305822163335900,1598305822163286200,-0.71408564,0.06216386,-0.69729304,0.40433538,0.04746761,0.99805683,0.04036628,1.91341031,0.69844735,-0.00427385,-0.71564877,0.87248278
3,1598305822172372700,1598305822172322800,-0.71389818,0.06227805,-0.69747478,0.40611267,0.04745745,0.99805015,0.04054173,1.91334701,0.69863975,-0.00415771,-0.71546173,0.87179947
3,1598305822181399600,1598305822181317900,-0.71385610,0.06223352,-0.69752181,0.40752327,0.04769585,0.99805129,0.04023426,1.91329479,0.69866645,-0.00454743,-0.71543318,0.87146044
3,1598305822190405100,1598305822190370600,-0.71401495,0.06246835,-0.69733810,0.40799189,0.04779793,0.99803710,0.04046430,1.91327834,0.69849706,-0.00443920,-0.71559930,0.87219763
3,1598305822199203800,1598305822199149500,-0.71409452,0.06240398,-0.69726241,0.40932894,0.04782347,0.99804068,0.04034526,1.91333413,0.69841397,-0.00453518,-0.71567982,0.87172151
3,1598305822208395400,1598305822208311500,-0.71425974,0.06222425,-0.69710922,0.40954792,0.04791340,0.99805051,0.03999421,1.91349542,0.69823885,-0.00483462,-0.71584862,0.87325621
3,1598305822217205000,1598305822217144500,-0.71397316,0.06267013,-0.69736278,0.41051161,0.04787142,0.99802488,0.04067816,1.91349757,0.69853473,-0.00434063,-0.71556306,0.87412524
3,1598305822226284900,1598305822226240100,-0.71387523,0.06238479,-0.69748861,0.41285312,0.04791688,0.99804109,0.04022418,1.91351175,0.69863164,-0.00470643,-0.71546620,0.87231755
3,1598305822235211300,1598305822235152700,-0.71422201,0.06251445,-0.69712192,0.41354978,0.04794095,0.99803358,0.04038180,1.91356397,0.69827557,-0.00457912,-0.71581453,0.87288713
3,1598305822244341400,1598305822244264400,-0.71395844,0.06235405,-0.69740629,0.41546392,0.04790325,0.99804300,0.04019333,1.91345382,0.69854760,-0.00471166,-0.71554816,0.87202883
