4,1598305820227003500,1598305820226870500,0.70341879,-0.03285194,-0.71001625,0.13896060,-0.05648864,-0.99835557,-0.00977054,1.58098650,-0.70852768,0.04698063,-0.70411760,0.87178659
4,1598305820236754100,1598305820236652200,0.70349401,-0.03320642,-0.70992523,0.14046311,-0.05663868,-0.99835032,-0.00942821,1.58106184,-0.70844096,0.04684191,-0.70421410,0.87194037
4,1598305820245657100,1598305820245561200,0.70350885,-0.03249460,-0.70994347,0.14172840,-0.05647544,-0.99835134,-0.01026834,1.58127904,-0.70843929,0.04731824,-0.70418388,0.87213469
4,1598305820255291700,1598305820255225200,0.70323145,-0.03297106,-0.71019632,0.14237463,-0.05659274,-0.99835044,-0.00968904,1.58071709,-0.70870531,0.04700559,-0.70393705,0.87138700
4,1598305820264668200,1598305820264506900,0.70347792,-0.03280545,-0.70995986,0.14370918,-0.05665587,-0.99834371,-0.01000767,1.58082759,-0.70845556,0.04726356,-0.70417118,0.87156177
4,1598305820273639100,1598305820273596300,0.70319122,-0.03305903,-0.71023202,0.14499080,-0.05679714,-0.99833810,-0.00976463,1.58088326,-0.70872885,0.04720555,-0.70390004,0.87166357
4,1598305820282515300,1598305820282432500,0.70370132,-0.03293220,-0.70973253,0.14621580,-0.05667899,-0.99834377,-0.00987333,1.58100998,-0.70823187,0.04717480,-0.70440221,0.87184834
4,1598305820291566000,1598305820291532300,0.70288724,-0.03281906,-0.71054399,0.14669788,-0.05681090,-0.99833411,-0.01008702,1.58063436,-0.70902920,0.04745668,-0.70358062,0.87141347
4,1598305820300482000,1598305820300404800,0.70367408,-0.03320371,-0.70974690,0.14790571,-0.05686907,-0.99833488,-0.00967792,1.58062577,-0.70824373,0.04717275,-0.70439041,0.87152910
4,1598305820309545300,1598305820309440400,0.70314294,-0.03288968,-0.71028763,0.14923227,-0.05697729,-0.99832374,-0.01017704,1.58075738,-0.70876223,0.04762617,-0.70383811,0.87153268
4,1598305820318448500,1598305820318374800,0.70325440,-0.03269978,-0.71018612,0.15034842,-0.05688372,-0.99832720,-0.01036157,1.58085108,-0.70865917,0.04768485,-0.70393783,0.87172222
4,1598305820327643800,1598305820327577600,0.70337474,-0.03386438,-0.71001232,0.15105522,-0.05728858,-0.99831599,-0.00913784,1.58015680,-0.70850718,0.04710292,-0.70413005,0.87136769
4,1598305820336447100,1598305820336374600,0.70290977,-0.03304760,-0.71051109,0.15250349,-0.05724626,-0.99830812,-0.01020007,1.58031845,-0.70897186,0.04784383,-0.70361215,0.87132907
4,1598305820345440300,1598305820345410800,0.70321321,-0.03381682,-0.71017456,0.15363824,-0.05729882,-0.99831480,-0.00919978,1.58022714,-0.70866668,0.04716157,-0.70396566,0.87150764
4,1598305820354331500,1598305820354264600,0.70298260,-0.03330337,-0.71042705,0.15487301,-0.05728868,-0.99830878,-0.00988969,1.58036566,-0.70889616,0.04765171,-0.70370144,0.87160110
4,1598305820363333200,1598305820363284500,0.70284176,-0.03371207,-0.71054715,0.15596569,-0.05765133,-0.99829012,-0.00966204,1.58004248,-0.70900649,0.04775487,-0.70358330,0.87091136
4,1598305820372324900,1598305820372294400,0.70303327,-0.03395515,-0.71034610,0.15712130,-0.05767604,-0.99829155,-0.00936308,1.58002496,-0.70881456,0.04755250,-0.70379031,0.87101722
4,1598305820381326700,1598305820381258200,0.70281273,-0.03389934,-0.71056700,0.15837955,-0.05777927,-0.99828410,-0.00952315,1.58007050,-0.70902491,0.04774903,-0.70356518,0.87104368
4,1598305820390241100,1598305820390207900,0.70300686,-0.03424903,-0.71035814,0.15915823,-0.05787360,-0.99828219,-0.00914375,1.57965112,-0.70882463,0.04753910,-0.70378113,0.87090540
4,1598305820399405200,1598305820399305900,0.70272171,-0.03415633,-0.71064472,0.16043591,-0.05797471,-0.99827445,-0.00934742,1.57968545,-0.70909911,0.04776806,-0.70348907,0.87097502
4,1598305820408235100,1598305820408199800,0.70283324,-0.03423189,-0.71053082,0.16160572,-0.05793554,-0.99827796,-0.00921294,1.57966399,-0.70899177,0.04764014,-0.70360595,0.87100601
4,1598305820417381700,1598305820417298200,0.70279872,-0.03441880,-0.71055591,0.16266215,-0.05800871,-0.99827546,-0.00901970,1.57967734,-0.70902002,0.04755746,-0.70358312,0.87113118
4,1598305820426343100,1598305820426135900,0.70262754,-0.03436791,-0.71072763,0.16362798,-0.05821167,-0.99826127,-0.00927636,1.57946920,-0.70917308,0.04789046,-0.70340621,0.87078977
4,1598305820435389000,1598305820435212800,0.70281780,-0.03493970,-0.71051157,0.16485023,-0.05832786,-0.99826050,-0.00860639,1.57941926,-0.70897490,0.04749135,-0.70363301,0.87084484
4,1598305820444090900,1598305820444045800,0.70268142,-0.03479550,-0.71065354,0.16596878,-0.05843474,-0.99825168,-0.00890215,1.57946563,-0.70910126,0.04778223,-0.70348597,0.87095809
4,1598305820453191200,1598305820453157500,0.70273554,-0.03503843,-0.71058804,0.16716695,-0.05852105,-0.99824882,-0.00865164,1.57946157,-0.70904052,0.04766417,-0.70355523,0.87096691
4,1598305820462042300,1598305820461972900,0.70263660,-0.03505193,-0.71068525,0.16834247,-0.05868815,-0.99823779,-0.00878908,1.57920742,-0.70912480,0.04788433,-0.70345533,0.87052441
4,1598305820471184000,1598305820471135600,0.70260924,-0.03518528,-0.71070564,0.16953051,-0.05870173,-0.99823856,-0.00861267,1.57919002,-0.70915067,0.04777099,-0.70343685,0.87056541
4,1598305820480082000,1598305820480008500,0.70275664,-0.03531629,-0.71055341,0.17059875,-0.05868037,-0.99824142,-0.00842137,1.57919621,-0.70900643,0.04761370,-0.70359296,0.87068701
4,1598305820489306200,1598305820489213800,0.70237851,-0.03515489,-0.71093524,0.17180717,-0.05880773,-0.99823123,-0.00873860,1.57903063,-0.70937049,0.04794629,-0.70320332,0.87035728
4,1598305820498013400,1598305820497977600,0.70255321,-0.03527019,-0.71075690,0.17294371,-0.05877906,-0.99823439,-0.00856480,1.57899606,-0.70919979,0.04779485,-0.70338571,0.87024355
4,1598305820507154600,1598305820507134400,0.70253569,-0.03510015,-0.71078259,0.17403841,-0.05870296,-0.99823749,-0.00872650,1.57904482,-0.70922351,0.04785571,-0.70335770,0.87041330
4,1598305820515878600,1598305820515819700,0.70258039,-0.03500813,-0.71074295,0.17520273,-0.05867403,-0.99823827,-0.00883128,1.57906067,-0.70918155,0.04790684,-0.70339650,0.87041473
4,1598305820525033300,1598305820525015700,0.70244241,-0.03506847,-0.71087635,0.17635918,-0.05868781,-0.99823821,-0.00874712,1.57889771,-0.70931721,0.04786412,-0.70326269,0.87012625
4,1598305820533840500,1598305820533757400,0.70239943,-0.03501916,-0.71092117,0.17740750,-0.05872456,-0.99823511,-0.00884873,1.57889724,-0.70935661,0.04796388,-0.70321608,0.87015438
4,1598305820542885400,1598305820542793000,0.70261788,-0.03529954,-0.71069145,0.17841923,-0.05870609,-0.99823964,-0.00845733,1.57885456,-0.70914179,0.04766419,-0.70345306,0.87027550
4,1598305820551780500,1598305820551743300,0.70262796,-0.03517708,-0.71068752,0.17944348,-0.05871427,-0.99823755,-0.00863840,1.57888556,-0.70913112,0.04779708,-0.70345485,0.87034655
4,1598305820570562400,1598305820570505500,0.70256650,-0.03535058,-0.71073973,0.18206680,-0.05872145,-0.99823922,-0.00839602,1.57865691,-0.70919144,0.04763443,-0.70340508,0.87012744
4,1598305820579981900,1598305820579905400,0.70245463,-0.03497734,-0.71086872,0.18328559,-0.05862311,-0.99824142,-0.00881210,1.57870388,-0.70931041,0.04786344,-0.70326960,0.87004876
4,1598305820588640700,1598305820588582600,0.70263141,-0.03516603,-0.71068466,0.18431520,-0.05862314,-0.99824357,-0.00856385,1.57867420,-0.70913523,0.04767980,-0.70345867,0.87003827
4,1598305820597712800,1598305820597660500,0.70232075,-0.03535714,-0.71098226,0.18578792,-0.05882337,-0.99823266,-0.00846465,1.57847667,-0.70942640,0.04776727,-0.70315915,0.86981845
4,1598305820607041500,1598305820606902200,0.70246106,-0.03539781,-0.71084166,0.18688929,-0.05873313,-0.99823910,-0.00833133,1.57841563,-0.70929492,0.04760239,-0.70330286,0.86977673
4,1598305820615767100,1598305820615639900,0.70240378,-0.03540502,-0.71089780,0.18800163,-0.05869670,-0.99824166,-0.00827970,1.57836676,-0.70935464,0.04754305,-0.70324665,0.86974812
4,1598305820624728300,1598305820624638500,0.70233482,-0.03533822,-0.71096927,0.18920553,-0.05873947,-0.99823803,-0.00840938,1.57834613,-0.70941937,0.04766816,-0.70317292,0.86973000
4,1598305820633741500,1598305820633664200,0.70236117,-0.03553428,-0.71093351,0.19036114,-0.05869558,-0.99824327,-0.00809307,1.57824445,-0.70939696,0.04741291,-0.70321274,0.86981249
4,1598305820642670400,1598305820642459700,0.70229173,-0.03546931,-0.71100533,0.19147933,-0.05869914,-0.99824232,-0.00818131,1.57822609,-0.70946538,0.04748106,-0.70313913,0.86981177
4,1598305820651726500,1598305820651585900,0.70224547,-0.03548297,-0.71105027,0.19263279,-0.05865090,-0.99824572,-0.00810999,1.57819033,-0.70951509,0.04739895,-0.70309448,0.86979246
4,1598305820660486400,1598305820660420800,0.70213139,-0.03555994,-0.71115917,0.19402754,-0.05865320,-0.99824655,-0.00799352,1.57815802,-0.70962787,0.04732426,-0.70298564,0.86987638
4,1598305820669544700,1598305820669491800,0.70211577,-0.03558481,-0.71117330,0.19515443,-0.05863173,-0.99824828,-0.00793588,1.57807755,-0.70964509,0.04726923,-0.70297211,0.86983418
4,1598305820678486500,1598305820678424800,0.70220852,-0.03576022,-0.71107298,0.19613290,-0.05872166,-0.99824417,-0.00778741,1.57802224,-0.70954591,0.04722376,-0.70307523,0.86990881
4,1598305820687741600,1598305820687671700,0.70201463,-0.03591449,-0.71125662,0.19755197,-0.05895720,-0.99823028,-0.00778606,1.57801628,-0.70971823,0.04739963,-0.70288944,0.86986995
4,1598305820696454800,1598305820696428600,0.70204288,-0.03614914,-0.71121693,0.19857550,-0.05892905,-0.99823463,-0.00743148,1.57793593,-0.70969266,0.04712855,-0.70293343,0.86987519
4,1598305820705578900,1598305820705487700,0.70213109,-0.03593254,-0.71114075,0.19970644,-0.05883829,-0.99823833,-0.00765382,1.57791805,-0.70961285,0.04721629,-0.70300817,0.86989594
4,1598305820714361800,1598305820714310400,0.70210016,-0.03610078,-0.71116275,0.20071232,-0.05889781,-0.99823618,-0.00747375,1.57785583,-0.70963848,0.04713325,-0.70298779,0.86990309
4,1598305820723584200,1598305820723492000,0.70209825,-0.03634201,-0.71115232,0.20213294,-0.05909390,-0.99822563,-0.00732923,1.57788563,-0.70962405,0.04717059,-0.70299989,0.86985707
4,1598305820736080200,1598305820736020200,0.70220327,-0.03634709,-0.71104836,0.20359755,-0.05898523,-0.99823284,-0.00722420,1.57782722,-0.70952916,0.04701420,-0.70310616,0.86995411
4,1598305820745794600,1598305820745755100,0.70202816,-0.03649586,-0.71121371,0.20468771,-0.05905072,-0.99823010,-0.00706397,1.57777548,-0.70969713,0.04695679,-0.70294046,0.86997581
4,1598305820754285200,1598305820754248800,0.70210981,-0.03655386,-0.71113008,0.20626438,-0.05925593,-0.99821705,-0.00719346,1.57782960,-0.70959914,0.04718927,-0.70302379,0.86988115
4,1598305820763223800,1598305820763161400,0.70208538,-0.03668914,-0.71114719,0.20741963,-0.05918013,-0.99822342,-0.00692619,1.57770920,-0.70962965,0.04694856,-0.70300919,0.86993265
4,1598305820772265700,1598305820772237000,0.70204294,-0.03650378,-0.71119857,0.20868278,-0.05905980,-0.99822956,-0.00706323,1.57766843,-0.70968157,0.04696193,-0.70295578,0.86983871
4,1598305820781134600,1598305820781062200,0.70163083,-0.03659091,-0.71160078,0.20985758,-0.05914806,-0.99822485,-0.00699007,1.57758975,-0.71008182,0.04699425,-0.70254934,0.86972928
4,1598305820790264000,1598305820790173700,0.70189965,-0.03668110,-0.71133089,0.21145606,-0.05904842,-0.99823213,-0.00678982,1.57766509,-0.70982432,0.04676874,-0.70282453,0.86978149
4,1598305820799084000,1598305820799013900,0.70160913,-0.03673957,-0.71161449,0.21254981,-0.05912744,-0.99822766,-0.00675913,1.57763028,-0.71010494,0.04681820,-0.70253778,0.86974096
4,1598305820808120900,1598305820808085500,0.70200729,-0.03656279,-0.71123075,0.21362150,-0.05901767,-0.99823296,-0.00693537,1.57763565,-0.70972037,0.04684386,-0.70292443,0.86979485
4,1598305820817136300,1598305820817069600,0.70157367,-0.03691735,-0.71164024,0.21516430,-0.05917706,-0.99822611,-0.00655556,1.57772458,-0.71013582,0.04671199,-0.70251352,0.86981225
4,1598305820826414700,1598305820826213300,0.70179141,-0.03651922,-0.71144611,0.21629739,-0.05891456,-0.99823946,-0.00687445,1.57773638,-0.70994252,0.04673896,-0.70270717,0.86993170
4,1598305820835146000,1598305820835053600,0.70169240,-0.03651305,-0.71154398,0.21749580,-0.05880754,-0.99824655,-0.00676808,1.57767439,-0.71004909,0.04659326,-0.70260906,0.86978006
4,1598305820844211800,1598305820844078100,0.70180595,-0.03629310,-0.71144331,0.21860301,-0.05874344,-0.99824852,-0.00702369,1.57766747,-0.70994222,0.04672189,-0.70270854,0.86976457
4,1598305820853085700,1598305820852992200,0.70162165,-0.03651135,-0.71161383,0.21976924,-0.05879153,-0.99824762,-0.00674811,1.57760048,-0.71012032,0.04657148,-0.70253849,0.86966109
4,1598305820862013200,1598305820861935500,0.70173651,-0.03628188,-0.71151233,0.22138059,-0.05867779,-0.99825281,-0.00696805,1.57774210,-0.71001631,0.04663971,-0.70263916,0.86989236
4,1598305820870863200,1598305820870799700,0.70197904,-0.03634065,-0.71127009,0.22239745,-0.05866436,-0.99825406,-0.00689464,1.57771885,-0.70977771,0.04656610,-0.70288509,0.86992240
4,1598305820880008600,1598305820879973400,0.70192695,-0.03618141,-0.71132958,0.22343993,-0.05865202,-0.99825335,-0.00710110,1.57773697,-0.70983016,0.04670537,-0.70282286,0.87002563
4,1598305820888902700,1598305820888855600,0.70183969,-0.03636558,-0.71140635,0.22462499,-0.05867743,-0.99825352,-0.00685976,1.57766116,-0.70991445,0.04655794,-0.70274758,0.86992478
4,1598305820897889200,1598305820897827200,0.70191628,-0.03613197,-0.71134263,0.22615206,-0.05853649,-0.99826044,-0.00705511,1.57782197,-0.70985025,0.04659159,-0.70281011,0.87027383
4,1598305820906923100,1598305820906859500,0.70165837,-0.03630575,-0.71158814,0.22718334,-0.05860272,-0.99825799,-0.00685311,1.57777596,-0.71009976,0.04650954,-0.70256346,0.87026310
4,1598305820915934000,1598305820915831000,0.70192736,-0.03632772,-0.71132171,0.22822499,-0.05855678,-0.99826103,-0.00680150,1.57775497,-0.70983768,0.04642687,-0.70283377,0.87040615
4,1598305820924733000,1598305820924674200,0.70183110,-0.03621889,-0.71142232,0.22990727,-0.05861061,-0.99825650,-0.00699866,1.57777154,-0.70992839,0.04660877,-0.70273006,0.87040734
4,1598305820933854700,1598305820933815000,0.70147693,-0.03667004,-0.71174830,0.23103499,-0.05875020,-0.99825186,-0.00647135,1.57764959,-0.71026671,0.04635486,-0.70240486,0.87039495
4,1598305820942735100,1598305820942662400,0.70212042,-0.03644103,-0.71112537,0.23194218,-0.05863352,-0.99825698,-0.00673620,1.57766247,-0.70964038,0.04642541,-0.70303303,0.87054491
4,1598305820951714500,1598305820951659900,0.70178956,-0.03652430,-0.71144760,0.23301029,-0.05873353,-0.99825144,-0.00668798,1.57764685,-0.70995927,0.04647938,-0.70270747,0.87059140
4,1598305820960680200,1598305820960659400,0.70205194,-0.03664385,-0.71118253,0.23455691,-0.05878961,-0.99824870,-0.00659983,1.57766199,-0.70969516,0.04644356,-0.70297652,0.87057042
4,1598305820969703400,1598305820969674100,0.70139086,-0.03663975,-0.71183473,0.23582268,-0.05891511,-0.99824083,-0.00666900,1.57761908,-0.71033812,0.04661540,-0.70231545,0.87043285
4,1598305820978605500,1598305820978542000,0.70185190,-0.03679056,-0.71137238,0.23677909,-0.05886247,-0.99824542,-0.00644771,1.57754290,-0.70988691,0.04639847,-0.70278585,0.87054133
4,1598305820987635500,1598305820987575300,0.70159841,-0.03714460,-0.71160400,0.23851085,-0.05911209,-0.99823236,-0.00617479,1.57750678,-0.71011674,0.04639663,-0.70255369,0.87038136
4,1598305820996678300,1598305820996624300,0.70196086,-0.03674882,-0.71126705,0.23952758,-0.05901961,-0.99823463,-0.00667192,1.57754993,-0.70976621,0.04666213,-0.70289034,0.87049246
4,1598305821005688500,1598305821005632000,0.70153373,-0.03722600,-0.71166348,0.24078572,-0.05915369,-0.99823040,-0.00609584,1.57743752,-0.71017718,0.04637396,-0.70249414,0.87037206
4,1598305821014590500,1598305821014565600,0.70175695,-0.03679799,-0.71146572,0.24189699,-0.05904331,-0.99823368,-0.00660756,1.57747042,-0.70996583,0.04664419,-0.70268989,0.87038589
4,1598305821023558700,1598305821023493600,0.70145905,-0.03735050,-0.71173060,0.24322760,-0.05938237,-0.99821657,-0.00614055,1.57733297,-0.71023190,0.04657159,-0.70242584,0.87045860
4,1598305821032529700,1598305821032454800,0.70187610,-0.03702531,-0.71133637,0.24439108,-0.05904449,-0.99823558,-0.00630072,1.57733536,-0.70984793,0.04642282,-0.70282358,0.87047601
4,1598305821041494200,1598305821041456800,0.70148051,-0.03701293,-0.71172714,0.24559426,-0.05922494,-0.99822390,-0.00646026,1.57732630,-0.71022385,0.04668374,-0.70242643,0.87039351
4,1598305821050593700,1598305821050461500,0.70188087,-0.03710024,-0.71132773,0.24666178,-0.05911531,-0.99823165,-0.00626612,1.57728386,-0.70983732,0.04644842,-0.70283270,0.87044144
4,1598305821059665000,1598305821059542900,0.70128715,-0.03690699,-0.71192318,0.24795496,-0.05909891,-0.99823129,-0.00646642,1.57729053,-0.71042538,0.04660869,-0.70222777,0.87046456
4,1598305821068459500,1598305821068301500,0.70163798,-0.03703442,-0.71157068,0.24893177,-0.05908851,-0.99823296,-0.00630965,1.57721448,-0.71007955,0.04647274,-0.70258629,0.87048268
4,1598305821077547400,1598305821077491500,0.70147890,-0.03707351,-0.71172553,0.25010955,-0.05915862,-0.99822879,-0.00630956,1.57719827,-0.71023095,0.04653072,-0.70242947,0.87046909
4,1598305821086327100,1598305821086271700,0.70155048,-0.03690397,-0.71166378,0.25116777,-0.05915165,-0.99822766,-0.00654707,1.57720292,-0.71016079,0.04668919,-0.70248985,0.87048554
4,1598305821095584500,1598305821095443400,0.70137382,-0.03727797,-0.71181840,0.25241685,-0.05919759,-0.99822807,-0.00605173,1.57708216,-0.71033144,0.04638246,-0.70233756,0.87042260
4,1598305821104317700,1598305821104284100,0.70121771,-0.03680269,-0.71199691,0.25345600,-0.05915623,-0.99822664,-0.00666290,1.57711124,-0.71048903,0.04679120,-0.70215118,0.87042332
4,1598305821113608700,1598305821113557300,0.70135635,-0.03721929,-0.71183872,0.25448310,-0.05918539,-0.99822837,-0.00612034,1.57699728,-0.71034980,0.04642299,-0.70231640,0.87042212
4,1598305821122318700,1598305821122276300,0.70122081,-0.03715663,-0.71197546,0.25594103,-0.05937028,-0.99821579,-0.00637851,1.57708120,-0.71046811,0.04674292,-0.70217544,0.87036657
4,1598305821131398500,1598305821131335800,0.70122999,-0.03717300,-0.71196556,0.25702715,-0.05925085,-0.99822378,-0.00623836,1.57698393,-0.71046901,0.04655909,-0.70218676,0.87037945
4,1598305821140300300,1598305821140210000,0.70116484,-0.03729197,-0.71202356,0.25801587,-0.05919956,-0.99822819,-0.00601490,1.57691813,-0.71053761,0.04636891,-0.70212996,0.87039495
4,1598305821149299500,1598305821149256100,0.70120388,-0.03716999,-0.71199143,0.25914407,-0.05918694,-0.99822795,-0.00617702,1.57688832,-0.71050012,0.04647195,-0.70216107,0.87032509
4,1598305821158290800,1598305821158201500,0.70093846,-0.03764196,-0.71222794,0.26081371,-0.05941354,-0.99821723,-0.00571500,1.57687426,-0.71074307,0.04632185,-0.70192504,0.87028170
4,1598305821167413300,1598305821167342900,0.70105869,-0.03701454,-0.71214259,0.26197731,-0.05920830,-0.99822521,-0.00640271,1.57676005,-0.71064168,0.04665342,-0.70200586,0.87034655
4,1598305821176166300,1598305821176116400,0.70100367,-0.03719585,-0.71218717,0.26305282,-0.05931046,-0.99822021,-0.00624442,1.57669377,-0.71068734,0.04661751,-0.70196187,0.87024283
4,1598305821185247700,1598305821185171400,0.70113957,-0.03713996,-0.71205628,0.26410949,-0.05925162,-0.99822348,-0.00627715,1.57662773,-0.71055818,0.04659165,-0.70209432,0.87033153
4,1598305821194107300,1598305821194017000,0.70085818,-0.03760878,-0.71230865,0.26562464,-0.05958546,-0.99820578,-0.00592392,1.57655787,-0.71080780,0.04659507,-0.70184141,0.87013602
4,1598305821203169900,1598305821203055500,0.70099449,-0.03764429,-0.71217275,0.26652324,-0.05957732,-0.99820650,-0.00587862,1.57658887,-0.71067411,0.04655022,-0.70197976,0.87013435
4,1598305821212029100,1598305821211998100,0.70095849,-0.03749037,-0.71221626,0.26770103,-0.05961932,-0.99820250,-0.00613253,1.57658088,-0.71070600,0.04676050,-0.70193344,0.87011123
4,1598305821221252100,1598305821221166400,0.70110101,-0.03761854,-0.71206915,0.26908457,-0.05968564,-0.99819911,-0.00603153,1.57651258,-0.71055990,0.04672901,-0.70208347,0.86992002
4,1598305821230040200,1598305821229992300,0.70071393,-0.03758856,-0.71245170,0.27034986,-0.05975126,-0.99819475,-0.00610264,1.57637084,-0.71093613,0.04684609,-0.70169473,0.86984921
4,1598305821239229000,1598305821239179200,0.70085520,-0.03785587,-0.71229857,0.27131534,-0.05979854,-0.99819380,-0.00578777,1.57631409,-0.71079290,0.04665080,-0.70185286,0.86993718
4,1598305821247967700,1598305821247929500,0.70097566,-0.03778125,-0.71218407,0.27238858,-0.05989935,-0.99818647,-0.00600300,1.57631779,-0.71066564,0.04686732,-0.70196718,0.86988306
4,1598305821256967400,1598305821256914000,0.70096159,-0.03774827,-0.71219957,0.27387381,-0.05990731,-0.99818569,-0.00605580,1.57628286,-0.71067882,0.04691084,-0.70195097,0.86973238
4,1598305821265938000,1598305821265830700,0.70092565,-0.03777609,-0.71223348,0.27491832,-0.05988214,-0.99818760,-0.00598862,1.57611251,-0.71071637,0.04684764,-0.70191717,0.86964869
4,1598305821275091800,1598305821274931000,0.70095533,-0.03766516,-0.71221012,0.27607703,-0.05985410,-0.99818850,-0.00611916,1.57611465,-0.71068943,0.04691795,-0.70193982,0.86966634
4,1598305821283866500,1598305821283826300,0.70096982,-0.03756537,-0.71220112,0.27718914,-0.05984006,-0.99818856,-0.00624650,1.57606578,-0.71067631,0.04699676,-0.70194781,0.86958957
4,1598305821293088900,1598305821292993800,0.70090115,-0.03757840,-0.71226799,0.27839220,-0.05970269,-0.99819779,-0.00608620,1.57600045,-0.71075559,0.04679014,-0.70188135,0.86969137
4,1598305821301740800,1598305821301692300,0.70098603,-0.03755122,-0.71218598,0.27933013,-0.05953044,-0.99820882,-0.00596199,1.57581568,-0.71068639,0.04657601,-0.70196557,0.86967778
4,1598305821310823900,1598305821310796700,0.70078075,-0.03734325,-0.71239889,0.28055608,-0.05952686,-0.99820739,-0.00623102,1.57581389,-0.71088910,0.04677344,-0.70174724,0.86965108
4,1598305821319829000,1598305821319769800,0.70106488,-0.03740587,-0.71211600,0.28158236,-0.05944922,-0.99821287,-0.00609273,1.57572460,-0.71061540,0.04660614,-0.70203555,0.86970639
4,1598305821328931300,1598305821328871100,0.70090556,-0.03719196,-0.71228397,0.28306830,-0.05935978,-0.99821699,-0.00628957,1.57584167,-0.71077996,0.04668941,-0.70186329,0.86980700
4,1598305821337784600,1598305821337695200,0.70091736,-0.03725591,-0.71226907,0.28413999,-0.05926822,-0.99822354,-0.00611060,1.57572722,-0.71077603,0.04649795,-0.70188004,0.86979795
4,1598305821346926100,1598305821346854300,0.70087552,-0.03713165,-0.71231663,0.28528869,-0.05917160,-0.99822879,-0.00618551,1.57565367,-0.71082526,0.04648419,-0.70183110,0.86969995
4,1598305821355813800,1598305821355780900,0.70090485,-0.03722343,-0.71228302,0.28689873,-0.05928041,-0.99822247,-0.00616702,1.57573867,-0.71078730,0.04654692,-0.70186538,0.86974216
4,1598305821364833300,1598305821364781000,0.70094335,-0.03711066,-0.71225107,0.28787792,-0.05911401,-0.99823231,-0.00616428,1.57568514,-0.71076316,0.04642482,-0.70189792,0.86971354
4,1598305821373665600,1598305821373614300,0.70084995,-0.03716089,-0.71234035,0.28900182,-0.05914396,-0.99823087,-0.00611490,1.57564068,-0.71085286,0.04641626,-0.70180768,0.86961436
4,1598305821382711400,1598305821382597600,0.70088482,-0.03700424,-0.71231413,0.29009056,-0.05910921,-0.99823177,-0.00630331,1.57560146,-0.71082127,0.04652222,-0.70183259,0.86953759
4,1598305821391587100,1598305821391548900,0.70095706,-0.03691480,-0.71224773,0.29151583,-0.05897520,-0.99823970,-0.00630297,1.57567930,-0.71076119,0.04642306,-0.70190006,0.86969519
4,1598305821400752900,1598305821400689000,0.70086998,-0.03705369,-0.71232617,0.29259539,-0.05898621,-0.99824023,-0.00611122,1.57556677,-0.71084619,0.04630059,-0.70182210,0.86963773
4,1598305821409648700,1598305821409568700,0.70103639,-0.03704540,-0.71216285,0.29360104,-0.05895482,-0.99824208,-0.00610703,1.57551241,-0.71068460,0.04626668,-0.70198786,0.86960506
4,1598305821418719500,1598305821418613800,0.70082694,-0.03698703,-0.71237195,0.29472339,-0.05899550,-0.99823904,-0.00620987,1.57543898,-0.71088779,0.04637878,-0.70177478,0.86949897
4,1598305821427580100,1598305821427452800,0.70095372,-0.03700477,-0.71224636,0.29624689,-0.05896329,-0.99824125,-0.00616479,1.57548869,-0.71076548,0.04631762,-0.70190263,0.86957908
4,1598305821436742200,1598305821436639100,0.70053941,-0.03721501,-0.71264291,0.29734552,-0.05909059,-0.99823499,-0.00595805,1.57534981,-0.71116328,0.04628434,-0.70150179,0.86948013
4,1598305821445600000,1598305821445522300,0.70096827,-0.03712625,-0.71222574,0.29818809,-0.05896289,-0.99824232,-0.00599545,1.57528627,-0.71075124,0.04619750,-0.70192498,0.86958289
4,1598305821454683900,1598305821454538600,0.70070934,-0.03752609,-0.71245944,0.29976177,-0.05931708,-0.99822271,-0.00576122,1.57538533,-0.71097696,0.04629795,-0.70168972,0.86985397
4,1598305821463535400,1598305821463512200,0.70086879,-0.03748536,-0.71230483,0.30076385,-0.05927051,-0.99822533,-0.00578687,1.57524347,-0.71082371,0.04627450,-0.70184654,0.86984205
4,1598305821472857300,1598305821472617000,0.70072931,-0.03788249,-0.71242106,0.30188096,-0.05941513,-0.99821907,-0.00536045,1.57512057,-0.71094912,0.04608481,-0.70173198,0.86973691
4,1598305821481391300,1598305821481309800,0.70083070,-0.03756180,-0.71233821,0.30290830,-0.05938743,-0.99821836,-0.00579171,1.57511306,-0.71085143,0.04636294,-0.70181262,0.86973333
4,1598305821490413900,1598305821490359500,0.70083749,-0.03788926,-0.71231425,0.30470848,-0.05956538,-0.99820936,-0.00550912,1.57517314,-0.71082991,0.04629026,-0.70183921,0.86971593
4,1598305821499464100,1598305821499441900,0.70075619,-0.03787379,-0.71239501,0.30591905,-0.05945407,-0.99821651,-0.00541353,1.57504594,-0.71091938,0.04614834,-0.70175791,0.86962032
4,1598305821508413500,1598305821508373200,0.70062816,-0.03783888,-0.71252286,0.30708313,-0.05947790,-0.99821472,-0.00547430,1.57504058,-0.71104360,0.04621480,-0.70162767,0.86947513
4,1598305821517398000,1598305821517364300,0.70082802,-0.03745780,-0.71234632,0.30814779,-0.05930230,-0.99822301,-0.00585316,1.57503700,-0.71086127,0.04634583,-0.70180380,0.86942673
4,1598305821526407600,1598305821526336200,0.70073688,-0.03747094,-0.71243531,0.30981767,-0.05925837,-0.99822605,-0.00578306,1.57509303,-0.71095473,0.04627015,-0.70171404,0.86958814
4,1598305821535350100,1598305821535266500,0.70072210,-0.03771675,-0.71243691,0.31090379,-0.05926165,-0.99822778,-0.00544053,1.57496989,-0.71096909,0.04603248,-0.70171517,0.86951518
4,1598305821544530900,1598305821544376900,0.70072079,-0.03753332,-0.71244782,0.31202602,-0.05929948,-0.99822390,-0.00573477,1.57497883,-0.71096718,0.04626625,-0.70170176,0.86941981
4,1598305821553224100,1598305821553200800,0.70077050,-0.03726802,-0.71241283,0.31314921,-0.05913250,-0.99823254,-0.00594622,1.57491326,-0.71093208,0.04629368,-0.70173550,0.86930752
4,1598305821562447200,1598305821562367100,0.70074069,-0.03743060,-0.71243358,0.31455278,-0.05906205,-0.99823844,-0.00564617,1.57500315,-0.71096724,0.04603429,-0.70171696,0.86967111
4,1598305821571209200,1598305821571147300,0.70060325,-0.03733950,-0.71257359,0.31559646,-0.05906355,-0.99823773,-0.00576279,1.57494879,-0.71110260,0.04612455,-0.70157385,0.86964154
4,1598305821580310100,1598305821580232300,0.70083976,-0.03734640,-0.71234059,0.31652665,-0.05917988,-0.99823010,-0.00588947,1.57484055,-0.71085984,0.04628380,-0.70180929,0.86975479
4,1598305821589191100,1598305821589122600,0.70086974,-0.03786472,-0.71228373,0.31800759,-0.05936308,-0.99822229,-0.00534671,1.57486999,-0.71081501,0.04603071,-0.70187140,0.86989069
4,1598305821598121600,1598305821598033500,0.70083356,-0.03751056,-0.71233815,0.31894016,-0.05930143,-0.99822354,-0.00577888,1.57493269,-0.71085584,0.04629270,-0.70181274,0.86990762
4,1598305821606762600,1598305821606722800,0.70074660,-0.03755085,-0.71242154,0.31998610,-0.05938150,-0.99821866,-0.00579351,1.57484853,-0.71093488,0.04636444,-0.70172799,0.86988258
4,1598305821615902500,1598305821615831900,0.70105004,-0.03763783,-0.71211839,0.32096231,-0.05932744,-0.99822271,-0.00564592,1.57469821,-0.71064019,0.04620623,-0.70203680,0.86997366
4,1598305821624829100,1598305821624758100,0.70084858,-0.03804694,-0.71229494,0.32275867,-0.05974707,-0.99819869,-0.00546857,1.57477784,-0.71080375,0.04639017,-0.70185912,0.87001634
4,1598305821633873100,1598305821633809500,0.70078808,-0.03804018,-0.71235478,0.32376015,-0.05970071,-0.99820167,-0.00542674,1.57471943,-0.71086729,0.04633108,-0.70179868,0.87010312
4,1598305821642805700,1598305821642757700,0.70070529,-0.03769677,-0.71245450,0.32471275,-0.05958036,-0.99820691,-0.00578156,1.57470250,-0.71095896,0.04649946,-0.70169455,0.87025118
4,1598305821651792700,1598305821651710100,0.70107436,-0.03839828,-0.71205378,0.32571220,-0.05980794,-0.99819720,-0.00505686,1.57452738,-0.71057588,0.04613170,-0.70210683,0.87024093
4,1598305821660730000,1598305821660666100,0.70102477,-0.03793748,-0.71212733,0.32788336,-0.05984482,-0.99819136,-0.00573470,1.57473302,-0.71062171,0.04663730,-0.70202702,0.86990237
4,1598305821669732600,1598305821669673700,0.70113349,-0.03811668,-0.71201062,0.32900703,-0.05987628,-0.99819064,-0.00552457,1.57459402,-0.71051180,0.04650601,-0.70214701,0.86979699
4,1598305821678632100,1598305821678557500,0.70121980,-0.03869246,-0.71189463,0.33011937,-0.06008896,-0.99818093,-0.00493541,1.57446349,-0.71040869,0.04623782,-0.70226908,0.86975288
4,1598305821687718100,1598305821687624000,0.70117474,-0.03814061,-0.71196878,0.33132529,-0.05997933,-0.99818408,-0.00559666,1.57469249,-0.71046233,0.04662765,-0.70218897,0.87000680
4,1598305821696573400,1598305821696531300,0.70110321,-0.03836354,-0.71202731,0.33260751,-0.06009347,-0.99817830,-0.00539034,1.57456434,-0.71052337,0.04656737,-0.70213121,0.86995244
4,1598305821705683800,1598305821705579800,0.70167696,-0.03809656,-0.71147621,0.33381712,-0.05991346,-0.99818778,-0.00563950,1.57449007,-0.70997190,0.04658411,-0.70268762,0.86985397
4,1598305821714573400,1598305821714505500,0.70123315,-0.03822633,-0.71190673,0.33499885,-0.05996298,-0.99818575,-0.00546567,1.57439721,-0.71040618,0.04652075,-0.70225286,0.86978841
4,1598305821723600300,1598305821723541200,0.70166004,-0.03793261,-0.71150172,0.33588457,-0.05960461,-0.99820668,-0.00556230,1.57453024,-0.71001470,0.04631162,-0.70266253,0.87025046
4,1598305821732440100,1598305821732394000,0.70134044,-0.03803260,-0.71181136,0.33700562,-0.05973696,-0.99819899,-0.00552371,1.57446635,-0.71031928,0.04639544,-0.70234907,0.87024856
4,1598305821741589400,1598305821741527800,0.70155376,-0.03799457,-0.71160322,0.33818316,-0.05964390,-0.99820465,-0.00550453,1.57436717,-0.71011645,0.04630451,-0.70256019,0.87022924
4,1598305821750576400,1598305821750459100,0.70141172,-0.03789934,-0.71174818,0.33934236,-0.05959846,-0.99820697,-0.00558018,1.57428229,-0.71026051,0.04633309,-0.70241266,0.87022519
4,1598305821759597300,1598305821759526600,0.70158440,-0.03791490,-0.71157718,0.34087527,-0.05956058,-0.99820948,-0.00553666,1.57431626,-0.71009314,0.04626638,-0.70258623,0.87007427
4,1598305821768464400,1598305821768437800,0.70141304,-0.03799488,-0.71174192,0.34207737,-0.05952985,-0.99821216,-0.00537844,1.57425880,-0.71026504,0.04614239,-0.70242059,0.87003016
4,1598305821777563100,1598305821777460600,0.70151734,-0.03762477,-0.71165872,0.34322453,-0.05946691,-0.99821329,-0.00584483,1.57423782,-0.71016717,0.04642039,-0.70250124,0.86998296
4,1598305821786426500,1598305821786362500,0.70154971,-0.03795741,-0.71160913,0.34442866,-0.05943415,-0.99821800,-0.00534876,1.57408583,-0.71013802,0.04604630,-0.70255530,0.86986899
4,1598305821795431800,1598305821795375500,0.70147330,-0.03773588,-0.71169621,0.34536374,-0.05937504,-0.99822021,-0.00559408,1.57421017,-0.71021837,0.04618109,-0.70246518,0.87002826
4,1598305821804409500,1598305821804346000,0.70155215,-0.03747634,-0.71163225,0.34635162,-0.05929671,-0.99822319,-0.00588784,1.57419705,-0.71014714,0.04632808,-0.70252758,0.87001634
4,1598305821813441500,1598305821813351800,0.70164990,-0.03773115,-0.71152234,0.34740436,-0.05925177,-0.99822807,-0.00549484,1.57410681,-0.71005422,0.04601441,-0.70264208,0.86997294
4,1598305821822313300,1598305821822228200,0.70146090,-0.03753474,-0.71171916,0.34906745,-0.05929229,-0.99822396,-0.00579321,1.57415402,-0.71023762,0.04626317,-0.70244038,0.86982059
4,1598305821831384600,1598305821831271400,0.70147973,-0.03775337,-0.71168900,0.35036349,-0.05914429,-0.99823529,-0.00534190,1.57397509,-0.71023130,0.04583957,-0.70247453,0.86971211
4,1598305821840258400,1598305821840128100,0.70138669,-0.03784575,-0.71177572,0.35152841,-0.05911585,-0.99823785,-0.00517580,1.57392848,-0.71032548,0.04570746,-0.70238787,0.86957073
4,1598305821849264100,1598305821849189100,0.70121002,-0.03743430,-0.71197152,0.35267866,-0.05921357,-0.99822843,-0.00583333,1.57399487,-0.71049184,0.04624877,-0.70218420,0.86947703
4,1598305821858257600,1598305821858104700,0.70161146,-0.03766705,-0.71156371,0.35393953,-0.05911323,-0.99823654,-0.00544420,1.57377172,-0.71010375,0.04588254,-0.70260066,0.86947823
4,1598305821867357600,1598305821867267100,0.70145416,-0.03771361,-0.71171629,0.35527694,-0.05923812,-0.99822891,-0.00548815,1.57367337,-0.71024871,0.04601042,-0.70244575,0.86927223
4,1598305821876196100,1598305821876109100,0.70133543,-0.03770665,-0.71183360,0.35645568,-0.05921115,-0.99823070,-0.00546047,1.57358909,-0.71036822,0.04597811,-0.70232701,0.86912537
4,1598305821885263500,1598305821885185200,0.70149976,-0.03783634,-0.71166480,0.35760927,-0.05915986,-0.99823487,-0.00524273,1.57351243,-0.71021020,0.04577976,-0.70249975,0.86907434
4,1598305821894259800,1598305821894058000,0.70175254,-0.03741384,-0.71143788,0.35869706,-0.05891909,-0.99824709,-0.00562012,1.57370996,-0.70998049,0.04586121,-0.70272666,0.86934853
4,1598305821903372200,1598305821903340700,0.70158255,-0.03752701,-0.71159959,0.35999680,-0.05878242,-0.99825680,-0.00531074,1.57351732,-0.71015978,0.04555547,-0.70256531,0.86926031
4,1598305821912154300,1598305821912091500,0.70163149,-0.03745281,-0.71155524,0.36121070,-0.05866697,-0.99826366,-0.00530502,1.57343841,-0.71012098,0.04546696,-0.70261025,0.86909294
4,1598305821921130700,1598305821921022500,0.70144522,-0.03741498,-0.71174085,0.36261261,-0.05862419,-0.99826616,-0.00529905,1.57365108,-0.71030855,0.04544223,-0.70242220,0.86931944
4,1598305821930147800,1598305821930022400,0.70167148,-0.03694770,-0.71154225,0.36376595,-0.05835784,-0.99827951,-0.00571139,1.57348728,-0.71010697,0.04553159,-0.70262027,0.86936164
4,1598305821939070400,1598305821938955200,0.70158714,-0.03737405,-0.71160311,0.36490381,-0.05826505,-0.99828869,-0.00501393,1.57329941,-0.71019793,0.04497930,-0.70256388,0.86927295
4,1598305821947938600,1598305821947865400,0.70174891,-0.03692478,-0.71146703,0.36594319,-0.05818037,-0.99829066,-0.00557489,1.57331121,-0.71004498,0.04530558,-0.70269746,0.86929941
4,1598305821957010000,1598305821956951200,0.70156109,-0.03706339,-0.71164501,0.36729610,-0.05806114,-0.99829936,-0.00524571,1.57342505,-0.71024036,0.04499910,-0.70251977,0.86965370
4,1598305821965865800,1598305821965819400,0.70187330,-0.03717189,-0.71133149,0.36837554,-0.05798059,-0.99830508,-0.00504145,1.57335711,-0.70993841,0.04478187,-0.70283872,0.86962652
4,1598305821975090300,1598305821974982700,0.70136428,-0.03676912,-0.71185428,0.36957574,-0.05788955,-0.99830812,-0.00547127,1.57332230,-0.71044868,0.04504628,-0.70230597,0.86947870
4,1598305821983868300,1598305821983787800,0.70189571,-0.03705814,-0.71131527,0.37053132,-0.05780891,-0.99831510,-0.00503310,1.57321167,-0.70993024,0.04465307,-0.70285511,0.86949229
4,1598305821992828000,1598305821992768200,0.70156538,-0.03719644,-0.71163386,0.37201881,-0.05807259,-0.99829960,-0.00507077,1.57348382,-0.71023512,0.04488390,-0.70253235,0.86987495
4,1598305822001782400,1598305822001753800,0.70155329,-0.03702375,-0.71165478,0.37306046,-0.05810462,-0.99829632,-0.00534363,1.57350743,-0.71024454,0.04509927,-0.70250911,0.86989117
4,1598305822010817600,1598305822010760600,0.70160210,-0.03740113,-0.71158695,0.37409556,-0.05821207,-0.99829221,-0.00492484,1.57340646,-0.71018744,0.04487822,-0.70258093,0.86983705
4,1598305822019791800,1598305822019742300,0.70175970,-0.03717557,-0.71144342,0.37511325,-0.05819879,-0.99829137,-0.00524217,1.57343113,-0.71003288,0.04508389,-0.70272392,0.86986732
4,1598305822028773500,1598305822028743800,0.70169246,-0.03753737,-0.71149069,0.37683165,-0.05837789,-0.99828261,-0.00490578,1.57348156,-0.71008462,0.04497768,-0.70267850,0.86999512
4,1598305822037730800,1598305822037699500,0.70184851,-0.03744545,-0.71134162,0.37791741,-0.05835040,-0.99828368,-0.00502144,1.57347465,-0.70993268,0.04503136,-0.70282859,0.87000322
4,1598305822046810700,1598305822046757800,0.70167446,-0.03751202,-0.71150970,0.37907922,-0.05848635,-0.99827558,-0.00504708,1.57338858,-0.71009338,0.04515501,-0.70265824,0.86992836
4,1598305822055712100,1598305822055605600,0.70197409,-0.03767397,-0.71120560,0.38035548,-0.05848898,-0.99827641,-0.00484912,1.57355011,-0.70979702,0.04500165,-0.70296746,0.87016964
4,1598305822064829000,1598305822064682100,0.70185405,-0.03757218,-0.71132946,0.38173831,-0.05854505,-0.99827218,-0.00503678,1.57342207,-0.70991111,0.04517990,-0.70284081,0.87003040
4,1598305822073583100,1598305822073545000,0.70187742,-0.03723951,-0.71132386,0.38287663,-0.05842744,-0.99827725,-0.00538929,1.57336688,-0.70989770,0.04534345,-0.70284384,0.86998391
4,1598305822082863700,1598305822082815200,0.70218718,-0.03802047,-0.71097672,0.38430274,-0.05881093,-0.99825817,-0.00470063,1.57349634,-0.70955956,0.04511392,-0.70319992,0.87044525
4,1598305822091488700,1598305822091455100,0.70226359,-0.03759594,-0.71092379,0.38544881,-0.05849033,-0.99827564,-0.00498579,1.57339835,-0.70951045,0.04508351,-0.70325142,0.87045383
4,1598305822100618000,1598305822100511000,0.70189208,-0.03746464,-0.71129751,0.38654399,-0.05840829,-0.99828011,-0.00505570,1.57337093,-0.70988476,0.04509422,-0.70287293,0.87052941
4,1598305822109530700,1598305822109456100,0.70240533,-0.03770972,-0.71077776,0.38763452,-0.05843712,-0.99827975,-0.00478588,1.57330191,-0.70937455,0.04489743,-0.70340049,0.87054777
4,1598305822118535700,1598305822118484400,0.70203996,-0.03737953,-0.71115613,0.38929307,-0.05851367,-0.99827272,-0.00529275,1.57350874,-0.70972991,0.04532808,-0.70301425,0.87081981
4,1598305822127432800,1598305822127376900,0.70230377,-0.03790953,-0.71086752,0.39038157,-0.05851747,-0.99827600,-0.00457591,1.57334876,-0.70946848,0.04481185,-0.70331115,0.87107730
4,1598305822136589900,1598305822136549200,0.70175946,-0.03721283,-0.71144164,0.39170647,-0.05861313,-0.99826521,-0.00559995,1.57343245,-0.70999897,0.04562964,-0.70272303,0.87107968
4,1598305822145448200,1598305822145402600,0.70223629,-0.03757143,-0.71095210,0.39274561,-0.05830989,-0.99828690,-0.00483894,1.57323408,-0.70955241,0.04485362,-0.70322388,0.87112021
4,1598305822154600400,1598305822154561000,0.70208263,-0.03752075,-0.71110648,0.39455569,-0.05843714,-0.99827856,-0.00502252,1.57338428,-0.70969391,0.04508125,-0.70306647,0.87087226
4,1598305822163362600,1598305822163317500,0.70223856,-0.03662234,-0.71099937,0.39594507,-0.05812267,-0.99829161,-0.00598624,1.57359767,-0.70956546,0.04552895,-0.70316726,0.87062621
4,1598305822172398500,1598305822172380000,0.70249271,-0.03815275,-0.71066773,0.39719391,-0.05845210,-0.99828154,-0.00418618,1.57335448,-0.70928675,0.04448079,-0.70351553,0.87049484
4,1598305822181470400,1598305822181358800,0.70233029,-0.03704192,-0.71088707,0.39825952,-0.05835908,-0.99827987,-0.00563965,1.57369232,-0.70945525,0.04544761,-0.70328379,0.87099290
4,1598305822190428600,1598305822190395200,0.70224077,-0.03788099,-0.71093130,0.39924359,-0.05858788,-0.99827141,-0.00468018,1.57341754,-0.70952505,0.04493856,-0.70324606,0.87106586
4,1598305822199280700,1598305822199183200,0.70275033,-0.03754230,-0.71044552,0.40024173,-0.05851613,-0.99827343,-0.00513023,1.57352328,-0.70902622,0.04517779,-0.70373362,0.87121797
4,1598305822208438000,1598305822208368100,0.70205510,-0.03650338,-0.71118665,0.40164340,-0.05839364,-0.99827319,-0.00640508,1.57361698,-0.70972466,0.04602550,-0.70297420,0.87099838
