3,1595963325375940500,1595963325375857600,-0.71334970,0.18562037,-0.67577904,0.70347178,0.64600533,-0.19965264,-0.73676056,1.30607951,-0.27167878,-0.96212471,0.02251042,-0.18875194
3,1595963325385312700,1595963325385233400,-0.71272844,0.18593149,-0.67634881,0.70367473,0.64633989,-0.20052360,-0.73623031,1.30590308,-0.27251226,-0.96188349,0.02274394,-0.18883920
3,1595963325394366800,1595963325394307600,-0.71067625,0.19324058,-0.67645943,0.70917034,0.64548808,-0.20330395,-0.73621511,1.28648734,-0.27979347,-0.95985711,0.01974881,-0.20753860
3,1595963325403400200,1595963325403262400,-0.71124041,0.19235781,-0.67611808,0.70941436,0.64512736,-0.20339446,-0.73650628,1.28643620,-0.27919134,-0.96001524,0.02056708,-0.20780635
3,1595963325412506500,1595963325412428500,-0.71018368,0.19562986,-0.67628998,0.71300620,0.64335299,-0.20975979,-0.73627299,1.26892638,-0.28589538,-0.95798218,0.02310894,-0.22387934
3,1595963325421204500,1595963325421129100,-0.70975834,0.19672313,-0.67641932,0.71314025,0.64362371,-0.20921333,-0.73619187,1.26913893,-0.28634188,-0.95787776,0.02187527,-0.22363007
3,1595963325430455300,1595963325430321600,-0.70805180,0.20310505,-0.67632169,0.71529967,0.64204645,-0.21359153,-0.73631185,1.25408792,-0.29400519,-0.95557690,0.02083102,-0.23856163
3,1595963325439171900,1595963325439086200,-0.70816195,0.20233548,-0.67643702,0.71591741,0.64212877,-0.21377137,-0.73618788,1.25404036,-0.29355973,-0.95569992,0.02145934,-0.23802221
3,1595963325448198400,1595963325448138000,-0.70608139,0.20556705,-0.67763656,0.71760482,0.64178520,-0.21864872,-0.73505414,1.24244928,-0.29926723,-0.95390517,0.02245393,-0.24791837
3,1595963325457108200,1595963325457023100,-0.70665479,0.20628209,-0.67682111,0.71750098,0.64114213,-0.21793717,-0.73582625,1.24270010,-0.29929221,-0.95391363,0.02175021,-0.24760830
3,1595963325466102000,1595963325466045000,-0.70506501,0.21041527,-0.67720664,0.71885473,0.63984388,-0.22297649,-0.73544639,1.23130047,-0.30575025,-0.95184404,0.02258002,-0.25770783
3,1595963325474989600,1595963325474923600,-0.70497328,0.21002401,-0.67742354,0.71883482,0.63993216,-0.22343644,-0.73522997,1.23156428,-0.30577701,-0.95182258,0.02311563,-0.25774860
3,1595963325484081000,1595963325484020400,-0.70367777,0.21323358,-0.67776775,0.71948773,0.63924372,-0.22642092,-0.73491573,1.22525346,-0.31016946,-0.95040262,0.02301916,-0.26189792
3,1595963325492889200,1595963325492839900,-0.70374757,0.21331277,-0.67767036,0.71945763,0.63919896,-0.22624038,-0.73501027,1.22542751,-0.31010342,-0.95042783,0.02286682,-0.26169610
3,1595963325502178100,1595963325502061000,-0.70237017,0.21602972,-0.67823845,0.71926016,0.63833219,-0.23046505,-0.73445082,1.21849096,-0.31497341,-0.94879776,0.02397307,-0.26917362
3,1595963325511097800,1595963325511011100,-0.70265436,0.21592590,-0.67797703,0.71932489,0.63785022,-0.23110141,-0.73466951,1.21904624,-0.31531557,-0.94866657,0.02465603,-0.26917970
3,1595963325519977700,1595963325519919400,-0.70175296,0.21803296,-0.67823631,0.71932137,0.63774312,-0.23206656,-0.73445827,1.21678090,-0.31753200,-0.94794881,0.02380439,-0.27017760
3,1595963325528920100,1595963325528836800,-0.70165861,0.21849029,-0.67818671,0.71925777,0.63698220,-0.23414001,-0.73446053,1.21336448,-0.31926307,-0.94733340,0.02511195,-0.27503562
3,1595963325538008100,1595963325537962400,-0.70091397,0.21894591,-0.67880952,0.71962875,0.63715076,-0.23553348,-0.73386854,1.21176255,-0.32055983,-0.94688267,0.02558717,-0.27651370
3,1595963325546786900,1595963325546705200,-0.70091397,0.21894591,-0.67880952,0.71962875,0.63715076,-0.23553348,-0.73386854,1.21176255,-0.32055983,-0.94688267,0.02558717,-0.27651370
3,1595963325556669100,1595963325556573900,-0.69994497,0.21959558,-0.67959905,0.71993482,0.63731319,-0.23743492,-0.73311436,1.20790029,-0.32234916,-0.94625717,0.02624025,-0.28066611
3,1595963325565161200,1595963325565075100,-0.69987267,0.21895203,-0.67988110,0.72041804,0.63750088,-0.23780660,-0.73283064,1.20787776,-0.32213491,-0.94631296,0.02685224,-0.28067911
3,1595963325574451600,1595963325574262000,-0.69907016,0.21840188,-0.68088293,0.72063529,0.63834524,-0.23845603,-0.73188400,1.20679533,-0.32220542,-0.94627666,0.02728171,-0.28177094
3,1595963325583185900,1595963325583095100,-0.69898748,0.21846271,-0.68094832,0.72082812,0.63839728,-0.23849869,-0.73182470,1.20671070,-0.32228163,-0.94625187,0.02724162,-0.28178501
3,1595963325592185800,1595963325592115700,-0.69804317,0.21771024,-0.68215686,0.72103989,0.63912159,-0.24015309,-0.73065054,1.20407188,-0.32289213,-0.94600683,0.02849392,-0.28455830
3,1595963325601137800,1595963325601055800,-0.69809008,0.21790026,-0.68204820,0.72102034,0.63904011,-0.24004111,-0.73075861,1.20411396,-0.32295203,-0.94599152,0.02832332,-0.28452432
3,1595963325610231600,1595963325610166700,-0.69752949,0.21684626,-0.68295705,0.72131938,0.63974822,-0.24085166,-0.72987175,1.20352662,-0.32276124,-0.94602764,0.02927415,-0.28557646
3,1595963325619054200,1595963325618956800,-0.69750696,0.21715824,-0.68288094,0.72131622,0.63975269,-0.24057575,-0.72995883,1.20362532,-0.32280111,-0.94602633,0.02887570,-0.28547466
3,1595963325628048900,1595963325627983700,-0.69720209,0.21624304,-0.68348241,0.72136015,0.64005429,-0.24162349,-0.72934812,1.20220637,-0.32286179,-0.94596893,0.03005312,-0.28723156
3,1595963325637008200,1595963325636923500,-0.69721067,0.21651898,-0.68338633,0.72133934,0.64003694,-0.24135311,-0.72945291,1.20223629,-0.32287776,-0.94597483,0.02969383,-0.28718126
3,1595963325646043200,1595963325646001000,-0.69694167,0.21569347,-0.68392152,0.72109765,0.64042908,-0.24192502,-0.72891903,1.20226634,-0.32268074,-0.94601732,0.03047126,-0.28810620
3,1595963325655070700,1595963325654976900,-0.69697559,0.21592228,-0.68381476,0.72106993,0.64030230,-0.24194686,-0.72902316,1.20192194,-0.32285914,-0.94595951,0.03037554,-0.28856635
3,1595963325664160600,1595963325664056200,-0.69686514,0.21537495,-0.68409991,0.72120810,0.64056164,-0.24211505,-0.72873950,1.20161927,-0.32258305,-0.94604129,0.03076063,-0.28901470
3,1595963325672958700,1595963325672858900,-0.69685644,0.21535856,-0.68411392,0.72121316,0.64054781,-0.24220033,-0.72872329,1.20168269,-0.32262936,-0.94602317,0.03083142,-0.28903162
3,1595963325682248600,1595963325682106600,-0.69656867,0.21516964,-0.68446630,0.72133118,0.64091539,-0.24222186,-0.72839284,1.20135617,-0.32252067,-0.94606066,0.03081865,-0.28936160
3,1595963325690915200,1595963325690784100,-0.69656867,0.21516964,-0.68446630,0.72133118,0.64091539,-0.24222186,-0.72839284,1.20135617,-0.32252067,-0.94606066,0.03081865,-0.28936160
3,1595963325699944000,1595963325699893800,-0.69642842,0.21502234,-0.68465531,0.72152102,0.64109313,-0.24229479,-0.72821218,1.20087004,-0.32247025,-0.94607544,0.03089165,-0.28978801
3,1595963325708882600,1595963325708777900,-0.69643623,0.21484470,-0.68470311,0.72154158,0.64110297,-0.24243055,-0.72815830,1.20086706,-0.32243386,-0.94608104,0.03109986,-0.28980625
3,1595963325718166900,1595963325718042000,-0.69624895,0.21477740,-0.68491471,0.72156936,0.64132112,-0.24244629,-0.72796094,1.20061481,-0.32240453,-0.94609231,0.03106170,-0.29000819
3,1595963325726774100,1595963325726695100,-0.69621050,0.21473223,-0.68496794,0.72157687,0.64135557,-0.24251303,-0.72790831,1.20047069,-0.32241896,-0.94608545,0.03112041,-0.29018474
3,1595963325736062100,1595963325735955100,-0.69623244,0.21474248,-0.68494242,0.72162306,0.64137411,-0.24237932,-0.72793657,1.20040977,-0.32233474,-0.94611740,0.03102210,-0.29037917
3,1595963325744817500,1595963325744699700,-0.69623518,0.21461062,-0.68498093,0.72161978,0.64138091,-0.24249090,-0.72789341,1.20041120,-0.32231525,-0.94611871,0.03118356,-0.29040384
3,1595963325754281600,1595963325754159500,-0.69625735,0.21452154,-0.68498635,0.72146153,0.64140981,-0.24243169,-0.72788769,1.20046091,-0.32220992,-0.94615406,0.03119864,-0.29060459
3,1595963325763890200,1595963325763805300,-0.69631112,0.21432328,-0.68499368,0.72140306,0.64143652,-0.24239591,-0.72787601,1.20054114,-0.32204041,-0.94620818,0.03130820,-0.29066753
3,1595963325772681300,1595963325772593200,-0.69641870,0.21414927,-0.68493873,0.72143686,0.64135969,-0.24247070,-0.72791886,1.20051980,-0.32196081,-0.94622844,0.03151444,-0.29068160
3,1595963325781974600,1595963325781860900,-0.69629568,0.21432291,-0.68500954,0.72138238,0.64145344,-0.24239476,-0.72786146,1.20042109,-0.32204005,-0.94620854,0.03130027,-0.29080796
3,1595963325790612800,1595963325790500000,-0.69629937,0.21419428,-0.68504602,0.72139049,0.64146209,-0.24249454,-0.72782063,1.20040727,-0.32201487,-0.94621211,0.03145130,-0.29082978
3,1595963325799778800,1595963325799634700,-0.69645023,0.21418835,-0.68489450,0.72141027,0.64141947,-0.24215488,-0.72797126,1.20031190,-0.32177347,-0.94630045,0.03126425,-0.29086137
3,1595963325808677900,1595963325808630100,-0.69638693,0.21397509,-0.68502551,0.72141767,0.64147711,-0.24240997,-0.72783560,1.20028341,-0.32179564,-0.94628340,0.03155103,-0.29088640
3,1595963325817753700,1595963325817606500,-0.69621974,0.21414411,-0.68514264,0.72147179,0.64159858,-0.24239542,-0.72773337,1.20010602,-0.32191521,-0.94624889,0.03136594,-0.29095197
3,1595963325826598400,1595963325826531000,-0.69622552,0.21405780,-0.68516374,0.72148478,0.64163780,-0.24235356,-0.72771269,1.20020139,-0.32182437,-0.94627911,0.03138517,-0.29083526
3,1595963325835682200,1595963325835634200,-0.69628388,0.21391344,-0.68514955,0.72158229,0.64163822,-0.24232353,-0.72772235,1.20016360,-0.32169738,-0.94631946,0.03147095,-0.29088974
3,1595963325844504800,1595963325844391600,-0.69626826,0.21389204,-0.68517208,0.72158587,0.64166111,-0.24232772,-0.72770077,1.20012236,-0.32168552,-0.94632322,0.03147892,-0.29085696
3,1595963325853661800,1595963325853548700,-0.69623673,0.21401758,-0.68516493,0.72147882,0.64166826,-0.24227186,-0.72771305,1.20015800,-0.32173952,-0.94630915,0.03135029,-0.29086030
3,1595963325862426400,1595963325862309400,-0.69624084,0.21396948,-0.68517572,0.72147197,0.64169490,-0.24223155,-0.72770298,1.20023525,-0.32167733,-0.94633031,0.03134839,-0.29075122
3,1595963325871622300,1595963325871522200,-0.69644898,0.21366054,-0.68506062,0.72141755,0.64155847,-0.24231075,-0.72779691,1.20040905,-0.32149899,-0.94637984,0.03168135,-0.29092586
3,1595963325880380400,1595963325880317100,-0.69643515,0.21374467,-0.68504840,0.72142273,0.64156258,-0.24225245,-0.72781271,1.20040262,-0.32152069,-0.94637579,0.03158257,-0.29091132
3,1595963325889426800,1595963325889363500,-0.69644642,0.21364529,-0.68506795,0.72136945,0.64155436,-0.24234702,-0.72778845,1.20047009,-0.32151270,-0.94637400,0.03171665,-0.29095662
3,1595963325898244000,1595963325898188900,-0.69645143,0.21368697,-0.68504983,0.72137243,0.64154547,-0.24231321,-0.72780758,1.20046759,-0.32151955,-0.94637328,0.03166950,-0.29095531
3,1595963325907378600,1595963325907320300,-0.69656974,0.21333206,-0.68504018,0.72149938,0.64151502,-0.24240988,-0.72780222,1.20039296,-0.32132399,-0.94642860,0.03199970,-0.29102445
3,1595963325916310100,1595963325916206200,-0.69649440,0.21355176,-0.68504834,0.72146100,0.64154077,-0.24233642,-0.72780401,1.20038772,-0.32143593,-0.94639784,0.03178382,-0.29098940
3,1595963325925421400,1595963325925322500,-0.69648343,0.21335633,-0.68512040,0.72151971,0.64157182,-0.24248682,-0.72772646,1.20028877,-0.32139766,-0.94640338,0.03200465,-0.29109645
3,1595963325934302400,1595963325934167000,-0.69661015,0.21333310,-0.68499881,0.72148412,0.64148194,-0.24237975,-0.72784138,1.20029271,-0.32130244,-0.94643605,0.03199489,-0.29107428
3,1595963325943399700,1595963325943326500,-0.69655561,0.21318251,-0.68510115,0.72150141,0.64157552,-0.24243481,-0.72774059,1.20007539,-0.32123387,-0.94645590,0.03209667,-0.29100335
3,1595963325952163200,1595963325952045500,-0.69651276,0.21328947,-0.68511140,0.72145140,0.64158481,-0.24242781,-0.72773468,1.20007777,-0.32130817,-0.94643360,0.03201079,-0.29098165
3,1595963325961146300,1595963325961088000,-0.69649214,0.21321613,-0.68515515,0.72139609,0.64161533,-0.24248028,-0.72769028,1.20005798,-0.32129186,-0.94643664,0.03208289,-0.29094863
3,1595963325970427200,1595963325970326200,-0.69662124,0.21312767,-0.68505144,0.72138244,0.64153039,-0.24242052,-0.72778511,1.20006084,-0.32118163,-0.94647187,0.03214741,-0.29094660
3,1595963325979409100,1595963325979347700,-0.69655579,0.21316083,-0.68510771,0.72131169,0.64157867,-0.24244790,-0.72773343,1.20016873,-0.32122710,-0.94645745,0.03211907,-0.29106593
3,1595963325988341600,1595963325988251500,-0.69649518,0.21326491,-0.68513691,0.72131288,0.64160478,-0.24245015,-0.72770965,1.20016491,-0.32130641,-0.94643337,0.03203359,-0.29104865
3,1595963325997358700,1595963325997293400,-0.69653225,0.21320580,-0.68511766,0.72126603,0.64160448,-0.24239786,-0.72772735,1.20021200,-0.32122669,-0.94646013,0.03204414,-0.29104578
3,1595963326006192900,1595963326006078200,-0.69662088,0.21313240,-0.68505031,0.72131640,0.64154375,-0.24237728,-0.72778773,1.20020175,-0.32115573,-0.94648188,0.03211134,-0.29104888
3,1595963326015448700,1595963326015347400,-0.69648331,0.21320473,-0.68516773,0.72143739,0.64162743,-0.24248451,-0.72767824,1.20024991,-0.32128695,-0.94643813,0.03208843,-0.29120779
3,1595963326024149600,1595963326024104200,-0.69647402,0.21319835,-0.68517917,0.72143960,0.64163172,-0.24250765,-0.72766674,1.20024204,-0.32129848,-0.94643366,0.03210547,-0.29120779
3,1595963326033292100,1595963326033231700,-0.69654953,0.21306178,-0.68514490,0.72157657,0.64162481,-0.24243681,-0.72769642,1.20022106,-0.32114857,-0.94648254,0.03216354,-0.29120970
3,1595963326042112200,1595963326042006600,-0.69652200,0.21305776,-0.68517411,0.72157228,0.64164561,-0.24246597,-0.72766840,1.20024025,-0.32116675,-0.94647598,0.03217532,-0.29122806
3,1595963326051360400,1595963326051250300,-0.69644278,0.21312912,-0.68523240,0.72158003,0.64168322,-0.24252720,-0.72761482,1.20022333,-0.32126334,-0.94644421,0.03214496,-0.29124022
3,1595963326060159900,1595963326060077300,-0.69643474,0.21310118,-0.68524933,0.72157311,0.64171314,-0.24249393,-0.72759950,1.20024467,-0.32122105,-0.94645905,0.03213137,-0.29121387
3,1595963326069504300,1595963326069409000,-0.69656408,0.21308610,-0.68512249,0.72152740,0.64160198,-0.24243270,-0.72771794,1.20028710,-0.32116261,-0.94647813,0.03215348,-0.29123163
3,1595963326078366800,1595963326078268000,-0.69652408,0.21309641,-0.68515998,0.72152752,0.64165151,-0.24240094,-0.72768486,1.20026016,-0.32115039,-0.94648397,0.03210447,-0.29119110
3,1595963326087428900,1595963326087364700,-0.69650924,0.21314897,-0.68515867,0.72145510,0.64163494,-0.24244043,-0.72768635,1.20030022,-0.32121569,-0.94646198,0.03209821,-0.29123759
3,1595963326096291100,1595963326096226400,-0.69650245,0.21314289,-0.68516749,0.72145218,0.64165634,-0.24240518,-0.72767919,1.20030987,-0.32118773,-0.94647241,0.03207134,-0.29121232
3,1595963326105601000,1595963326105526900,-0.69664550,0.21311882,-0.68502957,0.72140151,0.64154559,-0.24230930,-0.72780877,1.20031834,-0.32109872,-0.94650239,0.03207825,-0.29127681
3,1595963326114216800,1595963326114105300,-0.69657302,0.21313538,-0.68509811,0.72141653,0.64161873,-0.24230300,-0.72774637,1.20022225,-0.32110977,-0.94650024,0.03203011,-0.29118395
3,1595963326123536500,1595963326123431500,-0.69646955,0.21317655,-0.68519050,0.72142410,0.64169741,-0.24235128,-0.72766089,1.20014858,-0.32117698,-0.94647861,0.03199545,-0.29122245
3,1595963326132138100,1595963326132047900,-0.69648176,0.21313921,-0.68518966,0.72142750,0.64169961,-0.24234614,-0.72766066,1.20014787,-0.32114604,-0.94648832,0.03201834,-0.29122305
3,1595963326141259500,1595963326141144500,-0.69653374,0.21314198,-0.68513596,0.72141564,0.64164895,-0.24232988,-0.72771078,1.20008624,-0.32113457,-0.94649190,0.03202863,-0.29125237
3,1595963326150062000,1595963326150012400,-0.69654924,0.21312913,-0.68512422,0.72141296,0.64164484,-0.24230716,-0.72772199,1.20008969,-0.32110918,-0.94650060,0.03202568,-0.29125094
3,1595963326159302100,1595963326159252300,-0.69640136,0.21325128,-0.68523651,0.72153902,0.64176530,-0.24228524,-0.72762305,1.20014906,-0.32118917,-0.94647866,0.03187052,-0.29112864
3,1595963326168060500,1595963326168002300,-0.69653028,0.21320310,-0.68512046,0.72148979,0.64167470,-0.24219981,-0.72773135,1.20014787,-0.32109055,-0.94651139,0.03189248,-0.29111409
3,1595963326177185400,1595963326177091700,-0.69650978,0.21322687,-0.68513393,0.72146297,0.64170140,-0.24216008,-0.72772104,1.20011258,-0.32108170,-0.94651622,0.03183890,-0.29109299
3,1595963326186014900,1595963326185941400,-0.69641268,0.21333230,-0.68519980,0.72149992,0.64174742,-0.24221636,-0.72766173,1.20010698,-0.32120028,-0.94647807,0.03177712,-0.29107058
3,1595963326195193500,1595963326194997000,-0.69643062,0.21331729,-0.68518621,0.72147673,0.64176351,-0.24212886,-0.72767669,1.20017040,-0.32112932,-0.94650382,0.03172672,-0.29100239
3,1595963326203878400,1595963326203827700,-0.69654977,0.21325108,-0.68508565,0.72149551,0.64168257,-0.24206460,-0.72776943,1.20016658,-0.32103255,-0.94653517,0.03177056,-0.29100466
3,1595963326213364700,1595963326213190600,-0.69650745,0.21327783,-0.68512046,0.72151047,0.64171714,-0.24206692,-0.72773814,1.20009470,-0.32105535,-0.94652855,0.03173738,-0.29096782
3,1595963326221914000,1595963326221789400,-0.69646806,0.21336275,-0.68513399,0.72145230,0.64172405,-0.24207959,-0.72772783,1.20008290,-0.32112691,-0.94650620,0.03168071,-0.29095519
3,1595963326231406900,1595963326231297100,-0.69654107,0.21331593,-0.68507439,0.72146636,0.64169937,-0.24197353,-0.72778493,1.20009267,-0.32101792,-0.94654387,0.03165983,-0.29086351
3,1595963326239905800,1595963326239777900,-0.69653952,0.21332307,-0.68507373,0.72146469,0.64169627,-0.24197999,-0.72778547,1.20008886,-0.32102752,-0.94654059,0.03166002,-0.29086566
3,1595963326249431600,1595963326249285800,-0.69640434,0.21341917,-0.68518126,0.72150284,0.64178300,-0.24204540,-0.72768724,1.20008993,-0.32114732,-0.94650221,0.03159269,-0.29091370
3,1595963326259027400,1595963326258940400,-0.69638795,0.21337485,-0.68521172,0.72150302,0.64180815,-0.24206974,-0.72765696,1.20005691,-0.32113266,-0.94650596,0.03162874,-0.29094255
3,1595963326267923200,1595963326267775900,-0.69638795,0.21337485,-0.68521172,0.72150302,0.64180815,-0.24206974,-0.72765696,1.20005691,-0.32113266,-0.94650596,0.03162874,-0.29094255
3,1595963326276951900,1595963326276897100,-0.69643825,0.21330850,-0.68518126,0.72165281,0.64177668,-0.24207555,-0.72768277,1.20005822,-0.32108650,-0.94651943,0.03169427,-0.29103148
3,1595963326285696300,1595963326285619700,-0.69640011,0.21336059,-0.68520379,0.72159940,0.64179522,-0.24208489,-0.72766334,1.20005870,-0.32113209,-0.94650531,0.03165415,-0.29102170
3,1595963326294981300,1595963326294929100,-0.69643462,0.21331906,-0.68518162,0.72161335,0.64178461,-0.24205232,-0.72768354,1.20010686,-0.32107851,-0.94652301,0.03166873,-0.29099905
3,1595963326303736200,1595963326303622800,-0.69643062,0.21329890,-0.68519199,0.72161543,0.64179772,-0.24204750,-0.72767353,1.20010209,-0.32106093,-0.94652879,0.03167456,-0.29100323
3,1595963326313118600,1595963326313009100,-0.69651729,0.21332456,-0.68509591,0.72149670,0.64171255,-0.24199995,-0.72776449,1.20011699,-0.32104313,-0.94653517,0.03166411,-0.29108977
3,1595963326321779500,1595963326321705300,-0.69642431,0.21343373,-0.68515640,0.72152388,0.64176369,-0.24202442,-0.72771126,1.20010769,-0.32114264,-0.94650429,0.03157769,-0.29107034
3,1595963326330786500,1595963326330710300,-0.69652128,0.21327113,-0.68510842,0.72161680,0.64171928,-0.24202429,-0.72775042,1.20002472,-0.32102099,-0.94654095,0.03171488,-0.29117250
3,1595963326339566500,1595963326339494500,-0.69647807,0.21332328,-0.68513614,0.72161883,0.64174545,-0.24202719,-0.72772640,1.20000482,-0.32106251,-0.94652849,0.03166741,-0.29114902
3,1595963326348932900,1595963326348821900,-0.69644833,0.21337837,-0.68514925,0.72155005,0.64175564,-0.24203181,-0.72771591,1.19993508,-0.32110667,-0.94651490,0.03162590,-0.29118609
3,1595963326357779400,1595963326357651000,-0.69643331,0.21337289,-0.68516618,0.72155362,0.64179653,-0.24196394,-0.72770238,1.20004845,-0.32105741,-0.94653350,0.03156978,-0.29102159
3,1595963326366688200,1595963326366627500,-0.69652569,0.21333675,-0.68508351,0.72153580,0.64174211,-0.24187359,-0.72778046,1.20003390,-0.32096589,-0.94656473,0.03156402,-0.29103220
3,1595963326375594700,1595963326375531100,-0.69650739,0.21331255,-0.68510967,0.72152913,0.64174414,-0.24195050,-0.72775304,1.20009661,-0.32100144,-0.94655049,0.03162824,-0.29110456
3,1595963326384766500,1595963326384704800,-0.69644314,0.21340892,-0.68514496,0.72147620,0.64176583,-0.24198540,-0.72772229,1.20011353,-0.32109746,-0.94651985,0.03157054,-0.29113364
3,1595963326393650100,1595963326393523200,-0.69645923,0.21339262,-0.68513370,0.72147447,0.64177769,-0.24191743,-0.72773445,1.20018566,-0.32103887,-0.94654089,0.03153502,-0.29102111
3,1595963326402732300,1595963326402665000,-0.69647551,0.21341673,-0.68510962,0.72144097,0.64175105,-0.24191938,-0.72775733,1.20023108,-0.32105684,-0.94653499,0.03153055,-0.29103839
3,1595963326411514200,1595963326411335100,-0.69658321,0.21329874,-0.68503690,0.72148347,0.64169168,-0.24188250,-0.72782195,1.20021892,-0.32094190,-0.94657099,0.03161928,-0.29105186
3,1595963326420592600,1595963326420546200,-0.69652301,0.21330914,-0.68509483,0.72147137,0.64176768,-0.24183582,-0.72777045,1.20012319,-0.32092050,-0.94658059,0.03154932,-0.29098773
3,1595963326429448100,1595963326429321600,-0.69646204,0.21340023,-0.68512845,0.72147286,0.64178830,-0.24186912,-0.72774112,1.20012450,-0.32101148,-0.94655156,0.03149491,-0.29096615
3,1595963326438470500,1595963326438400500,-0.69657689,0.21329626,-0.68504411,0.72140992,0.64171207,-0.24184482,-0.72781652,1.20006061,-0.32091486,-0.94658118,0.03158874,-0.29100013
3,1595963326447334000,1595963326447262200,-0.69657314,0.21328996,-0.68504983,0.72141308,0.64172459,-0.24182618,-0.72781163,1.20005906,-0.32089785,-0.94658738,0.03157623,-0.29099751
3,1595963326456651400,1595963326456581900,-0.69645572,0.21341658,-0.68512982,0.72136980,0.64178866,-0.24187073,-0.72774035,1.20005882,-0.32102466,-0.94654745,0.03148392,-0.29102981
3,1595963326465346400,1595963326465280600,-0.69646311,0.21340583,-0.68512565,0.72136950,0.64178795,-0.24186106,-0.72774416,1.20006013,-0.32101002,-0.94655234,0.03148603,-0.29103017
3,1595963326474463500,1595963326474397800,-0.69651926,0.21330538,-0.68509984,0.72145826,0.64179015,-0.24178532,-0.72776741,1.20000648,-0.32088372,-0.94659436,0.03151084,-0.29087818
3,1595963326483220400,1595963326483166800,-0.69651926,0.21330538,-0.68509984,0.72145826,0.64179015,-0.24178532,-0.72776741,1.20000648,-0.32088372,-0.94659436,0.03151084,-0.29087818
3,1595963326492385300,1595963326492328800,-0.69635695,0.21340506,-0.68523377,0.72153354,0.64190632,-0.24184527,-0.72764504,1.19996476,-0.32100362,-0.94655657,0.03142460,-0.29088020
3,1595963326501265400,1595963326501201500,-0.69638264,0.21339279,-0.68521148,0.72153074,0.64188045,-0.24185412,-0.72766489,1.19996738,-0.32099962,-0.94655704,0.03145036,-0.29088366
3,1595963326510794100,1595963326510593600,-0.69647110,0.21337916,-0.68512583,0.72149408,0.64180690,-0.24180843,-0.72774494,1.19988692,-0.32095474,-0.94657183,0.03146439,-0.29085433
3,1595963326520279300,1595963326520193200,-0.69642073,0.21341023,-0.68516737,0.72151142,0.64186418,-0.24176435,-0.72770911,1.19993854,-0.32094952,-0.94657606,0.03138935,-0.29073524
3,1595963326529099200,1595963326528990700,-0.69641042,0.21342629,-0.68517286,0.72151279,0.64187461,-0.24174874,-0.72770506,1.19993722,-0.32095098,-0.94657642,0.03136342,-0.29073060
3,1595963326538129900,1595963326538080900,-0.69648898,0.21337664,-0.68510842,0.72151506,0.64179957,-0.24177665,-0.72776192,1.20000243,-0.32093054,-0.94658047,0.03144974,-0.29081142
3,1595963326547122100,1595963326546987300,-0.69648898,0.21337664,-0.68510842,0.72151506,0.64179957,-0.24177665,-0.72776192,1.20000243,-0.32093054,-0.94658047,0.03144974,-0.29081142
3,1595963326556142500,1595963326556084700,-0.69643867,0.21340838,-0.68514967,0.72151667,0.64184231,-0.24177450,-0.72772497,1.19998991,-0.32095426,-0.94657391,0.03140660,-0.29078758
3,1595963326564957500,1595963326564881600,-0.69653392,0.21336316,-0.68506694,0.72151291,0.64176697,-0.24174644,-0.72780079,1.19998813,-0.32089829,-0.94659126,0.03145519,-0.29078436
3,1595963326574030500,1595963326573981800,-0.69650155,0.21334834,-0.68510449,0.72152537,0.64179480,-0.24178155,-0.72776455,1.20003271,-0.32091293,-0.94658560,0.03147538,-0.29085529
3,1595963326582972200,1595963326582886400,-0.69650728,0.21335706,-0.68509591,0.72152281,0.64178675,-0.24177799,-0.72777283,1.20003533,-0.32091653,-0.94658458,0.03147042,-0.29085672
3,1595963326591994300,1595963326591938100,-0.69645631,0.21339433,-0.68513614,0.72152168,0.64181286,-0.24182108,-0.72773546,1.20006168,-0.32097495,-0.94656515,0.03145861,-0.29085386
3,1595963326601175700,1595963326601077100,-0.69655353,0.21338572,-0.68503994,0.72146916,0.64173937,-0.24174240,-0.72782648,1.20006621,-0.32091093,-0.94658720,0.03144854,-0.29083991
3,1595963326610124100,1595963326610031600,-0.69651359,0.21340017,-0.68507606,0.72146672,0.64176661,-0.24177177,-0.72779262,1.20004129,-0.32094309,-0.94657642,0.03144423,-0.29081571
3,1595963326618826700,1595963326618735100,-0.69645625,0.21347022,-0.68511254,0.72147357,0.64180136,-0.24177454,-0.72776109,1.20003378,-0.32099804,-0.94655991,0.03137993,-0.29080343
3,1595963326627945200,1595963326627890300,-0.69645256,0.21342789,-0.68512946,0.72147948,0.64181060,-0.24180382,-0.72774321,1.20003140,-0.32098758,-0.94656199,0.03142464,-0.29083228
3,1595963326636814700,1595963326636711100,-0.69656497,0.21338260,-0.68502933,0.72147149,0.64173287,-0.24172905,-0.72783661,1.20003307,-0.32089910,-0.94659132,0.03144537,-0.29082215
3,1595963326646013500,1595963326645939300,-0.69644773,0.21348222,-0.68511748,0.72148937,0.64181793,-0.24173963,-0.72775805,1.19994962,-0.32098341,-0.94656616,0.03134231,-0.29076445
3,1595963326654911300,1595963326654812200,-0.69645321,0.21344876,-0.68512231,0.72148985,0.64182323,-0.24174233,-0.72775251,1.19998324,-0.32096088,-0.94657302,0.03136586,-0.29071021
3,1595963326663812300,1595963326663763900,-0.69654655,0.21337946,-0.68504900,0.72151160,0.64177305,-0.24167144,-0.72782028,1.19995558,-0.32085863,-0.94660670,0.03139424,-0.29069328
3,1595963326672962800,1595963326672803700,-0.69651783,0.21339568,-0.68507320,0.72150707,0.64177352,-0.24174291,-0.72779614,1.20003617,-0.32092008,-0.94658482,0.03142655,-0.29078233
3,1595963326681957300,1595963326681844500,-0.69642127,0.21346794,-0.68514884,0.72155368,0.64183795,-0.24177870,-0.72772747,1.20003879,-0.32100081,-0.94655937,0.03136802,-0.29076946
3,1595963326690593800,1595963326690504800,-0.69643837,0.21348323,-0.68512672,0.72155094,0.64182252,-0.24175443,-0.72774911,1.20004237,-0.32099459,-0.94656211,0.03134872,-0.29076695
3,1595963326699750400,1595963326699699800,-0.69655281,0.21341178,-0.68503261,0.72153252,0.64175147,-0.24168126,-0.72783607,1.20004511,-0.32088828,-0.94659692,0.03138646,-0.29077959
3,1595963326708641500,1595963326708589400,-0.69650954,0.21340172,-0.68507969,0.72152764,0.64178091,-0.24174066,-0.72779036,1.20004332,-0.32092327,-0.94658405,0.03141754,-0.29078984
3,1595963326717822000,1595963326717775800,-0.69646239,0.21347962,-0.68510342,0.72150284,0.64179993,-0.24174961,-0.72777063,1.20004797,-0.32098761,-0.94656420,0.03135831,-0.29079235
3,1595963326726593500,1595963326726498500,-0.69645429,0.21343930,-0.68512416,0.72149777,0.64181679,-0.24176790,-0.72774965,1.20003951,-0.32097134,-0.94656861,0.03139138,-0.29080367
3,1595963326735704100,1595963326735577100,-0.69656444,0.21337782,-0.68503135,0.72148919,0.64174300,-0.24170576,-0.72783536,1.20002866,-0.32087988,-0.94659835,0.03142993,-0.29080570
3,1595963326744667800,1595963326744584000,-0.69653702,0.21339853,-0.68505275,0.72148949,0.64174736,-0.24175681,-0.72781461,1.20005059,-0.32093069,-0.94658065,0.03144464,-0.29082310
3,1595963326753724800,1595963326753595200,-0.69646400,0.21353902,-0.68508327,0.72156346,0.64176631,-0.24178065,-0.72779000,1.20003903,-0.32105136,-0.94654286,0.03134939,-0.29081404
3,1595963326762648200,1595963326762558500,-0.69645017,0.21347331,-0.68511778,0.72155941,0.64178818,-0.24182911,-0.72775459,1.20000970,-0.32103753,-0.94654530,0.03141730,-0.29084885
3,1595963326771688100,1595963326771607200,-0.69649786,0.21346232,-0.68507266,0.72155362,0.64176905,-0.24174778,-0.72779846,1.19997966,-0.32097229,-0.94656855,0.03138332,-0.29085553
3,1595963326780469200,1595963326780386300,-0.69651037,0.21346247,-0.68505991,0.72155184,0.64174742,-0.24177228,-0.72780943,1.19998229,-0.32098845,-0.94656223,0.03140793,-0.29085767
3,1595963326789670500,1595963326789564000,-0.69646114,0.21350892,-0.68509549,0.72153497,0.64177400,-0.24179862,-0.72777718,1.19993079,-0.32104203,-0.94654506,0.03137890,-0.29091442
3,1595963326798492400,1595963326798401500,-0.69645667,0.21350105,-0.68510252,0.72153336,0.64178461,-0.24178994,-0.72777075,1.19993079,-0.32103065,-0.94654906,0.03137455,-0.29091346
3,1595963326807365000,1595963326807321900,-0.69652367,0.21347456,-0.68504268,0.72145814,0.64174676,-0.24171989,-0.72782743,1.19988894,-0.32096103,-0.94657290,0.03136704,-0.29087079
3,1595963326816457100,1595963326816339200,-0.69652027,0.21348239,-0.68504369,0.72145820,0.64174014,-0.24174160,-0.72782600,1.19988692,-0.32098153,-0.94656557,0.03137772,-0.29087377
3,1595963326825462000,1595963326825370900,-0.69643927,0.21354839,-0.68510550,0.72152567,0.64180171,-0.24174380,-0.72777098,1.19995153,-0.32103428,-0.94655013,0.03130417,-0.29073668
3,1595963326834374400,1595963326834268400,-0.69653744,0.21350053,-0.68502057,0.72148901,0.64173847,-0.24167360,-0.72785008,1.19994831,-0.32094771,-0.94657886,0.03132322,-0.29073000
3,1595963326843504800,1595963326843362600,-0.69649154,0.21349043,-0.68507040,0.72149134,0.64176852,-0.24173930,-0.72780174,1.20001304,-0.32098708,-0.94656438,0.03135796,-0.29079604
3,1595963326852383500,1595963326852230100,-0.69642115,0.21357436,-0.68511575,0.72152460,0.64180750,-0.24175578,-0.72776192,1.20000494,-0.32106194,-0.94654125,0.03129023,-0.29077935
3,1595963326861315300,1595963326861249900,-0.69641429,0.21354565,-0.68513167,0.72153902,0.64181465,-0.24178675,-0.72774535,1.19998050,-0.32106256,-0.94653982,0.03132704,-0.29080856
3,1595963326870179200,1595963326870123300,-0.69650751,0.21347673,-0.68505841,0.72153866,0.64175177,-0.24175337,-0.72781187,1.19997931,-0.32098600,-0.94656384,0.03138399,-0.29081011
3,1595963326879333000,1595963326879236200,-0.69643563,0.21353193,-0.68511426,0.72155762,0.64180875,-0.24175172,-0.72776216,1.19995749,-0.32102796,-0.94655186,0.03131786,-0.29080713
3,1595963326888147900,1595963326888071700,-0.69640875,0.21356964,-0.68512982,0.72151762,0.64181608,-0.24177431,-0.72774822,1.19995081,-0.32107165,-0.94653755,0.03130134,-0.29080689
3,1595963326897332900,1595963326897209200,-0.69641823,0.21354365,-0.68512833,0.72151643,0.64180696,-0.24179901,-0.72774798,1.19997871,-0.32106924,-0.94653714,0.03133945,-0.29077327
3,1595963326906177300,1595963326906093100,-0.69649714,0.21348222,-0.68506724,0.72155863,0.64176500,-0.24174097,-0.72780430,1.19997895,-0.32098204,-0.94656581,0.03136650,-0.29077506
3,1595963326915291600,1595963326915158300,-0.69639665,0.21356156,-0.68514472,0.72155124,0.64182049,-0.24180791,-0.72773314,1.19998956,-0.32108918,-0.94653082,0.03132604,-0.29078698
3,1595963326924034500,1595963326923983300,-0.69639438,0.21354268,-0.68515289,0.72155762,0.64182979,-0.24180761,-0.72772503,1.19996297,-0.32107547,-0.94653511,0.03133542,-0.29081130
3,1595963326933087200,1595963326933033200,-0.69653076,0.21352850,-0.68501860,0.72147763,0.64171600,-0.24173081,-0.72785085,1.19996464,-0.32100695,-0.94655794,0.03134831,-0.29082382
3,1595963326941938200,1595963326941867500,-0.69648778,0.21354796,-0.68505627,0.72147787,0.64174843,-0.24174920,-0.72781616,1.19995821,-0.32103539,-0.94654888,0.03133131,-0.29082501
3,1595963326951107300,1595963326951064100,-0.69643664,0.21360628,-0.68509007,0.72147906,0.64177090,-0.24178120,-0.72778571,1.19992542,-0.32110146,-0.94652754,0.03129901,-0.29085267
3,1595963326959989400,1595963326959868000,-0.69641662,0.21358012,-0.68511856,0.72148073,0.64180034,-0.24178486,-0.72775853,1.19994462,-0.32108599,-0.94653249,0.03130721,-0.29081845
3,1595963326969475800,1595963326969345300,-0.69651920,0.21353075,-0.68502969,0.72147554,0.64174449,-0.24168073,-0.72784239,1.19992566,-0.32097515,-0.94657022,0.03130309,-0.29083061
3,1595963326979032500,1595963326978953800,-0.69647413,0.21360064,-0.68505371,0.72147524,0.64173704,-0.24176955,-0.72781944,1.19991696,-0.32108778,-0.94653177,0.03131082,-0.29085207
3,1595963326987837400,1595963326987781700,-0.69639540,0.21363822,-0.68512201,0.72151601,0.64179236,-0.24181321,-0.72775620,1.19990325,-0.32114804,-0.94651216,0.03128626,-0.29085016
3,1595963326997225700,1595963326997079000,-0.69648969,0.21354899,-0.68505400,0.72153157,0.64175659,-0.24171813,-0.72781932,1.19993889,-0.32101500,-0.94655657,0.03130772,-0.29080570
3,1595963327005930400,1595963327005804200,-0.69649667,0.21355379,-0.68504542,0.72152889,0.64175338,-0.24170078,-0.72782791,1.19994056,-0.32100636,-0.94655991,0.03129495,-0.29080570
3,1595963327015177800,1595963327015064600,-0.69642669,0.21361059,-0.68509883,0.72147715,0.64180058,-0.24172038,-0.72777981,1.19984353,-0.32106376,-0.94654208,0.03124514,-0.29072487
3,1595963327023809000,1595963327023666300,-0.69643962,0.21363051,-0.68507946,0.72147399,0.64178294,-0.24171071,-0.72779858,1.19984543,-0.32107097,-0.94654006,0.03123252,-0.29072511
3,1595963327033127600,1595963327032972800,-0.69652849,0.21354568,-0.68501556,0.72140747,0.64172614,-0.24168980,-0.72785556,1.19979453,-0.32099164,-0.94656456,0.03130600,-0.29074335
3,1595963327041838800,1595963327041750700,-0.69649917,0.21355630,-0.68504208,0.72140223,0.64173794,-0.24173562,-0.72782993,1.19986165,-0.32103169,-0.94655043,0.03132149,-0.29081166
3,1595963327050865500,1595963327050778100,-0.69637579,0.21363519,-0.68514293,0.72147107,0.64182198,-0.24179046,-0.72773761,1.19983494,-0.32113132,-0.94651866,0.03126127,-0.29082263
3,1595963327059743100,1595963327059625100,-0.69638550,0.21361433,-0.68513960,0.72146952,0.64183366,-0.24174784,-0.72774148,1.19988441,-0.32108697,-0.94653422,0.03124483,-0.29074442
3,1595963327068809900,1595963327068745800,-0.69647825,0.21357949,-0.68505609,0.72148371,0.64176732,-0.24168985,-0.72781920,1.19988894,-0.32101831,-0.94655693,0.03126340,-0.29073215
3,1595963327077663400,1595963327077550800,-0.69641888,0.21357767,-0.68511707,0.72149134,0.64182734,-0.24170089,-0.72776264,1.19984925,-0.32102722,-0.94655448,0.03124509,-0.29070020
3,1595963327087006100,1595963327086915100,-0.69635534,0.21364675,-0.68516004,0.72144854,0.64186937,-0.24170239,-0.72772503,1.19983029,-0.32108086,-0.94653851,0.03117746,-0.29068935
3,1595963327095611900,1595963327095532400,-0.69635099,0.21361543,-0.68517429,0.72144443,0.64189196,-0.24168299,-0.72771162,1.19987309,-0.32104534,-0.94655055,0.03117818,-0.29062140
3,1595963327104795600,1595963327104718400,-0.69644213,0.21353854,-0.68510562,0.72142643,0.64181072,-0.24171875,-0.72777140,1.19995654,-0.32101008,-0.94655877,0.03129181,-0.29066026
3,1595963327113525600,1595963327113441800,-0.69644213,0.21354382,-0.68510395,0.72142553,0.64181072,-0.24171306,-0.72777325,1.19995558,-0.32100999,-0.94655901,0.03128447,-0.29066122
3,1595963327122673400,1595963327122575900,-0.69630754,0.21356343,-0.68523467,0.72147793,0.64191896,-0.24179457,-0.72765070,1.19987464,-0.32108554,-0.94653380,0.03127298,-0.29075468
3,1595963327131502900,1595963327131409800,-0.69632941,0.21354821,-0.68521714,0.72147691,0.64190137,-0.24179402,-0.72766638,1.19987714,-0.32107320,-0.94653738,0.03129142,-0.29075587
3,1595963327140556100,1595963327140491700,-0.69639087,0.21353945,-0.68515742,0.72146744,0.64185488,-0.24174795,-0.72772270,1.19978416,-0.32103285,-0.94655108,0.03128974,-0.29068923
3,1595963327149482400,1595963327149420900,-0.69631410,0.21359767,-0.68521732,0.72151089,0.64191025,-0.24176328,-0.72766876,1.19977796,-0.32108867,-0.94653404,0.03123265,-0.29067421
3,1595963327158791900,1595963327158695900,-0.69633514,0.21350509,-0.68522477,0.72150958,0.64191997,-0.24176697,-0.72765893,1.19977093,-0.32102355,-0.94655401,0.03129767,-0.29063773
3,1595963327167458200,1595963327167353100,-0.69641846,0.21349095,-0.68514454,0.72149181,0.64184391,-0.24174547,-0.72773319,1.19977522,-0.32099497,-0.94656271,0.03132815,-0.29062176
3,1595963327176528200,1595963327176382100,-0.69639623,0.21349238,-0.68516666,0.72147191,0.64184958,-0.24179670,-0.72771120,1.19981265,-0.32103178,-0.94654930,0.03135634,-0.29069078
3,1595963327185311400,1595963327185240900,-0.69633925,0.21355045,-0.68520647,0.72144055,0.64188194,-0.24181807,-0.72767556,1.19980156,-0.32109070,-0.94653070,0.03131326,-0.29068494
3,1595963327194531800,1595963327194445300,-0.69633311,0.21349603,-0.68522966,0.72141522,0.64191175,-0.24180739,-0.72765285,1.19984269,-0.32104453,-0.94654572,0.03133290,-0.29060066
3,1595963327203311100,1595963327203245400,-0.69642627,0.21340251,-0.68516409,0.72150767,0.64186329,-0.24175771,-0.72771204,1.19985282,-0.32093924,-0.94657952,0.03139119,-0.29061246
3,1595963327212404900,1595963327212320100,-0.69636989,0.21345511,-0.68520504,0.72150004,0.64187044,-0.24185738,-0.72767264,1.19990695,-0.32104728,-0.94654214,0.03141170,-0.29066801
3,1595963327221296500,1595963327221219500,-0.69630861,0.21352187,-0.68524647,0.72151923,0.64192277,-0.24182405,-0.72763759,1.19989860,-0.32107556,-0.94653565,0.03131964,-0.29065502
3,1595963327230302200,1595963327230258400,-0.69639969,0.21348016,-0.68516695,0.72147667,0.64185548,-0.24178159,-0.72771102,1.19988370,-0.32101256,-0.94655591,0.03135323,-0.29069066
3,1595963327239252600,1595963327239175500,-0.69637561,0.21346740,-0.68519545,0.72148335,0.64188850,-0.24177332,-0.72768468,1.19977903,-0.32099888,-0.94656086,0.03134279,-0.29058671
3,1595963327248300300,1595963327248241100,-0.69630051,0.21354613,-0.68524718,0.72149640,0.64194179,-0.24176762,-0.72763950,1.19974124,-0.32105514,-0.94654459,0.03125875,-0.29057932
3,1595963327257141600,1595963327257060200,-0.69629008,0.21351998,-0.68526590,0.72149575,0.64194584,-0.24181601,-0.72761989,1.19973600,-0.32106960,-0.94653809,0.03130584,-0.29057956
3,1595963327266208700,1595963327266161600,-0.69640279,0.21346700,-0.68516791,0.72147912,0.64185417,-0.24178980,-0.72770947,1.19970512,-0.32100850,-0.94655675,0.03136843,-0.29056811
3,1595963327275166500,1595963327275089000,-0.69637644,0.21348459,-0.68518919,0.72147006,0.64185613,-0.24184783,-0.72768843,1.19980633,-0.32106173,-0.94653797,0.03139076,-0.29068339
3,1595963327284120900,1595963327284071500,-0.69627506,0.21356933,-0.68526578,0.72150689,0.64192265,-0.24187899,-0.72761941,1.19977748,-0.32114851,-0.94651091,0.03131933,-0.29068840
3,1595963327293442000,1595963327293337000,-0.69628090,0.21354210,-0.68526834,0.72150207,0.64192200,-0.24189149,-0.72761583,1.19976819,-0.32113713,-0.94651383,0.03134708,-0.29069364
3,1595963327302182800,1595963327302117900,-0.69638348,0.21345559,-0.68519109,0.72148967,0.64186037,-0.24184400,-0.72768593,1.19975042,-0.32103792,-0.94654548,0.03140750,-0.29069281
3,1595963327311034100,1595963327310946200,-0.69634205,0.21345511,-0.68523335,0.72148871,0.64188671,-0.24189667,-0.72764522,1.19979632,-0.32107520,-0.94653213,0.03142884,-0.29071164
3,1595963327320123400,1595963327320034100,-0.69629520,0.21349728,-0.68526775,0.72151029,0.64191782,-0.24190658,-0.72761446,1.19981825,-0.32111445,-0.94652009,0.03139070,-0.29065239
3,1595963327329025500,1595963327328910500,-0.69627273,0.21351413,-0.68528539,0.72151273,0.64193380,-0.24191196,-0.72759855,1.19981718,-0.32113126,-0.94651490,0.03137478,-0.29064834
3,1595963327338324400,1595963327338166400,-0.69635367,0.21341527,-0.68523395,0.72149450,0.64189053,-0.24189131,-0.72764367,1.19985008,-0.32104233,-0.94654250,0.03145268,-0.29067755
3,1595963327346970700,1595963327346905600,-0.69634151,0.21347399,-0.68522799,0.72149438,0.64188570,-0.24188115,-0.72765124,1.19984984,-0.32107830,-0.94653183,0.03140599,-0.29067278
