0,1598640344910004200,1598640344909914400,-0.65856290,-0.21076214,-0.72240877,0.85804212,0.72430998,0.08287696,-0.68447536,1.32574677,0.20413254,-0.97401798,0.09807743,-0.05520606
0,1598640344919080700,1598640344919025800,-0.65674990,-0.21890159,-0.72163826,0.85798061,0.72255933,0.09123212,-0.68526256,1.32563663,0.21584165,-0.97147262,0.09825271,-0.05523670
0,1598640344927987600,1598640344927917100,-0.65456265,-0.22828549,-0.72071749,0.85800827,0.72060233,0.09992760,-0.68610990,1.32567847,0.22864851,-0.96845257,0.09909421,-0.05522633
0,1598640344937170000,1598640344937047400,-0.65248150,-0.23652174,-0.71994829,0.85798800,0.71864718,0.10831642,-0.68688709,1.32563877,0.24044593,-0.96556991,0.09930122,-0.05527341
0,1598640344945930100,1598640344945843200,-0.65019912,-0.24509600,-0.71914482,0.85790598,0.71657586,0.11675449,-0.68766820,1.32565498,0.25250813,-0.96244305,0.09971617,-0.05530691
0,1598640344954998200,1598640344954918100,-0.64800566,-0.25416461,-0.71797574,0.85790074,0.71392876,0.12568566,-0.68884605,1.32563329,0.26531956,-0.95895964,0.10001041,-0.05538130
0,1598640344963939300,1598640344963865200,-0.64518458,-0.26336920,-0.71719849,0.85800231,0.71148652,0.13498104,-0.68961376,1.32587039,0.27843121,-0.95520520,0.10029595,-0.05533648
0,1598640344973003100,1598640344972928900,-0.64205021,-0.27322933,-0.71632218,0.85801017,0.70878685,0.14458627,-0.69044632,1.32579708,0.29222053,-0.95102090,0.10082971,-0.05532885
0,1598640344981879000,1598640344981807500,-0.63929123,-0.28246403,-0.71520692,0.85798609,0.70587271,0.15339552,-0.69152987,1.32584095,0.30504185,-0.94693404,0.10131921,-0.05539155
0,1598640344990868400,1598640344990774800,-0.63602000,-0.29221934,-0.71420342,0.85801208,0.70284629,0.16271505,-0.69248176,1.32584119,0.31856820,-0.94240749,0.10189526,-0.05559099
0,1598640344999767200,1598640344999713000,-0.63255829,-0.30218491,-0.71313000,0.85805762,0.69952393,0.17233849,-0.69351697,1.32594109,0.33247012,-0.93754143,0.10237142,-0.05555129
0,1598640345008813300,1598640345008744600,-0.62885177,-0.31234086,-0.71203154,0.85805070,0.69587839,0.18241830,-0.69460559,1.32592273,0.34684128,-0.93229121,0.10263716,-0.05560720
0,1598640345017803800,1598640345017675200,-0.62503946,-0.32296830,-0.71064568,0.85802782,0.69203407,0.19190995,-0.69588751,1.32594001,0.36112964,-0.92674822,0.10355379,-0.05586362
0,1598640345026738900,1598640345026695200,-0.62098992,-0.33288997,-0.70961678,0.85809505,0.68828273,0.20156585,-0.69687742,1.32600009,0.37501800,-0.92117083,0.10395202,-0.05585563
0,1598640345035686500,1598640345035605600,-0.61661309,-0.34329066,-0.70847726,0.85803926,0.68407118,0.21178661,-0.69799221,1.32599568,0.38966018,-0.91503996,0.10424484,-0.05590367
0,1598640345044737500,1598640345044650200,-0.61160356,-0.35448706,-0.70730484,0.85803592,0.67953300,0.22248700,-0.69909543,1.32600522,0.40518644,-0.90820628,0.10481180,-0.05594540
0,1598640345053659400,1598640345053539800,-0.60706431,-0.36499551,-0.70586932,0.85802734,0.67472833,0.23248172,-0.70049554,1.32602072,0.41977942,-0.90151578,0.10514148,-0.05609357
0,1598640345062732200,1598640345062632800,-0.60208589,-0.37573043,-0.70449936,0.85818756,0.66998595,0.24219009,-0.70175695,1.32628655,0.43429422,-0.89452261,0.10591488,-0.05604219
0,1598640345071626300,1598640345071553100,-0.59661400,-0.38645592,-0.70335174,0.85813749,0.66493428,0.25268078,-0.70286191,1.32632780,0.44934863,-0.88701993,0.10621491,-0.05611539
0,1598640345080652100,1598640345080608800,-0.59093088,-0.39735663,-0.70207441,0.85819232,0.65927529,0.26368830,-0.70414817,1.32633185,0.46492675,-0.87896323,0.10614586,-0.05616868
0,1598640345089638500,1598640345089561000,-0.58516461,-0.40820947,-0.70067644,0.85809863,0.65375066,0.27374816,-0.70545876,1.32635486,0.47978383,-0.87087727,0.10667945,-0.05634403
0,1598640345098557500,1598640345098471900,-0.57929909,-0.41905075,-0.69914889,0.85822928,0.64805323,0.28347808,-0.70687145,1.32649350,0.49440840,-0.86257571,0.10734862,-0.05634856
0,1598640345107657100,1598640345107477700,-0.57326549,-0.42930207,-0.69790149,0.85801494,0.64205581,0.29380909,-0.70812470,1.32638526,0.50904918,-0.85403514,0.10720526,-0.05645490
0,1598640345116661300,1598640345116573900,-0.56621623,-0.44111255,-0.69628954,0.85812843,0.63544184,0.30443487,-0.70960069,1.32655764,0.52498859,-0.84423888,0.10792543,-0.05641794
0,1598640345125525200,1598640345125471900,-0.56017029,-0.45099494,-0.69484746,0.85812318,0.62930834,0.31377956,-0.71099472,1.32659054,0.53868395,-0.83555138,0.10804489,-0.05654001
0,1598640345134543700,1598640345134452500,-0.55334711,-0.46138018,-0.69349515,0.85800135,0.62263095,0.32393599,-0.71231753,1.32668281,0.55329716,-0.82595032,0.10802051,-0.05667710
0,1598640345143425400,1598640345143321900,-0.54606146,-0.47187352,-0.69220835,0.85807168,0.61562985,0.33436251,-0.71358365,1.32659626,0.56816971,-0.81580466,0.10791695,-0.05661941
0,1598640345152433400,1598640345152366600,-0.53861654,-0.48231798,-0.69084144,0.85799444,0.60856789,0.34435609,-0.71488744,1.32668138,0.58269846,-0.80547410,0.10804734,-0.05673826
0,1598640345161331600,1598640345161275200,-0.53176701,-0.49191144,-0.68938166,0.85805380,0.60172725,0.35335004,-0.71628773,1.32685304,0.59594321,-0.79571790,0.10809661,-0.05677199
0,1598640345170397400,1598640345170299500,-0.52434504,-0.50150543,-0.68815321,0.85797179,0.59438753,0.36311856,-0.71752936,1.32691669,0.60972607,-0.78526264,0.10768917,-0.05690134
0,1598640345179348700,1598640345179231100,-0.51668799,-0.51111257,-0.68687522,0.85801876,0.58698219,0.37256965,-0.71877939,1.32681966,0.62328601,-0.77456826,0.10751170,-0.05675983
0,1598640345188186100,1598640345188103600,-0.50953132,-0.52006036,-0.68550366,0.85805500,0.58002353,0.38086978,-0.72007704,1.32691038,0.63557112,-0.76451004,0.10758215,-0.05694449
0,1598640345196994600,1598640345196907400,-0.50250328,-0.52864486,-0.68412364,0.85806644,0.57300550,0.38890147,-0.72140163,1.32693291,0.64742196,-0.75451338,0.10749213,-0.05699646
0,1598640345206018000,1598640345205946100,-0.49516165,-0.53694195,-0.68301427,0.85797489,0.56592005,0.39716038,-0.72249442,1.32714748,0.65920371,-0.74428296,0.10720760,-0.05717504
0,1598640345214946600,1598640345214881600,-0.48755515,-0.54507101,-0.68204671,0.85797822,0.55856532,0.40567333,-0.72348738,1.32692885,0.67104012,-0.73370767,0.10666965,-0.05700505
0,1598640345224044200,1598640345223982800,-0.48070583,-0.55299646,-0.68052703,0.85803282,0.55169326,0.41250005,-0.72489882,1.32712078,0.68158388,-0.72390527,0.10679324,-0.05708981
0,1598640345232963200,1598640345232911100,-0.47407168,-0.55995268,-0.67949188,0.85802495,0.54533589,0.41915691,-0.72589004,1.32729411,0.69127774,-0.71467519,0.10665183,-0.05712414
0,1598640345241960200,1598640345241838900,-0.46732530,-0.56661326,-0.67864329,0.85805261,0.53857517,0.42628488,-0.72678608,1.32727814,0.70110202,-0.70514596,0.10595013,-0.05699813
0,1598640345250937700,1598640345250818300,-0.46053642,-0.57336134,-0.67761576,0.85798967,0.53214210,0.43265820,-0.72775799,1.32748008,0.71044433,-0.69574690,0.10585484,-0.05698967
0,1598640345259914200,1598640345259868000,-0.45449567,-0.57931221,-0.67663229,0.85807121,0.52586937,0.43861115,-0.72875351,1.32762194,0.71895421,-0.68703556,0.10529566,-0.05701089
0,1598640345268846100,1598640345268788300,-0.44855285,-0.58470768,-0.67595673,0.85783207,0.51991653,0.44446820,-0.72947574,1.32775474,0.72697133,-0.67864949,0.10463172,-0.05710781
0,1598640345277956200,1598640345277859300,-0.44278479,-0.58961427,-0.67549747,0.85797560,0.51421523,0.45018351,-0.73001200,1.32780766,0.73452330,-0.67058933,0.10385424,-0.05693030
0,1598640345286705300,1598640345286630900,-0.43767697,-0.59440148,-0.67463028,0.85796583,0.50902522,0.45469049,-0.73085564,1.32796884,0.74116957,-0.66328251,0.10355777,-0.05694723
0,1598640345295815800,1598640345295722200,-0.43190506,-0.59940130,-0.67392600,0.85800111,0.50316876,0.45999071,-0.73159397,1.32813740,0.74851811,-0.65507770,0.10292770,-0.05694711
0,1598640345304788600,1598640345304653000,-0.42723221,-0.60336417,-0.67336804,0.85790622,0.49839753,0.46422681,-0.73218399,1.32830358,0.75436908,-0.64841753,0.10238259,-0.05698049
0,1598640345313790600,1598640345313720100,-0.42289943,-0.60660177,-0.67319423,0.85794723,0.49394172,0.46852100,-0.73246819,1.32841980,0.75972211,-0.64227909,0.10148865,-0.05683982
0,1598640345322811000,1598640345322722400,-0.41852814,-0.61036950,-0.67252016,0.85792339,0.48947084,0.47215709,-0.73313439,1.32868290,0.76501799,-0.63601643,0.10114706,-0.05680239
0,1598640345331760400,1598640345331675400,-0.41473120,-0.61344564,-0.67207336,0.85794652,0.48555049,0.47545576,-0.73360926,1.32885098,0.76957059,-0.63057619,0.10067245,-0.05681443
0,1598640345340678000,1598640345340564000,-0.41170222,-0.61567545,-0.67189670,0.85776603,0.48202503,0.47858566,-0.73389894,1.32909775,0.77340376,-0.62601882,0.09973620,-0.05682111
0,1598640345349666300,1598640345349573000,-0.40813607,-0.61848950,-0.67148775,0.85780656,0.47854164,0.48144522,-0.73430812,1.32924342,0.77744645,-0.62103248,0.09947786,-0.05655253
0,1598640345358674900,1598640345358619400,-0.40533283,-0.62064576,-0.67119616,0.85779583,0.47567856,0.48379809,-0.73462194,1.32950902,0.78066337,-0.61704004,0.09912860,-0.05647683
0,1598640345367591600,1598640345367502200,-0.40309462,-0.62216890,-0.67113400,0.85772836,0.47293016,0.48622081,-0.73479682,1.32969570,0.78348696,-0.61359221,0.09824942,-0.05646777
0,1598640345376643300,1598640345376562500,-0.40068662,-0.62388110,-0.67098641,0.85776269,0.47052011,0.48828083,-0.73497802,1.32983804,0.78616869,-0.61020851,0.09790100,-0.05628538
0,1598640345385598800,1598640345385531800,-0.39865258,-0.62539828,-0.67078561,0.85774696,0.46856102,0.48985687,-0.73518085,1.33005309,0.78836977,-0.60738575,0.09775455,-0.05619574
0,1598640345394525700,1598640345394421800,-0.39713395,-0.62657589,-0.67058736,0.85778415,0.46694019,0.49108982,-0.73538947,1.33022428,0.79009593,-0.60517234,0.09754501,-0.05616403
0,1598640345403576700,1598640345403468300,-0.39609307,-0.62698448,-0.67082107,0.85768449,0.46565121,0.49249932,-0.73526418,1.33053160,0.79137814,-0.60360163,0.09688051,-0.05615759
0,1598640345412583900,1598640345412473100,-0.39521766,-0.62768465,-0.67068261,0.85772955,0.46481869,0.49309653,-0.73539066,1.33077860,0.79230475,-0.60238516,0.09687909,-0.05603671
0,1598640345421536600,1598640345421428000,-0.39464265,-0.62799788,-0.67072803,0.85767996,0.46444532,0.49351567,-0.73534542,1.33109355,0.79281008,-0.60171521,0.09690833,-0.05585051
0,1598640345430523300,1598640345430428400,-0.39453813,-0.62816876,-0.67062944,0.85766637,0.46406218,0.49370587,-0.73545963,1.33134055,0.79308641,-0.60138059,0.09672359,-0.05581546
0,1598640345439459600,1598640345439368000,-0.39477563,-0.62762827,-0.67099559,0.85758388,0.46420041,0.49399599,-0.73517752,1.33165908,0.79288733,-0.60170662,0.09632774,-0.05575645
0,1598640345448330700,1598640345448266800,-0.39506471,-0.62738359,-0.67105436,0.85760868,0.46447298,0.49381667,-0.73512584,1.33193839,0.79258370,-0.60210890,0.09631318,-0.05558968
0,1598640345457388900,1598640345457299900,-0.39619720,-0.62643623,-0.67127168,0.85753953,0.46547100,0.49315038,-0.73494178,1.33221006,0.79143202,-0.60363936,0.09620307,-0.05537641
0,1598640345466319000,1598640345466271800,-0.39767122,-0.62536007,-0.67140341,0.85754335,0.46689212,0.49200752,-0.73480636,1.33257186,0.78985405,-0.60568434,0.09631845,-0.05525351
0,1598640345475352400,1598640345475284400,-0.39960861,-0.62353849,-0.67194706,0.85753858,0.46857893,0.49107149,-0.73435861,1.33292186,0.78787494,-0.60831630,0.09594059,-0.05509293
0,1598640345484269500,1598640345484195800,-0.40176523,-0.62192500,-0.67215639,0.85755646,0.47068673,0.48937392,-0.73414385,1.33330798,0.78551817,-0.61132860,0.09611842,-0.05490220
0,1598640345493133900,1598640345493048300,-0.40438721,-0.61984646,-0.67250395,0.85755479,0.47308663,0.48752844,-0.73382908,1.33359158,0.78272611,-0.61490369,0.09609084,-0.05481648
0,1598640345501993700,1598640345501917800,-0.40742117,-0.61717021,-0.67313385,0.85752237,0.47585940,0.48564318,-0.73328614,1.33396280,0.77946520,-0.61907339,0.09582490,-0.05470347
0,1598640345511091600,1598640345511031500,-0.41061151,-0.61456752,-0.67357641,0.85756433,0.47902170,0.48317507,-0.73285747,1.33431160,0.77584571,-0.62357742,0.09599398,-0.05449200
0,1598640345520082600,1598640345519974000,-0.41407663,-0.61173582,-0.67403257,0.85758340,0.48245630,0.48042753,-0.73241067,1.33473647,0.77186573,-0.62846541,0.09620199,-0.05428433
0,1598640345529056800,1598640345528993300,-0.41799200,-0.60867596,-0.67438591,0.85756314,0.48607981,0.47729245,-0.73206449,1.33502579,0.76746935,-0.63380253,0.09636065,-0.05421627
0,1598640345537976800,1598640345537918600,-0.42176992,-0.60517383,-0.67518508,0.85752094,0.48984137,0.47455388,-0.73133719,1.33540034,0.76299787,-0.63918966,0.09628662,-0.05407560
0,1598640345546988100,1598640345546940100,-0.42658401,-0.60119009,-0.67571944,0.85756671,0.49445996,0.47055763,-0.73081112,1.33580685,0.75732136,-0.64586860,0.09653208,-0.05386674
0,1598640345555980900,1598640345555924100,-0.43128729,-0.59697670,-0.67646897,0.85760868,0.49919644,0.46666092,-0.73008943,1.33624196,0.75152797,-0.65256917,0.09674373,-0.05367994
0,1598640345565064800,1598640345564944800,-0.43667054,-0.59240526,-0.67703396,0.85761201,0.50433999,0.46198738,-0.72952646,1.33662677,0.74495649,-0.66001803,0.09703742,-0.05355072
0,1598640345573968800,1598640345573838800,-0.44222635,-0.58716643,-0.67799085,0.85766160,0.50971550,0.45745844,-0.72864389,1.33710825,0.73798788,-0.66780800,0.09698766,-0.05336905
0,1598640345582867000,1598640345582791100,-0.44786590,-0.58205295,-0.67869771,0.85768378,0.51541221,0.45219675,-0.72792059,1.33749151,0.73059326,-0.67581993,0.09747376,-0.05303431
0,1598640345591891400,1598640345591815100,-0.45376813,-0.57639199,-0.67960799,0.85771501,0.52120882,0.44692093,-0.72705096,1.33794308,0.72279739,-0.68413025,0.09762211,-0.05283463
0,1598640345600795100,1598640345600719000,-0.45991558,-0.57050586,-0.68044168,0.85770166,0.52704376,0.44133013,-0.72625935,1.33838570,0.71463466,-0.69264054,0.09770693,-0.05270052
0,1598640345609838000,1598640345609749100,-0.46658200,-0.56389248,-0.68141520,0.85779846,0.53355730,0.43500391,-0.72531939,1.33878577,0.70542043,-0.70199502,0.09790395,-0.05234671
0,1598640345618822400,1598640345618732400,-0.47350407,-0.55687106,-0.68241388,0.85781968,0.54037631,0.42816129,-0.72434205,1.33924675,0.69554830,-0.71173918,0.09818384,-0.05204844
0,1598640345627739100,1598640345627693300,-0.48052239,-0.54962301,-0.68338346,0.85784614,0.54711217,0.42113218,-0.72340584,1.33975339,0.68539524,-0.72150010,0.09834199,-0.05179095
0,1598640345636774100,1598640345636715300,-0.48766857,-0.54202825,-0.68438649,0.85795510,0.55392206,0.41381729,-0.72244424,1.34029317,0.67479610,-0.73141015,0.09843570,-0.05149746
0,1598640345645649800,1598640345645573400,-0.49483258,-0.53401780,-0.68554056,0.85796154,0.56106800,0.40608552,-0.72131640,1.34083807,0.66358387,-0.74156576,0.09867597,-0.05121768
0,1598640345654726200,1598640345654645000,-0.50274551,-0.52507025,-0.68669373,0.85798323,0.56868297,0.39738217,-0.72019941,1.34135675,0.65103507,-0.75258809,0.09881639,-0.05086315
0,1598640345663628500,1598640345663561100,-0.51036549,-0.51620489,-0.68779337,0.85802138,0.57601762,0.38866535,-0.71912658,1.34187913,0.63853812,-0.76319849,0.09898177,-0.05059791
0,1598640345672625500,1598640345672562400,-0.51803255,-0.50713104,-0.68881094,0.85795581,0.58314592,0.37974289,-0.71814775,1.34248710,0.62576604,-0.77370125,0.09901223,-0.05027437
0,1598640345681535800,1598640345681477400,-0.52562642,-0.49759725,-0.69001013,0.85809362,0.59066862,0.37025034,-0.71695560,1.34317541,0.61223161,-0.78441811,0.09930174,-0.04998934
0,1598640345690333100,1598640345690275500,-0.53358513,-0.48753738,-0.69108206,0.85811174,0.59812427,0.36017597,-0.71590549,1.34355843,0.59794182,-0.79534954,0.09942341,-0.04956746
0,1598640345699229800,1598640345699157000,-0.54104882,-0.47746426,-0.69231075,0.85814083,0.60544264,0.35021710,-0.71469378,1.34419549,0.58369982,-0.80583870,0.09959264,-0.04931796
0,1598640345708307300,1598640345708245000,-0.54888713,-0.46665856,-0.69350767,0.85831726,0.61263525,0.33985466,-0.71356630,1.34483957,0.56868362,-0.81653464,0.09934965,-0.04899120
0,1598640345717253000,1598640345717128700,-0.55596691,-0.45584193,-0.69506049,0.85828483,0.61993057,0.32963645,-0.71205753,1.34537220,0.55370295,-0.82676971,0.09932336,-0.04856551
0,1598640345726223400,1598640345726159200,-0.56342375,-0.44490027,-0.69614476,0.85830510,0.62689990,0.31858483,-0.71098542,1.34588587,0.53809881,-0.83699924,0.09940970,-0.04838467
0,1598640345735183000,1598640345735110700,-0.57050478,-0.43372321,-0.69742996,0.85827982,0.63347608,0.30808368,-0.70978343,1.34643054,0.52271634,-0.84674013,0.09899002,-0.04808462
0,1598640345744148400,1598640345744083400,-0.57693273,-0.42285517,-0.69881487,0.85836804,0.64001912,0.29751700,-0.70842022,1.34692943,0.50746846,-0.85596573,0.09898809,-0.04769754
0,1598640345753062000,1598640345753016000,-0.58378267,-0.41131276,-0.70001411,0.85845888,0.64633328,0.28637058,-0.70728016,1.34757495,0.49137676,-0.86534035,0.09866695,-0.04736364
0,1598640345762127700,1598640345762050100,-0.58997852,-0.40018797,-0.70126677,0.85842097,0.65246135,0.27532709,-0.70603770,1.34801698,0.47562551,-0.87409651,0.09867014,-0.04722059
0,1598640345771038700,1598640345770953100,-0.59582591,-0.38927597,-0.70246416,0.85843503,0.65791512,0.26503867,-0.70491296,1.34862924,0.46058586,-0.88216710,0.09819368,-0.04695868
0,1598640345780137300,1598640345780031600,-0.60168743,-0.37768385,-0.70379496,0.85849798,0.66369414,0.25382987,-0.70361960,1.34915328,0.44438991,-0.89046365,0.09794033,-0.04659176
0,1598640345788997900,1598640345788913200,-0.60729444,-0.36636078,-0.70496333,0.85846436,0.66894162,0.24291393,-0.70250267,1.34958053,0.42861485,-0.89820528,0.09755366,-0.04617989
0,1598640345798049700,1598640345797966800,-0.61245376,-0.35553455,-0.70604229,0.85840905,0.67376733,0.23235527,-0.70146185,1.35009086,0.41344658,-0.90532118,0.09724070,-0.04602778
0,1598640345806910600,1598640345806853200,-0.61690617,-0.34553072,-0.70713186,0.85843599,0.67816550,0.22257501,-0.70039415,1.35064876,0.39939755,-0.91162992,0.09701912,-0.04575157
0,1598640345816063500,1598640345815952200,-0.62200886,-0.33380470,-0.70829344,0.85847127,0.68283355,0.21145271,-0.69930404,1.35120368,0.38320154,-0.91861981,0.09640761,-0.04532576
0,1598640345824954900,1598640345824843900,-0.62636602,-0.32310048,-0.70941663,0.85841429,0.68703347,0.20116729,-0.69822401,1.35150456,0.36830792,-0.92473674,0.09597650,-0.04509652
0,1598640345833948500,1598640345833889800,-0.63039654,-0.31244996,-0.71061623,0.85845315,0.69105560,0.19111854,-0.69707674,1.35201240,0.35361353,-0.93051004,0.09543984,-0.04485846
0,1598640345842842100,1598640345842776500,-0.63426304,-0.30228323,-0.71157253,0.85842264,0.69466603,0.18115219,-0.69614869,1.35249174,0.33933699,-0.93584663,0.09508774,-0.04458952
0,1598640345851879500,1598640345851835400,-0.63791043,-0.29215485,-0.71254188,0.85848129,0.69807363,0.17136076,-0.69521850,1.35304391,0.32521319,-0.94089383,0.09463276,-0.04426038
0,1598640345860854900,1598640345860745900,-0.64123279,-0.28199723,-0.71365136,0.85836446,0.70147961,0.16155973,-0.69413602,1.35340548,0.31104177,-0.94571465,0.09421793,-0.04408896
0,1598640345869836600,1598640345869768600,-0.64444214,-0.27211130,-0.71459770,0.85837877,0.70448810,0.15207139,-0.69323224,1.35375011,0.29730618,-0.95017362,0.09369794,-0.04380417
0,1598640345878839900,1598640345878749600,-0.64727622,-0.26299915,-0.71544749,0.85834539,0.70710576,0.14334989,-0.69242495,1.35423255,0.28466651,-0.95408720,0.09318125,-0.04361033
0,1598640345887726900,1598640345887661400,-0.65020841,-0.25311705,-0.71635252,0.85829318,0.70979106,0.13390647,-0.69156760,1.35455847,0.27097180,-0.95812368,0.09259312,-0.04329848
0,1598640345896731000,1598640345896682200,-0.65270007,-0.24358635,-0.71739006,0.85830295,0.71241975,0.12482706,-0.69056237,1.35500848,0.25776127,-0.96181291,0.09206110,-0.04308391
0,1598640345905827100,1598640345905735300,-0.65500879,-0.23447464,-0.71832114,0.85831368,0.71478343,0.11602186,-0.68965477,1.35535026,0.24504752,-0.96517396,0.09160326,-0.04283190
0,1598640345914777400,1598640345914714000,-0.65734363,-0.22540638,-0.71909082,0.85827625,0.71685427,0.10726500,-0.68892252,1.35584569,0.23242082,-0.96834207,0.09107357,-0.04267418
0,1598640345923767700,1598640345923668900,-0.65941304,-0.21700656,-0.71977967,0.85821450,0.71864015,0.09918480,-0.68827236,1.35617423,0.22075082,-0.97111827,0.09054588,-0.04238534
0,1598640345932681700,1598640345932593100,-0.66111565,-0.20862663,-0.72069490,0.85822809,0.72056717,0.09111056,-0.68737316,1.35654461,0.20906729,-0.97374225,0.09009491,-0.04214168
0,1598640345941726500,1598640345941610000,-0.66279614,-0.20020349,-0.72154003,0.85825837,0.72234333,0.08292928,-0.68654418,1.35683179,0.19728532,-0.97623843,0.08965047,-0.04189372
0,1598640345950602500,1598640345950518100,-0.66443437,-0.19195002,-0.72227585,0.85825169,0.72389042,0.07493295,-0.68583363,1.35730600,0.18576807,-0.97853994,0.08916278,-0.04176998
0,1598640345959623000,1598640345959550100,-0.66590881,-0.18397167,-0.72299379,0.85821831,0.72529459,0.06726670,-0.68514454,1.35765362,0.17468062,-0.98062724,0.08864015,-0.04152513
0,1598640345968672700,1598640345968555600,-0.66712242,-0.17649564,-0.72373831,0.85823691,0.72659212,0.06017843,-0.68442857,1.35798168,0.16435212,-0.98246020,0.08809398,-0.04131651
0,1598640345977547600,1598640345977459400,-0.66838735,-0.16938221,-0.72427076,0.85817707,0.72764236,0.05304015,-0.68390310,1.35835850,0.15425646,-0.98412228,0.08779833,-0.04117441
0,1598640345986450700,1598640345986410100,-0.66949117,-0.16182254,-0.72497946,0.85817826,0.72874480,0.04600889,-0.68323803,1.35866070,0.14391881,-0.98574686,0.08712482,-0.04098499
0,1598640345995577500,1598640345995451800,-0.67052269,-0.15468213,-0.72558457,0.85819685,0.72969937,0.03905770,-0.68265170,1.35901654,0.13393368,-0.98719203,0.08668239,-0.04071474
0,1598640346004400200,1598640346004336100,-0.67139137,-0.14784013,-0.72620732,0.85822761,0.73057991,0.03251265,-0.68205279,1.35933852,0.12444571,-0.98847687,0.08618033,-0.04050589
0,1598640346013555800,1598640346013479000,-0.67220998,-0.14113802,-0.72678334,0.85816467,0.73136640,0.02596114,-0.68149048,1.35969782,0.11505234,-0.98964959,0.08577228,-0.04037535
0,1598640346022405300,1598640346022317000,-0.67288095,-0.13501355,-0.72732574,0.85816443,0.73205197,0.01994984,-0.68095672,1.35998333,0.10644843,-0.99064302,0.08541308,-0.04020715
0,1598640346031562400,1598640346031480500,-0.67362785,-0.12874889,-0.72777015,0.85815775,0.73255634,0.01414037,-0.68055958,1.36025095,0.09791222,-0.99157655,0.08479045,-0.03999436
0,1598640346040312500,1598640346040251200,-0.67403477,-0.12318230,-0.72835666,0.85817277,0.73319137,0.00862475,-0.67996770,1.36050892,0.09004188,-0.99234664,0.08450282,-0.03978920
0,1598640346049393100,1598640346049308300,-0.67459846,-0.11758074,-0.72876054,0.85814035,0.73359966,0.00308004,-0.67957491,1.36084437,0.08214955,-0.99305868,0.08417943,-0.03965366
0,1598640346058279600,1598640346058224700,-0.67511028,-0.11187977,-0.72918385,0.85814464,0.73396331,-0.00228165,-0.67918533,1.36107826,0.07432336,-0.99371922,0.08365600,-0.03945780
0,1598640346067331900,1598640346067240300,-0.67545122,-0.10658219,-0.72966158,0.85809934,0.73437238,-0.00758195,-0.67870450,1.36121011,0.06680553,-0.99427509,0.08339225,-0.03931785
0,1598640346076230200,1598640346076174300,-0.67583287,-0.10150206,-0.73003244,0.85806787,0.73463207,-0.01252037,-0.67835021,1.36154699,0.05971368,-0.99475664,0.08302836,-0.03925562
0,1598640346085317100,1598640346085219300,-0.67611945,-0.09682903,-0.73040175,0.85806739,0.73487490,-0.01715694,-0.67798567,1.36172974,0.05311728,-0.99515319,0.08275738,-0.03912568
0,1598640346094180600,1598640346094118100,-0.67633259,-0.09230092,-0.73079056,0.85802591,0.73511314,-0.02164929,-0.67759871,1.36184371,0.04672188,-0.99549592,0.08249372,-0.03901994
0,1598640346103228300,1598640346103182000,-0.67641264,-0.08806178,-0.73123950,0.85804689,0.73539221,-0.02575845,-0.67715198,1.36201787,0.04079559,-0.99578208,0.08218327,-0.03887868
0,1598640346112154800,1598640346112062800,-0.67669082,-0.08385435,-0.73147678,0.85799801,0.73543513,-0.02975690,-0.67694145,1.36224437,0.03499803,-0.99603379,0.08180568,-0.03881276
0,1598640346121103900,1598640346121022000,-0.67670226,-0.08037630,-0.73185641,0.85799348,0.73564720,-0.03337077,-0.67654240,1.36241794,0.02995536,-0.99620593,0.08171067,-0.03865266
0,1598640346130051700,1598640346129974800,-0.67680740,-0.07668400,-0.73215532,0.85799825,0.73574275,-0.03697432,-0.67625111,1.36262488,0.02478668,-0.99636978,0.08144419,-0.03849792
0,1598640346139132200,1598640346139041700,-0.67682016,-0.07336515,-0.73248351,0.85803092,0.73587388,-0.04025535,-0.67592096,1.36285186,0.02010268,-0.99649251,0.08123314,-0.03832185
0,1598640346148068800,1598640346147990100,-0.67693460,-0.07018146,-0.73268974,0.85799491,0.73587793,-0.04343543,-0.67571968,1.36314189,0.01559831,-0.99658829,0.08104795,-0.03821087
0,1598640346157032400,1598640346156967500,-0.67692119,-0.06720170,-0.73298144,0.85799682,0.73596716,-0.04636003,-0.67542815,1.36341941,0.01140887,-0.99666184,0.08084030,-0.03800285
0,1598640346166025400,1598640346165971600,-0.67695743,-0.06450212,-0.73319042,0.85797894,0.73598403,-0.04917706,-0.67521048,1.36372840,0.00749636,-0.99670523,0.08076330,-0.03777814
0,1598640346175019800,1598640346174950500,-0.67693549,-0.06202975,-0.73342401,0.85796297,0.73603195,-0.05172694,-0.67496771,1.36417031,0.00393032,-0.99673307,0.08067170,-0.03759360
0,1598640346184014200,1598640346183954300,-0.67696404,-0.05982187,-0.73358113,0.85800254,0.73601598,-0.05419527,-0.67479146,1.36465061,0.00061068,-0.99673688,0.08071814,-0.03735805
0,1598640346193004500,1598640346192916300,-0.67699015,-0.05783531,-0.73371625,0.85797441,0.73598832,-0.05640475,-0.67464048,1.36523366,-0.00236702,-0.99673152,0.08075161,-0.03703845
0,1598640346201978000,1598640346201920300,-0.67703658,-0.05588692,-0.73382437,0.85797632,0.73593265,-0.05814357,-0.67455363,1.36592638,-0.00496842,-0.99674284,0.08049434,-0.03665519
0,1598640346210980700,1598640346210872900,-0.67707443,-0.05433777,-0.73390585,0.85790956,0.73587960,-0.05972623,-0.67447323,1.36675990,-0.00718403,-0.99673486,0.08042516,-0.03630304
0,1598640346219970200,1598640346219868500,-0.67722064,-0.05314147,-0.73385859,0.85793364,0.73572510,-0.06109893,-0.67451876,1.36767578,-0.00899304,-0.99671614,0.08047499,-0.03592479
0,1598640346228900900,1598640346228842700,-0.67721307,-0.05194309,-0.73395127,0.85788238,0.73571008,-0.06222877,-0.67443186,1.36860478,-0.01064079,-0.99670947,0.08035721,-0.03545380
0,1598640346237795200,1598640346237743600,-0.67720807,-0.05106205,-0.73401779,0.85785282,0.73569363,-0.06327394,-0.67435259,1.36964440,-0.01201038,-0.99668914,0.08041564,-0.03497767
0,1598640346246843700,1598640346246758100,-0.67729127,-0.05020785,-0.73399997,0.85778296,0.73559868,-0.06396059,-0.67439139,1.37080932,-0.01308733,-0.99668872,0.08025278,-0.03451681
0,1598640346255837500,1598640346255767800,-0.67731363,-0.04984674,-0.73400390,0.85781085,0.73556298,-0.06474800,-0.67435515,1.37200081,-0.01391089,-0.99665600,0.08052011,-0.03402150
0,1598640346264780800,1598640346264726500,-0.67732185,-0.04922697,-0.73403811,0.85778034,0.73553973,-0.06526931,-0.67433029,1.37323523,-0.01471490,-0.99665284,0.08041669,-0.03348279
0,1598640346273819100,1598640346273715200,-0.67741132,-0.04889366,-0.73397779,0.85777414,0.73544633,-0.06570420,-0.67438990,1.37450480,-0.01525201,-0.99664062,0.08046745,-0.03291619
0,1598640346282690600,1598640346282616300,-0.67739230,-0.04845473,-0.73402452,0.85772288,0.73545122,-0.06611110,-0.67434478,1.37584937,-0.01585194,-0.99663520,0.08041927,-0.03239989
0,1598640346291779300,1598640346291706800,-0.67733902,-0.04804435,-0.73410064,0.85777223,0.73548484,-0.06667747,-0.67425239,1.37719738,-0.01655394,-0.99661726,0.08049916,-0.03181052
0,1598640346300667000,1598640346300578200,-0.67727423,-0.04787201,-0.73417169,0.85776818,0.73553616,-0.06700703,-0.67416370,1.37854159,-0.01692104,-0.99660349,0.08059375,-0.03120947
0,1598640346309660900,1598640346309561600,-0.67735803,-0.04760152,-0.73411202,0.85777819,0.73545307,-0.06711631,-0.67424345,1.37985611,-0.01717587,-0.99660909,0.08047047,-0.03056443
0,1598640346318673800,1598640346318577700,-0.67722887,-0.04765135,-0.73422790,0.85780466,0.73556709,-0.06742392,-0.67408836,1.38119304,-0.01738329,-0.99658591,0.08071218,-0.02991331
0,1598640346327651400,1598640346327537000,-0.67721528,-0.04761890,-0.73424244,0.85777032,0.73557544,-0.06762908,-0.67405874,1.38252020,-0.01755823,-0.99657363,0.08082670,-0.02936244
0,1598640346336603000,1598640346336521900,-0.67718995,-0.04773000,-0.73425865,0.85776603,0.73559916,-0.06770563,-0.67402518,1.38393068,-0.01754221,-0.99656308,0.08095974,-0.02876651
0,1598640346345511800,1598640346345430000,-0.67727035,-0.04774436,-0.73418349,0.85770833,0.73552459,-0.06775962,-0.67410111,1.38539135,-0.01756346,-0.99655873,0.08100873,-0.02824664
0,1598640346354554900,1598640346354478600,-0.67722493,-0.04794040,-0.73421270,0.85775888,0.73556858,-0.06781220,-0.67404783,1.38680911,-0.01747443,-0.99654573,0.08118758,-0.02767050
0,1598640346363564700,1598640346363455900,-0.67722994,-0.04804483,-0.73420125,0.85773551,0.73556501,-0.06785041,-0.67404789,1.38825083,-0.01743135,-0.99653816,0.08129042,-0.02702641
0,1598640346372473500,1598640346372400400,-0.67717594,-0.04808134,-0.73424864,0.85770833,0.73561567,-0.06782021,-0.67399561,1.38968992,-0.01739030,-0.99653846,0.08129559,-0.02640080
0,1598640346381426200,1598640346381367600,-0.67713511,-0.04812217,-0.73428369,0.85767567,0.73565573,-0.06770968,-0.67396301,1.39113188,-0.01728557,-0.99654394,0.08124994,-0.02579737
0,1598640346390412400,1598640346390343700,-0.67713511,-0.04840931,-0.73426479,0.85774243,0.73565966,-0.06775103,-0.67395461,1.39258623,-0.01712152,-0.99652725,0.08148934,-0.02520823
0,1598640346399361500,1598640346399298800,-0.67717344,-0.04836932,-0.73423201,0.85772741,0.73562586,-0.06762629,-0.67400396,1.39407229,-0.01705228,-0.99653769,0.08137646,-0.02456260
0,1598640346408463700,1598640346408405700,-0.67720646,-0.04851100,-0.73419225,0.85765755,0.73559690,-0.06768075,-0.67403013,1.39555466,-0.01699278,-0.99652708,0.08151838,-0.02397847
0,1598640346417309200,1598640346417246700,-0.67713779,-0.04858476,-0.73425072,0.85769665,0.73566025,-0.06772929,-0.67395610,1.39696646,-0.01698628,-0.99652022,0.08160396,-0.02339244
0,1598640346426366100,1598640346426306900,-0.67713988,-0.04863158,-0.73424566,0.85766447,0.73565686,-0.06785743,-0.67394686,1.39840662,-0.01704891,-0.99650919,0.08172517,-0.02277637
0,1598640346435244700,1598640346435200700,-0.67712623,-0.04861230,-0.73425955,0.85762155,0.73567045,-0.06777672,-0.67394018,1.39984488,-0.01700392,-0.99651563,0.08165602,-0.02217340
0,1598640346444309400,1598640346444223500,-0.67712027,-0.04869130,-0.73425984,0.85760987,0.73567653,-0.06781525,-0.67392969,1.40127122,-0.01697947,-0.99650919,0.08174016,-0.02154970
0,1598640346453178400,1598640346453115100,-0.67709243,-0.04883710,-0.73427576,0.85766900,0.73570341,-0.06786769,-0.67389500,1.40271473,-0.01692250,-0.99649847,0.08188231,-0.02098131
0,1598640346462246400,1598640346462154300,-0.67710209,-0.04883379,-0.73426706,0.85763919,0.73569357,-0.06792340,-0.67390019,1.40418494,-0.01696479,-0.99649483,0.08191779,-0.02037907
0,1598640346471170600,1598640346471114600,-0.67709041,-0.04892009,-0.73427212,0.85762393,0.73570544,-0.06793620,-0.67388594,1.40565062,-0.01691711,-0.99648976,0.08198971,-0.01979399
0,1598640346480221500,1598640346480120800,-0.67713976,-0.04896599,-0.73422354,0.85757816,0.73566192,-0.06787029,-0.67394006,1.40712619,-0.01683180,-0.99649197,0.08198009,-0.01921463
0,1598640346489216600,1598640346489089400,-0.67708457,-0.04911637,-0.73426443,0.85759723,0.73571229,-0.06802958,-0.67386901,1.40857935,-0.01685366,-0.99647367,0.08219731,-0.01862049
0,1598640346498141800,1598640346498091700,-0.67710221,-0.04904929,-0.73425263,0.85755527,0.73569590,-0.06797761,-0.67389220,1.40997910,-0.01685880,-0.99648058,0.08211318,-0.01804352
0,1598640346507147500,1598640346507095300,-0.67697847,-0.04915413,-0.73435974,0.85753286,0.73581070,-0.06800015,-0.67376459,1.41140914,-0.01681824,-0.99647379,0.08220281,-0.01742053
0,1598640346516123000,1598640346516031300,-0.67697203,-0.04924458,-0.73435962,0.85753119,0.73581886,-0.06794990,-0.67376071,1.41286302,-0.01672059,-0.99647284,0.08223526,-0.01683187
0,1598640346525093700,1598640346525005300,-0.67695570,-0.04921287,-0.73437679,0.85751927,0.73583299,-0.06796970,-0.67374325,1.41434956,-0.01675852,-0.99647301,0.08222492,-0.01618409
0,1598640346534083100,1598640346533971200,-0.67692643,-0.04927379,-0.73439968,0.85748732,0.73586088,-0.06796613,-0.67371315,1.41580868,-0.01671791,-0.99647021,0.08226670,-0.01556349
0,1598640346543054600,1598640346542937400,-0.67691875,-0.04931673,-0.73440391,0.85747087,0.73586977,-0.06789681,-0.67371047,1.41724849,-0.01663846,-0.99647284,0.08225134,-0.01493049
0,1598640346552149700,1598640346552008000,-0.67690134,-0.04942799,-0.73441243,0.85747945,0.73588580,-0.06799354,-0.67368323,1.41871738,-0.01663643,-0.99646068,0.08239831,-0.01432443
0,1598640346561090700,1598640346560998900,-0.67689186,-0.04943943,-0.73442036,0.85741842,0.73589557,-0.06793582,-0.67367834,1.42011595,-0.01658718,-0.99646413,0.08236748,-0.01374578
0,1598640346570224100,1598640346570146800,-0.67680794,-0.04959422,-0.73448730,0.85740006,0.73597288,-0.06806173,-0.67358118,1.42154717,-0.01658474,-0.99644780,0.08256476,-0.01315069
0,1598640346578909000,1598640346578839400,-0.67672819,-0.04952282,-0.73456556,0.85738575,0.73604792,-0.06787813,-0.67351770,1.42294371,-0.01650642,-0.99646389,0.08238621,-0.01252818
0,1598640346588026300,1598640346587879100,-0.67681068,-0.04969281,-0.73447812,0.85739458,0.73597300,-0.06799491,-0.67358780,1.42443466,-0.01646832,-0.99644750,0.08259226,-0.01192880
0,1598640346596826200,1598640346596740900,-0.67678928,-0.04962337,-0.73450249,0.85738981,0.73599285,-0.06791306,-0.67357433,1.42591810,-0.01645727,-0.99645650,0.08248530,-0.01128316
0,1598640346605946100,1598640346605886800,-0.67675412,-0.04977009,-0.73452502,0.85736740,0.73602509,-0.06805088,-0.67352521,1.42739272,-0.01646365,-0.99643981,0.08268572,-0.01067734
0,1598640346614898400,1598640346614834200,-0.67679280,-0.04983568,-0.73448491,0.85732496,0.73599279,-0.06791918,-0.67357385,1.42887139,-0.01631756,-0.99644548,0.08264592,-0.01008320
0,1598640346623845200,1598640346623753600,-0.67677498,-0.04989156,-0.73449755,0.85735118,0.73600930,-0.06795814,-0.67355180,1.43030930,-0.01631053,-0.99644005,0.08271305,-0.00953841
0,1598640346632832300,1598640346632735500,-0.67675179,-0.05001050,-0.73451078,0.85731971,0.73603076,-0.06805436,-0.67351866,1.43175626,-0.01630364,-0.99642754,0.08286518,-0.00893784
0,1598640346641849100,1598640346641766600,-0.67681170,-0.05009496,-0.73444986,0.85732687,0.73597753,-0.06802865,-0.67357945,1.43323636,-0.01622069,-0.99642497,0.08291137,-0.00832224
0,1598640346650666000,1598640346650595500,-0.67687565,-0.05013791,-0.73438799,0.85728562,0.73591745,-0.06815683,-0.67363214,1.43469691,-0.01627904,-0.99641412,0.08303104,-0.00771594
0,1598640346659771500,1598640346659699500,-0.67689574,-0.05016121,-0.73436791,0.85726249,0.73589963,-0.06813926,-0.67365336,1.43614125,-0.01624802,-0.99641418,0.08303683,-0.00714684
0,1598640346668711200,1598640346668607700,-0.67680591,-0.05020443,-0.73444772,0.85722864,0.73598057,-0.06826779,-0.67355192,1.43760586,-0.01632380,-0.99640316,0.08315356,-0.00654244
0,1598640346677690700,1598640346677597100,-0.67693394,-0.05014461,-0.73433375,0.85718691,0.73586380,-0.06816879,-0.67368948,1.43910146,-0.01627672,-0.99641293,0.08304539,-0.00593424
0,1598640346686722100,1598640346686601800,-0.67683876,-0.05018935,-0.73441851,0.85719907,0.73595065,-0.06824448,-0.67358696,1.44056344,-0.01631308,-0.99640548,0.08312741,-0.00536299
0,1598640346695599900,1598640346695553100,-0.67684948,-0.05024958,-0.73440444,0.85717046,0.73593998,-0.06834875,-0.67358810,1.44205260,-0.01634809,-0.99639529,0.08324251,-0.00478101
0,1598640346704597700,1598640346704538000,-0.67690831,-0.05033335,-0.73434448,0.85715950,0.73588669,-0.06838064,-0.67364299,1.44354606,-0.01630822,-0.99638891,0.08332708,-0.00417948
0,1598640346713569300,1598640346713518500,-0.67695403,-0.05034289,-0.73430169,0.85713232,0.73584580,-0.06832904,-0.67369294,1.44500864,-0.01625843,-0.99639195,0.08330022,-0.00359607
0,1598640346722622100,1598640346722519300,-0.67696470,-0.05046764,-0.73428333,0.85715139,0.73583585,-0.06845473,-0.67369109,1.44647813,-0.01626556,-0.99637699,0.08347735,-0.00309587
0,1598640346731537900,1598640346731441400,-0.67693138,-0.05051574,-0.73431069,0.85712898,0.73586518,-0.06857322,-0.67364699,1.44795370,-0.01632424,-0.99636644,0.08359215,-0.00254130
0,1598640346740564700,1598640346740490500,-0.67692786,-0.05054879,-0.73431170,0.85712755,0.73586971,-0.06852222,-0.67364722,1.44942093,-0.01626459,-0.99636829,0.08358194,-0.00197577
0,1598640346749546100,1598640346749461900,-0.67686909,-0.05068386,-0.73435658,0.85708940,0.73592359,-0.06864850,-0.67357546,1.45087421,-0.01627308,-0.99635273,0.08376552,-0.00144839
0,1598640346758380500,1598640346758332800,-0.67685628,-0.05068833,-0.73436809,0.85708487,0.73593527,-0.06866012,-0.67356157,1.45235205,-0.01628007,-0.99635172,0.08377635,-0.00090814
0,1598640346767432500,1598640346767378600,-0.67685515,-0.05079818,-0.73436147,0.85709155,0.73593646,-0.06874375,-0.67355168,1.45384145,-0.01626755,-0.99634033,0.08391382,-0.00035286
0,1598640346776364300,1598640346776255500,-0.67679954,-0.05082569,-0.73441088,0.85706580,0.73598850,-0.06871025,-0.67349821,1.45528364,-0.01623052,-0.99634123,0.08391020,0.00020266
0,1598640346785463000,1598640346785387800,-0.67674369,-0.05092955,-0.73445517,0.85707176,0.73603886,-0.06885614,-0.67342830,1.45678127,-0.01627435,-0.99632585,0.08408409,0.00072455
0,1598640346794386900,1598640346794274200,-0.67678130,-0.05092460,-0.73442084,0.85704648,0.73600435,-0.06885260,-0.67346638,1.45826936,-0.01627076,-0.99632633,0.08407891,0.00130796
0,1598640346803368300,1598640346803275400,-0.67665869,-0.05104691,-0.73452532,0.85703838,0.73611659,-0.06897862,-0.67333084,1.45971394,-0.01629505,-0.99631143,0.08425146,0.00188041
0,1598640346812410300,1598640346812342600,-0.67664599,-0.05102989,-0.73453814,0.85701406,0.73612916,-0.06890455,-0.67332470,1.46116006,-0.01625329,-0.99631739,0.08418860,0.00246572
0,1598640346821354800,1598640346821270500,-0.67661881,-0.05097982,-0.73456669,0.85701501,0.73615241,-0.06895693,-0.67329383,1.46264458,-0.01632905,-0.99631631,0.08418646,0.00306940
0,1598640346830296700,1598640346830208100,-0.67652255,-0.05095777,-0.73465681,0.85699737,0.73624015,-0.06896739,-0.67319685,1.46412241,-0.01636274,-0.99631679,0.08417515,0.00366712
0,1598640346839264900,1598640346839166000,-0.67659277,-0.05102715,-0.73458743,0.85701215,0.73617667,-0.06897742,-0.67326522,1.46561599,-0.01631512,-0.99631250,0.08423465,0.00425696
0,1598640346848143600,1598640346848084900,-0.67661738,-0.05091482,-0.73457253,0.85697448,0.73615205,-0.06900009,-0.67328984,1.46711254,-0.01640508,-0.99631667,0.08416772,0.00483656
0,1598640346857168200,1598640346857103000,-0.67660922,-0.05079886,-0.73458803,0.85696447,0.73615557,-0.06913671,-0.67327201,1.46860242,-0.01658553,-0.99631310,0.08417441,0.00536203
0,1598640346866141200,1598640346866066700,-0.67665386,-0.05090752,-0.73453945,0.85692728,0.73611486,-0.06922377,-0.67330760,1.47005725,-0.01657119,-0.99630153,0.08431430,0.00587130
0,1598640346875168200,1598640346875092900,-0.67670554,-0.05092588,-0.73449045,0.85691583,0.73606747,-0.06923621,-0.67335802,1.47158027,-0.01656199,-0.99629974,0.08433743,0.00640345
0,1598640346884215600,1598640346884091300,-0.67669648,-0.05087945,-0.73450208,0.85692728,0.73607653,-0.06915030,-0.67335695,1.47307539,-0.01653101,-0.99630809,0.08424494,0.00688243
