6,1597236933785579300,1597236933785480200,-0.93042749,-0.36612308,-0.01608205,0.02159989,0.36591771,-0.93053633,0.01436106,1.81596804,-0.02022284,0.00747722,0.99976754,0.83391857
6,1597236933794615800,1597236933794522100,-0.93041706,-0.36614755,-0.01612934,0.02277637,0.36594111,-0.93052661,0.01439598,1.81597209,-0.02027982,0.00749187,0.99976635,0.83395791
6,1597236933803280800,1597236933803181100,-0.93043488,-0.36610433,-0.01608416,0.02381861,0.36590007,-0.93054414,0.01430597,1.81598175,-0.02020451,0.00742556,0.99976832,0.83393192
6,1597236933812548000,1597236933812516400,-0.93043619,-0.36610591,-0.01597244,0.02490544,0.36590371,-0.93054366,0.01424377,1.81598651,-0.02007776,0.00740854,0.99977106,0.83398628
6,1597236933821210400,1597236933821075500,-0.93042076,-0.36615193,-0.01581934,0.02593148,0.36595064,-0.93052500,0.01425493,1.81592929,-0.01993975,0.00747398,0.99977332,0.83392501
6,1597236933830363300,1597236933830319900,-0.93044490,-0.36609310,-0.01575649,0.02700198,0.36589369,-0.93054849,0.01418390,1.81593561,-0.01985478,0.00743213,0.99977529,0.83400679
6,1597236933839266000,1597236933839131000,-0.93046272,-0.36606014,-0.01546761,0.02809525,0.36586615,-0.93056190,0.01401650,1.81591165,-0.01952446,0.00738275,0.99978215,0.83401680
6,1597236933848360000,1597236933848258500,-0.93047929,-0.36602017,-0.01541665,0.02921057,0.36582625,-0.93057734,0.01403295,1.81590605,-0.01948273,0.00741756,0.99978268,0.83401060
6,1597236933857173800,1597236933857138700,-0.93045843,-0.36607751,-0.01531368,0.03021240,0.36588240,-0.93055373,0.01413320,1.81582904,-0.01942402,0.00754735,0.99978286,0.83398628
6,1597236933866393300,1597236933866210700,-0.93047273,-0.36603913,-0.01536235,0.03140831,0.36584467,-0.93056935,0.01408066,1.81579852,-0.01944977,0.00748144,0.99978292,0.83397150
6,1597236933875166200,1597236933875101200,-0.93049949,-0.36597228,-0.01533356,0.03250861,0.36577925,-0.93059599,0.01401750,1.81582856,-0.01939937,0.00743459,0.99978423,0.83395958
6,1597236933884241600,1597236933884081400,-0.93050545,-0.36595652,-0.01535001,0.03365171,0.36576375,-0.93060243,0.01399830,1.81580567,-0.01940748,0.00741102,0.99978423,0.83398914
6,1597236933893149000,1597236933892800900,-0.93049693,-0.36597928,-0.01532009,0.03475845,0.36578786,-0.93059379,0.01394129,1.81572652,-0.01935896,0.00736843,0.99978542,0.83400059
6,1597236933902385300,1597236933902306500,-0.93053120,-0.36589354,-0.01528904,0.03585446,0.36570320,-0.93062770,0.01389600,1.81580162,-0.01931289,0.00733940,0.99978656,0.83403921
6,1597236933911100100,1597236933910954400,-0.93054152,-0.36586609,-0.01531723,0.03697729,0.36567628,-0.93063891,0.01385645,1.81577778,-0.01932445,0.00729285,0.99978673,0.83407688
6,1597236933920082400,1597236933920057300,-0.93051630,-0.36592939,-0.01533389,0.03815329,0.36574072,-0.93061453,0.01379410,1.81579089,-0.01931760,0.00722741,0.99978733,0.83416152
6,1597236933929031500,1597236933928866400,-0.93052590,-0.36590409,-0.01536077,0.03923190,0.36571556,-0.93062466,0.01377526,1.81576180,-0.01933551,0.00720055,0.99978715,0.83422899
6,1597236933938109700,1597236933938017900,-0.93054575,-0.36585352,-0.01535907,0.04035008,0.36566532,-0.93064463,0.01375962,1.81583703,-0.01932785,0.00718766,0.99978739,0.83416939
6,1597236933947041500,1597236933946886000,-0.93054903,-0.36584520,-0.01536143,0.04150796,0.36565644,-0.93064773,0.01378659,1.81584585,-0.01933986,0.00721207,0.99978697,0.83422542
6,1597236933955899900,1597236933955831400,-0.93054837,-0.36584842,-0.01532337,0.04265940,0.36565837,-0.93064576,0.01386616,1.81578231,-0.01933348,0.00730003,0.99978650,0.83415985
6,1597236933964764400,1597236933964717900,-0.93055952,-0.36581907,-0.01534539,0.04377437,0.36563125,-0.93065828,0.01374352,1.81580472,-0.01930898,0.00717841,0.99978787,0.83423209
6,1597236933973989300,1597236933973911400,-0.93057990,-0.36576766,-0.01533309,0.04489577,0.36558008,-0.93067849,0.01373626,1.81585991,-0.01929441,0.00717722,0.99978811,0.83423924
6,1597236933983191100,1597236933982801100,-0.93059373,-0.36573175,-0.01535276,0.04596484,0.36554307,-0.93069232,0.01378467,1.81587267,-0.01933020,0.00721583,0.99978715,0.83420658
6,1597236933992048100,1597236933991818300,-0.93059766,-0.36572343,-0.01531455,0.04710555,0.36553320,-0.93069476,0.01387957,1.81578898,-0.01932925,0.00731832,0.99978638,0.83418393
6,1597236934000713900,1597236934000636800,-0.93061572,-0.36567900,-0.01527840,0.04819930,0.36548978,-0.93071240,0.01383952,1.81585526,-0.01928058,0.00729518,0.99978757,0.83409309
6,1597236934009848000,1597236934009798300,-0.93062913,-0.36564174,-0.01535130,0.04932392,0.36545205,-0.93072724,0.01383703,1.81585455,-0.01934725,0.00726698,0.99978644,0.83412242
6,1597236934018671700,1597236934018616800,-0.93064600,-0.36560276,-0.01525983,0.05035520,0.36541262,-0.93074185,0.01389562,1.81572211,-0.01928324,0.00735576,0.99978697,0.83392525
6,1597236934027831300,1597236934027782100,-0.93065196,-0.36558312,-0.01536155,0.05144632,0.36539203,-0.93074977,0.01390650,1.81570160,-0.01938173,0.00732912,0.99978530,0.83402157
6,1597236934036685500,1597236934036569700,-0.93066263,-0.36555654,-0.01535413,0.05250669,0.36536512,-0.93076009,0.01392415,1.81573319,-0.01938105,0.00734884,0.99978524,0.83394003
6,1597236934045765000,1597236934045668900,-0.93066704,-0.36553890,-0.01550078,0.05367339,0.36534512,-0.93076694,0.01399017,1.81572294,-0.01954159,0.00735706,0.99978203,0.83391166
6,1597236934054536300,1597236934054468500,-0.93065304,-0.36557898,-0.01539597,0.05483115,0.36538738,-0.93075144,0.01391963,1.81568813,-0.01941857,0.00732884,0.99978459,0.83391929
6,1597236934063727800,1597236934063594300,-0.93064660,-0.36559489,-0.01541001,0.05601931,0.36540622,-0.93074638,0.01376326,1.81559086,-0.01937455,0.00717783,0.99978656,0.83393550
6,1597236934072747700,1597236934072554900,-0.93065482,-0.36557525,-0.01537809,0.05712295,0.36538562,-0.93075353,0.01382398,1.81560171,-0.01936692,0.00724643,0.99978620,0.83388209
6,1597236934081812000,1597236934081736100,-0.93067122,-0.36552224,-0.01564214,0.05834389,0.36533183,-0.93077552,0.01376524,1.81556380,-0.01959082,0.00709634,0.99978292,0.83388591
6,1597236934090493200,1597236934090411400,-0.93065763,-0.36555907,-0.01559317,0.05960000,0.36537012,-0.93076134,0.01370973,1.81559587,-0.01952523,0.00706178,0.99978447,0.83397532
6,1597236934099664100,1597236934099563500,-0.93066537,-0.36553544,-0.01568532,0.06066620,0.36534700,-0.93077123,0.01365075,1.81559420,-0.01958928,0.00697368,0.99978381,0.83410358
6,1597236934108407300,1597236934108338100,-0.93070209,-0.36544153,-0.01569200,0.06186485,0.36525393,-0.93080848,0.01360428,1.81565547,-0.01957783,0.00692998,0.99978441,0.83391833
6,1597236934117613900,1597236934117515400,-0.93067205,-0.36550918,-0.01589540,0.06306851,0.36531991,-0.93078232,0.01362095,1.81568098,-0.01977375,0.00686973,0.99978089,0.83405423
6,1597236934126315200,1597236934126261500,-0.93069184,-0.36545184,-0.01605979,0.06411779,0.36526361,-0.93080604,0.01350885,1.81569171,-0.01988536,0.00670652,0.99977982,0.83419585
6,1597236934135433200,1597236934135393600,-0.93069720,-0.36543500,-0.01613083,0.06526327,0.36524510,-0.93081248,0.01356854,1.81570077,-0.01997316,0.00673650,0.99977779,0.83416152
6,1597236934144475700,1597236934144380700,-0.93075114,-0.36529490,-0.01619047,0.06633937,0.36510596,-0.93086803,0.01350138,1.81566536,-0.02000317,0.00665519,0.99977779,0.83418107
6,1597236934153498700,1597236934153357000,-0.93072557,-0.36535728,-0.01624933,0.06751847,0.36517021,-0.93084443,0.01338871,1.81564903,-0.02001727,0.00652745,0.99977833,0.83422899
6,1597236934162305900,1597236934162202400,-0.93072629,-0.36534894,-0.01639625,0.06860626,0.36516005,-0.93084782,0.01343178,1.81562877,-0.02016971,0.00651407,0.99977541,0.83427835
6,1597236934171590100,1597236934171516000,-0.93075389,-0.36527932,-0.01638213,0.06977701,0.36508796,-0.93087423,0.01355794,1.81566072,-0.02020213,0.00663818,0.99977386,0.83428288
6,1597236934180308900,1597236934180169000,-0.93076760,-0.36524493,-0.01637065,0.07085407,0.36505517,-0.93088824,0.01348107,1.81559491,-0.02016306,0.00657156,0.99977517,0.83426142
6,1597236934189490600,1597236934189309600,-0.93071485,-0.36538064,-0.01633883,0.07202125,0.36519399,-0.93083578,0.01334028,1.81555009,-0.02008304,0.00644915,0.99977756,0.83436823
6,1597236934198327700,1597236934198174900,-0.93071824,-0.36536393,-0.01651967,0.07306254,0.36517549,-0.93084264,0.01337032,1.81557703,-0.02026224,0.00641143,0.99977422,0.83446026
6,1597236934207494500,1597236934207455800,-0.93076915,-0.36523631,-0.01647624,0.07419324,0.36504766,-0.93089247,0.01339131,1.81565523,-0.02022856,0.00644960,0.99977458,0.83438754
6,1597236934216239000,1597236934216113800,-0.93076128,-0.36525202,-0.01656947,0.07522833,0.36506483,-0.93088716,0.01329257,1.81566489,-0.02027941,0.00632329,0.99977440,0.83439231
6,1597236934225431400,1597236934225327900,-0.93076628,-0.36524224,-0.01650426,0.07642257,0.36505339,-0.93089020,0.01339483,1.81565392,-0.02025601,0.00644252,0.99977410,0.83439112
6,1597236934234251200,1597236934234025000,-0.93078995,-0.36518276,-0.01648530,0.07750571,0.36499444,-0.93091363,0.01337257,1.81564236,-0.02022982,0.00643000,0.99977475,0.83442068
6,1597236934243227800,1597236934243152600,-0.93077582,-0.36521646,-0.01653713,0.07866156,0.36502790,-0.93090057,0.01336761,1.81562102,-0.02027649,0.00640573,0.99977392,0.83446026
6,1597236934251997500,1597236934251935300,-0.93075407,-0.36526948,-0.01659372,0.07988751,0.36508092,-0.93088001,0.01335042,1.81565690,-0.02032325,0.00636789,0.99977320,0.83444023
6,1597236934261241200,1597236934261169900,-0.93077040,-0.36523092,-0.01652244,0.08103120,0.36504042,-0.93089420,0.01346913,1.81569409,-0.02029997,0.00650531,0.99977279,0.83446074
6,1597236934270078900,1597236934269967900,-0.93079120,-0.36518025,-0.01646915,0.08218932,0.36499119,-0.93091428,0.01341576,1.81566823,-0.02023050,0.00647618,0.99977440,0.83441877
6,1597236934279242000,1597236934279123400,-0.93077409,-0.36521900,-0.01657698,0.08328629,0.36503074,-0.93089986,0.01334044,1.81569314,-0.02030367,0.00636582,0.99977368,0.83447456
6,1597236934288147400,1597236934288072900,-0.93075824,-0.36525154,-0.01674837,0.08424413,0.36505780,-0.93088609,0.01355604,1.81571472,-0.02054214,0.00650328,0.99976790,0.83453751
6,1597236934297132200,1597236934297009200,-0.93077701,-0.36520165,-0.01679429,0.08542430,0.36500952,-0.93090636,0.01346462,1.81572330,-0.02055120,0.00640249,0.99976832,0.83456659
6,1597236934305993100,1597236934305875100,-0.93080705,-0.36512905,-0.01670966,0.08646095,0.36493915,-0.93093520,0.01337909,1.81568348,-0.02044070,0.00635535,0.99977088,0.83466601
6,1597236934315074900,1597236934314994600,-0.93079782,-0.36514553,-0.01685870,0.08752811,0.36495507,-0.93092918,0.01336324,1.81570268,-0.02057377,0.00628580,0.99976861,0.83470607
6,1597236934323839400,1597236934323751600,-0.93076384,-0.36523163,-0.01687315,0.08870828,0.36504233,-0.93089586,0.01330094,1.81573009,-0.02056503,0.00622062,0.99976915,0.83484554
6,1597236934333081600,1597236934333007600,-0.93073106,-0.36530590,-0.01706949,0.08986509,0.36511505,-0.93086708,0.01331732,1.81572151,-0.02075434,0.00616254,0.99976569,0.83479738
6,1597236934341830000,1597236934341673300,-0.93076539,-0.36521947,-0.01704907,0.09094501,0.36502764,-0.93090063,0.01337055,1.81569266,-0.02075416,0.00622147,0.99976528,0.83489275
6,1597236934350910600,1597236934350813400,-0.93075591,-0.36524078,-0.01711076,0.09220374,0.36505124,-0.93089318,0.01324392,1.81566322,-0.02076548,0.00608055,0.99976587,0.83498716
6,1597236934359720900,1597236934359668300,-0.93069696,-0.36539844,-0.01695114,0.09320867,0.36520708,-0.93083012,0.01337983,1.81553793,-0.02066758,0.00626191,0.99976683,0.83485961
6,1597236934368961900,1597236934368860100,-0.93071532,-0.36535904,-0.01679167,0.09422529,0.36516821,-0.93084502,0.01340212,1.81556249,-0.02052701,0.00634179,0.99976921,0.83490133
6,1597236934377801700,1597236934377727900,-0.93072438,-0.36534646,-0.01656213,0.09557545,0.36515927,-0.93085009,0.01329421,1.81551957,-0.02027383,0.00632542,0.99977452,0.83496022
6,1597236934387184100,1597236934386881800,-0.93068898,-0.36543235,-0.01665378,0.09664500,0.36524209,-0.93081582,0.01341557,1.81553173,-0.02040407,0.00640306,0.99977130,0.83498693
6,1597236934395678300,1597236934395546500,-0.93065810,-0.36550820,-0.01671469,0.09774733,0.36531794,-0.93078631,0.01339815,1.81549978,-0.02045491,0.00636292,0.99977058,0.83491635
6,1597236934404903200,1597236934404730100,-0.93073034,-0.36532784,-0.01663393,0.09877336,0.36513817,-0.93085694,0.01339262,1.81551123,-0.02037650,0.00639123,0.99977195,0.83492112
6,1597236934413600200,1597236934413569400,-0.93069881,-0.36541423,-0.01650152,0.10016060,0.36522472,-0.93082249,0.01342805,1.81556618,-0.02026674,0.00647070,0.99977368,0.83481121
6,1597236934422813700,1597236934422729400,-0.93068087,-0.36546433,-0.01639998,0.10121572,0.36527634,-0.93080282,0.01338698,1.81557441,-0.02015761,0.00646847,0.99977595,0.83494806
6,1597236934431541100,1597236934431488600,-0.93067503,-0.36547792,-0.01643276,0.10237217,0.36528972,-0.93079758,0.01338466,1.81553555,-0.02018735,0.00645405,0.99977541,0.83493137
6,1597236934440623100,1597236934440594800,-0.93066025,-0.36551514,-0.01644152,0.10349607,0.36532715,-0.93078309,0.01337350,1.81550884,-0.02019170,0.00643966,0.99977541,0.83490515
6,1597236934449510800,1597236934449422400,-0.93065691,-0.36551964,-0.01652989,0.10467720,0.36533174,-0.93078178,0.01333924,1.81545210,-0.02026150,0.00637537,0.99977440,0.83495474
6,1597236934458603600,1597236934458530400,-0.93065083,-0.36553153,-0.01661193,0.10586834,0.36534464,-0.93077779,0.01326438,1.81538606,-0.02031058,0.00627542,0.99977410,0.83496714
6,1597236934467632900,1597236934467508800,-0.93066871,-0.36549541,-0.01640126,0.10696244,0.36531043,-0.93079162,0.01323687,1.81536794,-0.02010411,0.00632760,0.99977791,0.83503675
6,1597236934476588800,1597236934476517900,-0.93069547,-0.36542493,-0.01645452,0.10793483,0.36523843,-0.93081897,0.01329620,1.81542730,-0.02017489,0.00636491,0.99977624,0.83500338
6,1597236934485447600,1597236934485358800,-0.93063825,-0.36556321,-0.01661664,0.10900009,0.36537558,-0.93076509,0.01330110,1.81549990,-0.02032855,0.00630720,0.99977350,0.83513689
6,1597236934495038200,1597236934494882700,-0.93066418,-0.36549872,-0.01658353,0.11017990,0.36530995,-0.93078995,0.01336699,1.81549144,-0.02032137,0.00638206,0.99977320,0.83519173
6,1597236934503424900,1597236934503377500,-0.93074316,-0.36529833,-0.01656538,0.11123765,0.36511117,-0.93086898,0.01329167,1.81549931,-0.02027565,0.00632292,0.99977446,0.83511162
6,1597236934512485600,1597236934512409200,-0.93069935,-0.36541584,-0.01643771,0.11247230,0.36522949,-0.93082255,0.01329206,1.81559503,-0.02015767,0.00636740,0.99977654,0.83513689
6,1597236934521476700,1597236934521356400,-0.93069983,-0.36541155,-0.01650131,0.11352074,0.36522239,-0.93082362,0.01341159,1.81564236,-0.02026051,0.00645553,0.99977386,0.83523607
6,1597236934530481800,1597236934530351000,-0.93072879,-0.36533937,-0.01646537,0.11463785,0.36515146,-0.93085223,0.01335956,1.81568861,-0.02020758,0.00642177,0.99977523,0.83527899
6,1597236934539497200,1597236934539389000,-0.93074107,-0.36531195,-0.01638266,0.11576283,0.36512536,-0.93086302,0.01332023,1.81566417,-0.02011600,0.00641598,0.99977714,0.83531117
6,1597236934548451700,1597236934548376000,-0.93075669,-0.36527425,-0.01633456,0.11675000,0.36508852,-0.93087786,0.01329294,1.81566155,-0.02006105,0.00640893,0.99977827,0.83534145
6,1597236934557230000,1597236934557169100,-0.93073338,-0.36533588,-0.01628768,0.11785448,0.36514944,-0.93085325,0.01334280,1.81562257,-0.02003607,0.00647114,0.99977839,0.83522296
6,1597236934566349300,1597236934566250300,-0.93072051,-0.36536142,-0.01644742,0.11918783,0.36517110,-0.93084270,0.01348397,1.81560338,-0.02023643,0.00654370,0.99977386,0.83505249
6,1597236934575154500,1597236934575064700,-0.93072760,-0.36534628,-0.01638374,0.12040162,0.36515945,-0.93084949,0.01333224,1.81550646,-0.02012169,0.00642601,0.99977690,0.83514929
6,1597236934584553300,1597236934584399500,-0.93070579,-0.36539721,-0.01648575,0.12180030,0.36521116,-0.93083018,0.01326179,1.81548667,-0.02019122,0.00632206,0.99977612,0.83511519
6,1597236934593224900,1597236934593098800,-0.93073750,-0.36531737,-0.01646519,0.12285769,0.36513102,-0.93086135,0.01328187,1.81550276,-0.02017891,0.00634998,0.99977624,0.83528686
6,1597236934602339500,1597236934602165500,-0.93075395,-0.36527842,-0.01639861,0.12407076,0.36509401,-0.93087691,0.01320852,1.81549191,-0.02008986,0.00630686,0.99977827,0.83527088
6,1597236934611207200,1597236934611082900,-0.93076688,-0.36522684,-0.01680848,0.12510753,0.36504027,-0.93089825,0.01318775,1.81546950,-0.02046350,0.00613895,0.99977183,0.83530331
6,1597236934620237200,1597236934620174200,-0.93076313,-0.36523750,-0.01678386,0.12637782,0.36505356,-0.93089479,0.01306601,1.81547511,-0.02039617,0.00603436,0.99977380,0.83531785
6,1597236934629175800,1597236934629085800,-0.93079925,-0.36514336,-0.01683068,0.12753320,0.36495996,-0.93093204,0.01302496,1.81548667,-0.02042419,0.00598110,0.99977350,0.83549619
6,1597236934638339900,1597236934638249200,-0.93082309,-0.36508352,-0.01680940,0.12875235,0.36490074,-0.93095559,0.01300013,1.81549966,-0.02039492,0.00596707,0.99977422,0.83550310
6,1597236934646981100,1597236934646884800,-0.93083727,-0.36504313,-0.01689798,0.12981021,0.36486042,-0.93097180,0.01297210,1.81546223,-0.02046692,0.00590950,0.99977314,0.83546877
6,1597236934656177700,1597236934656083000,-0.93077767,-0.36518934,-0.01702264,0.13102496,0.36500654,-0.93091494,0.01294168,1.81541502,-0.02057275,0.00583245,0.99977142,0.83542061
6,1597236934664968200,1597236934664868300,-0.93083274,-0.36504287,-0.01715720,0.13211155,0.36486292,-0.93097371,0.01276364,1.81540811,-0.02063215,0.00562081,0.99977136,0.83568668
6,1597236934674039900,1597236934673936900,-0.93086529,-0.36496615,-0.01701689,0.13325059,0.36478570,-0.93100309,0.01282820,1.81545889,-0.02052462,0.00573382,0.99977297,0.83558798
6,1597236934682891200,1597236934682827100,-0.93089539,-0.36487976,-0.01722544,0.13422287,0.36469939,-0.93103778,0.01276435,1.81542242,-0.02069500,0.00560015,0.99977022,0.83566856
6,1597236934692054900,1597236934691974800,-0.93085426,-0.36498350,-0.01725081,0.13529778,0.36480060,-0.93099654,0.01288100,1.81535745,-0.02076176,0.00569724,0.99976826,0.83572364
6,1597236934700849800,1597236934700785600,-0.93089336,-0.36488336,-0.01725602,0.13639688,0.36470202,-0.93103617,0.01280394,1.81536090,-0.02073789,0.00562581,0.99976909,0.83586335
6,1597236934709887700,1597236934709822500,-0.93092954,-0.36479175,-0.01724470,0.13746738,0.36461100,-0.93107224,0.01277736,1.81539917,-0.02071708,0.00560723,0.99976963,0.83591080
6,1597236934718841400,1597236934718718500,-0.93092257,-0.36480284,-0.01738605,0.13855278,0.36462155,-0.93106824,0.01276636,1.81537127,-0.02084476,0.00554517,0.99976736,0.83595037
6,1597236934727773800,1597236934727723900,-0.93092263,-0.36480170,-0.01740265,0.13968408,0.36461800,-0.93106812,0.01287676,1.81534612,-0.02090055,0.00564195,0.99976563,0.83596420
6,1597236934736771400,1597236934736689400,-0.93097532,-0.36466643,-0.01741996,0.14069927,0.36448109,-0.93112069,0.01294878,1.81544411,-0.02094206,0.00570573,0.99976444,0.83586812
6,1597236934745839500,1597236934745791400,-0.93093693,-0.36475927,-0.01752958,0.14186430,0.36456889,-0.93108338,0.01315918,1.81547892,-0.02112144,0.00585963,0.99975979,0.83591175
6,1597236934754708700,1597236934754655200,-0.93092787,-0.36478499,-0.01747310,0.14285243,0.36459684,-0.93107373,0.01306847,1.81539583,-0.02103591,0.00579518,0.99976194,0.83583903
6,1597236934763527800,1597236934763434500,-0.93094373,-0.36474115,-0.01754209,0.14393044,0.36454982,-0.93109030,0.01320038,1.81528914,-0.02114800,0.00589387,0.99975902,0.83582115
6,1597236934772360300,1597236934772312500,-0.93097484,-0.36466753,-0.01742473,0.14494097,0.36447671,-0.93111879,0.01320944,1.81535065,-0.02104151,0.00594676,0.99976099,0.83588839
6,1597236934781428300,1597236934781328700,-0.93094814,-0.36472693,-0.01760712,0.14609969,0.36453500,-0.93109590,0.01321048,1.81546295,-0.02121210,0.00587986,0.99975771,0.83594346
6,1597236934790220700,1597236934790179000,-0.93093133,-0.36477172,-0.01756904,0.14722478,0.36458087,-0.93107855,0.01317095,1.81543410,-0.02116254,0.00585592,0.99975896,0.83591628
6,1597236934799513800,1597236934799344900,-0.93093520,-0.36476135,-0.01757824,0.14842403,0.36456862,-0.93108207,0.01325791,1.81544113,-0.02120271,0.00593378,0.99975765,0.83592010
6,1597236934808217900,1597236934808159600,-0.93093419,-0.36475986,-0.01765928,0.14964247,0.36456814,-0.93108326,0.01318694,1.81548321,-0.02125230,0.00583817,0.99975711,0.83592343
6,1597236934817468700,1597236934817376700,-0.93093067,-0.36476201,-0.01780140,0.15074885,0.36456934,-0.93108273,0.01319283,1.81544566,-0.02138680,0.00579174,0.99975449,0.83593178
6,1597236934826147700,1597236934826114000,-0.93095362,-0.36471027,-0.01765913,0.15201628,0.36451748,-0.93110240,0.01323671,1.81547320,-0.02126995,0.00588572,0.99975646,0.83588076
6,1597236934835337100,1597236934835253200,-0.93097883,-0.36464059,-0.01777068,0.15320671,0.36444926,-0.93113053,0.01313689,1.81542540,-0.02133706,0.00575365,0.99975580,0.83596253
6,1597236934844171700,1597236934844090400,-0.93094254,-0.36473200,-0.01779526,0.15435076,0.36454043,-0.93109477,0.01314175,1.81542742,-0.02136225,0.00574714,0.99975532,0.83593750
6,1597236934853448600,1597236934853350500,-0.93092251,-0.36477733,-0.01791036,0.15548575,0.36458451,-0.93107712,0.01317016,1.81539416,-0.02148011,0.00573055,0.99975288,0.83590698
6,1597236934862230500,1597236934862154400,-0.93096870,-0.36466214,-0.01785967,0.15658748,0.36447057,-0.93112236,0.01312298,1.81539261,-0.02141497,0.00570776,0.99975443,0.83595276
6,1597236934871283300,1597236934871187400,-0.93098217,-0.36463195,-0.01777342,0.15783381,0.36444360,-0.93113470,0.01299669,1.81533754,-0.02128842,0.00562227,0.99975759,0.83595204
6,1597236934880108500,1597236934880013300,-0.93098772,-0.36461204,-0.01789236,0.15878522,0.36442327,-0.93114281,0.01298568,1.81531274,-0.02139503,0.00556912,0.99975562,0.83601308
6,1597236934889250000,1597236934889160400,-0.93096012,-0.36468843,-0.01777023,0.15997100,0.36449954,-0.93111247,0.01302201,1.81526268,-0.02129504,0.00564575,0.99975729,0.83596826
6,1597236934898061400,1597236934897954800,-0.93098044,-0.36462879,-0.01792899,0.16105437,0.36443970,-0.93113631,0.01299150,1.81521952,-0.02143148,0.00556079,0.99975491,0.83604288
6,1597236934907173200,1597236934907142700,-0.93099630,-0.36459783,-0.01773328,0.16214550,0.36441207,-0.93114859,0.01288469,1.81526160,-0.02121004,0.00553337,0.99975979,0.83598638
6,1597236934916024900,1597236934915959500,-0.93101960,-0.36453530,-0.01779541,0.16314971,0.36434901,-0.93117315,0.01289355,1.81524074,-0.02127075,0.00552040,0.99975854,0.83601451
6,1597236934925143400,1597236934925050000,-0.93101186,-0.36455604,-0.01777521,0.16426682,0.36436903,-0.93116480,0.01293186,1.81520534,-0.02126601,0.00556299,0.99975848,0.83604598
6,1597236934933937800,1597236934933870900,-0.93103814,-0.36449963,-0.01755664,0.16530764,0.36431658,-0.93118715,0.01280180,1.81524396,-0.02101472,0.00552280,0.99976397,0.83601046
6,1597236934943085200,1597236934943041700,-0.93103790,-0.36451119,-0.01732391,0.16642332,0.36432961,-0.93118215,0.01279333,1.81523061,-0.02079499,0.00559948,0.99976808,0.83602667
6,1597236934951815900,1597236934951761200,-0.93102109,-0.36453706,-0.01768133,0.16752708,0.36435437,-0.93117303,0.01275170,1.81521678,-0.02111280,0.00542985,0.99976242,0.83603072
6,1597236934961039100,1597236934961009000,-0.93099600,-0.36461613,-0.01736802,0.16868603,0.36443710,-0.93114191,0.01265911,1.81518710,-0.02078778,0.00545605,0.99976909,0.83615303
6,1597236934969820200,1597236934969761400,-0.93101835,-0.36456412,-0.01726267,0.16956866,0.36438715,-0.93116242,0.01258778,1.81523395,-0.02066344,0.00542915,0.99977177,0.83608651
6,1597236934978868600,1597236934978810800,-0.93105108,-0.36448860,-0.01708940,0.17074919,0.36431316,-0.93119174,0.01256083,1.81516528,-0.02049175,0.00546890,0.99977505,0.83611083
6,1597236934987795200,1597236934987741400,-0.93103337,-0.36453164,-0.01713958,0.17188084,0.36435506,-0.93117481,0.01260227,1.81517100,-0.02055383,0.00548825,0.99977374,0.83614564
6,1597236934996986200,1597236934996846600,-0.93102753,-0.36455253,-0.01700976,0.17305779,0.36437723,-0.93116647,0.01257364,1.81514215,-0.02042264,0.00550845,0.99977636,0.83613849
6,1597236935005728000,1597236935005606900,-0.93105954,-0.36447394,-0.01694170,0.17411304,0.36429974,-0.93119729,0.01253786,1.81513739,-0.02034578,0.00550163,0.99977791,0.83608437
6,1597236935015083800,1597236935014916600,-0.93104219,-0.36451161,-0.01708278,0.17528760,0.36433986,-0.93118370,0.01238015,1.81511521,-0.02041987,0.00530252,0.99977750,0.83613729
6,1597236935023686600,1597236935023574600,-0.93103147,-0.36454371,-0.01698649,0.17629898,0.36436906,-0.93117005,0.01254744,1.81507158,-0.02039137,0.00549272,0.99977702,0.83616495
6,1597236935032874400,1597236935032716600,-0.93104410,-0.36451468,-0.01691172,0.17741048,0.36434254,-0.93118179,0.01244507,1.81504083,-0.02028427,0.00542526,0.99977958,0.83618712
6,1597236935041774900,1597236935041627000,-0.93107677,-0.36443374,-0.01686212,0.17841995,0.36426142,-0.93121326,0.01246650,1.81508529,-0.02024546,0.00546505,0.99978018,0.83615041
6,1597236935050673100,1597236935050647300,-0.93105668,-0.36447978,-0.01697603,0.17968786,0.36430955,-0.93119621,0.01233328,1.81509876,-0.02030319,0.00529847,0.99977982,0.83620691
6,1597236935059485100,1597236935059443500,-0.93107337,-0.36443064,-0.01711285,0.18070805,0.36425659,-0.93121487,0.01248564,1.81513155,-0.02048591,0.00539158,0.99977565,0.83620167
6,1597236935068729200,1597236935068697900,-0.93108410,-0.36441189,-0.01692748,0.18183947,0.36423871,-0.93122178,0.01249212,1.81514657,-0.02031547,0.00546560,0.99977869,0.83622932
6,1597236935077464600,1597236935077421100,-0.93109828,-0.36437210,-0.01700085,0.18318176,0.36420059,-0.93123806,0.01238848,1.81514609,-0.02034584,0.00534317,0.99977875,0.83620262
6,1597236935086650300,1597236935086589600,-0.93104064,-0.36452043,-0.01697698,0.18437707,0.36434835,-0.93117982,0.01242334,1.81524134,-0.02033716,0.00538111,0.99977869,0.83634162
6,1597236935095654200,1597236935095499500,-0.93104637,-0.36449620,-0.01718608,0.18555439,0.36432174,-0.93118942,0.01248598,1.81524575,-0.02055454,0.00536376,0.99977440,0.83638406
6,1597236935104614400,1597236935104477200,-0.93107152,-0.36443341,-0.01715380,0.18670464,0.36426342,-0.93121499,0.01227736,1.81522179,-0.02044818,0.00518259,0.99977756,0.83642745
6,1597236935113557100,1597236935113429300,-0.93105358,-0.36447889,-0.01716134,0.18785131,0.36430779,-0.93119693,0.01232893,1.81523323,-0.02047423,0.00522690,0.99977678,0.83649802
6,1597236935122659700,1597236935122470400,-0.93105447,-0.36447519,-0.01719418,0.18901920,0.36430177,-0.93119794,0.01243162,1.81514657,-0.02054220,0.00531064,0.99977493,0.83647394
6,1597236935131301400,1597236935131242500,-0.93105263,-0.36448026,-0.01718619,0.19017541,0.36430770,-0.93119615,0.01239236,1.81515718,-0.02052045,0.00527690,0.99977553,0.83652878
6,1597236935140471200,1597236935140401700,-0.93110502,-0.36435127,-0.01708451,0.19122398,0.36417973,-0.93124652,0.01236845,1.81522882,-0.02041635,0.00529450,0.99977762,0.83651066
6,1597236935149405600,1597236935149245800,-0.93112987,-0.36428016,-0.01724133,0.19226170,0.36410666,-0.93127435,0.01242387,1.81526327,-0.02058214,0.00529057,0.99977416,0.83660030
6,1597236935158474200,1597236935158436800,-0.93108249,-0.36440712,-0.01711649,0.19350326,0.36423439,-0.93122447,0.01241878,1.81518376,-0.02046481,0.00532849,0.99977642,0.83665943
6,1597236935167390600,1597236935167235700,-0.93111145,-0.36432946,-0.01719400,0.19476032,0.36415839,-0.93125552,0.01231774,1.81516826,-0.02049968,0.00520785,0.99977630,0.83669806
6,1597236935176391100,1597236935176276100,-0.93113869,-0.36426371,-0.01711410,0.19600248,0.36409292,-0.93128103,0.01232454,1.81517673,-0.02042741,0.00524473,0.99977756,0.83672690
6,1597236935185227000,1597236935185199000,-0.93111086,-0.36433029,-0.01720688,0.19705129,0.36415702,-0.93125468,0.01241991,1.81510949,-0.02054891,0.00529832,0.99977481,0.83681178
6,1597236935195161200,1597236935195107500,-0.93114740,-0.36422861,-0.01738590,0.19830203,0.36405563,-0.93129516,0.01236019,1.81511545,-0.02069330,0.00517972,0.99977249,0.83699679
6,1597236935204472300,1597236935204399300,-0.93120569,-0.36407825,-0.01740941,0.19946957,0.36390686,-0.93135440,0.01227673,1.81520748,-0.02068403,0.00509675,0.99977314,0.83692241
6,1597236935213371700,1597236935213085300,-0.93118739,-0.36411861,-0.01754388,0.20053422,0.36394605,-0.93133873,0.01230096,1.81523168,-0.02081826,0.00506948,0.99977040,0.83693838
6,1597236935222417600,1597236935222318700,-0.93118453,-0.36413240,-0.01740962,0.20171654,0.36395711,-0.93133223,0.01246752,1.81522894,-0.02075395,0.00527321,0.99977076,0.83694053
6,1597236935231302500,1597236935231159800,-0.93120205,-0.36408386,-0.01749027,0.20293915,0.36390677,-0.93135107,0.01253022,1.81527126,-0.02085161,0.00530335,0.99976856,0.83702016
6,1597236935240236800,1597236935240173900,-0.93122971,-0.36400893,-0.01757440,0.20397341,0.36382985,-0.93138009,0.01260414,1.81531370,-0.02095646,0.00534326,0.99976617,0.83701134
6,1597236935249084400,1597236935248986900,-0.93125188,-0.36394674,-0.01768905,0.20499337,0.36376634,-0.93140447,0.01263689,1.81530690,-0.02107480,0.00533344,0.99976367,0.83708429
6,1597236935258252900,1597236935258152600,-0.93124008,-0.36397770,-0.01767257,0.20600593,0.36379534,-0.93139178,0.01273588,1.81515813,-0.02109563,0.00543098,0.99976277,0.83685088
6,1597236935267096200,1597236935267028500,-0.93126661,-0.36390421,-0.01778510,0.20697546,0.36372361,-0.93142134,0.01262262,1.81513047,-0.02115881,0.00528617,0.99976218,0.83707094
6,1597236935276274400,1597236935276116400,-0.93130517,-0.36380553,-0.01778612,0.20793629,0.36362496,-0.93145990,0.01262064,1.81513798,-0.02115849,0.00528619,0.99976218,0.83704424
6,1597236935284954300,1597236935284886200,-0.93123513,-0.36398020,-0.01788041,0.20912564,0.36379755,-0.93139148,0.01269590,1.81502712,-0.02127472,0.00531802,0.99975955,0.83704519
6,1597236935294203500,1597236935294132700,-0.93125719,-0.36392662,-0.01782054,0.21027708,0.36374405,-0.93141222,0.01270824,1.81497741,-0.02122310,0.00535253,0.99976045,0.83709478
6,1597236935302928900,1597236935302798600,-0.93126649,-0.36390418,-0.01779500,0.21147549,0.36371613,-0.93141949,0.01297022,1.81499076,-0.02129453,0.00560641,0.99975753,0.83691216
6,1597236935312150600,1597236935312065500,-0.93125445,-0.36393449,-0.01780385,0.21260893,0.36374864,-0.93140823,0.01286586,1.81495082,-0.02126497,0.00550528,0.99975872,0.83693337
6,1597236935321059500,1597236935320843000,-0.93126404,-0.36390615,-0.01788104,0.21373630,0.36371815,-0.93141901,0.01294634,1.81493092,-0.02136597,0.00555281,0.99975628,0.83703375
6,1597236935330098900,1597236935330024900,-0.93125468,-0.36393324,-0.01781729,0.21486831,0.36374745,-0.93140882,0.01285947,1.81487918,-0.02127513,0.00549448,0.99975860,0.83710265
6,1597236935339012500,1597236935338750800,-0.93126875,-0.36390144,-0.01772979,0.21595633,0.36371404,-0.93142045,0.01295842,1.81501591,-0.02122948,0.00561921,0.99975884,0.83683205
6,1597236935348191900,1597236935348098300,-0.93129390,-0.36383122,-0.01784998,0.21716297,0.36364311,-0.93144816,0.01295933,1.81495261,-0.02134132,0.00557794,0.99975669,0.83689809
6,1597236935356876100,1597236935356720500,-0.93126565,-0.36390314,-0.01785743,0.21823525,0.36371523,-0.93142015,0.01294751,1.81497920,-0.02134439,0.00556254,0.99975669,0.83691573
6,1597236935365856600,1597236935365783500,-0.93125331,-0.36394030,-0.01774397,0.21940494,0.36375099,-0.93140489,0.01304273,1.81494868,-0.02127361,0.00569169,0.99975753,0.83689260
6,1597236935375000600,1597236935374857500,-0.93131459,-0.36377954,-0.01782385,0.22047961,0.36358991,-0.93146783,0.01303840,1.81499767,-0.02134544,0.00566229,0.99975616,0.83689833
6,1597236935383853900,1597236935383810300,-0.93126255,-0.36391276,-0.01782265,0.22163737,0.36372346,-0.93141592,0.01302270,1.81499732,-0.02133939,0.00564505,0.99975634,0.83693480
6,1597236935392739800,1597236935392711200,-0.93127668,-0.36387780,-0.01780209,0.22279704,0.36368835,-0.93142945,0.01303418,1.81497598,-0.02132425,0.00566402,0.99975657,0.83692408
6,1597236935401827000,1597236935401784500,-0.93132639,-0.36375064,-0.01779491,0.22389019,0.36356461,-0.93147993,0.01287513,1.81496215,-0.02125892,0.00552134,0.99975878,0.83689356
6,1597236935410842000,1597236935410635300,-0.93130112,-0.36380947,-0.01791447,0.22501671,0.36362097,-0.93145680,0.01295963,1.81495905,-0.02140138,0.00555524,0.99975556,0.83686638
6,1597236935419965900,1597236935419705900,-0.93127745,-0.36387250,-0.01786742,0.22623610,0.36368605,-0.93143255,0.01287709,1.81499982,-0.02132794,0.00549400,0.99975753,0.83695793
6,1597236935428529800,1597236935428465600,-0.93128115,-0.36386243,-0.01788089,0.22743595,0.36367753,-0.93143690,0.01280026,1.81494045,-0.02131245,0.00541778,0.99975818,0.83700490
6,1597236935437761800,1597236935437607300,-0.93130887,-0.36379111,-0.01789117,0.22854102,0.36360544,-0.93146461,0.01283229,1.81497610,-0.02133325,0.00544550,0.99975759,0.83688641
6,1597236935446579400,1597236935446523800,-0.93131655,-0.36376452,-0.01802650,0.22974861,0.36357784,-0.93147516,0.01284684,1.81492388,-0.02146447,0.00541045,0.99975502,0.83692861
6,1597236935455717900,1597236935455614800,-0.93128091,-0.36385629,-0.01801571,0.23100221,0.36366969,-0.93143934,0.01284477,1.81492579,-0.02145419,0.00541031,0.99975526,0.83700991
6,1597236935464549100,1597236935464498800,-0.93132037,-0.36374974,-0.01812607,0.23208416,0.36356643,-0.93148214,0.01266578,1.81489897,-0.02149129,0.00520588,0.99975550,0.83715248
6,1597236935473611500,1597236935473523100,-0.93133491,-0.36371002,-0.01817831,0.23328650,0.36352786,-0.93149811,0.01259654,1.81484222,-0.02151453,0.00512327,0.99975544,0.83725333
6,1597236935482647900,1597236935482487600,-0.93133676,-0.36369571,-0.01837069,0.23436344,0.36351395,-0.93150437,0.01253584,1.81475079,-0.02167159,0.00499709,0.99975270,0.83736134
6,1597236935491552900,1597236935491470900,-0.93132043,-0.36374685,-0.01818490,0.23549438,0.36356658,-0.93148416,0.01251023,1.81481647,-0.02148950,0.00503959,0.99975640,0.83752275
6,1597236935500351600,1597236935500272600,-0.93136179,-0.36364338,-0.01813084,0.23649228,0.36346516,-0.93152487,0.01242632,1.81493139,-0.02140805,0.00498348,0.99975842,0.83741760
6,1597236935509524200,1597236935509456900,-0.93139344,-0.36356136,-0.01815349,0.23759735,0.36338195,-0.93155664,0.01247575,1.81495857,-0.02144670,0.00502318,0.99975741,0.83745456
6,1597236935518460400,1597236935518370400,-0.93134910,-0.36368603,-0.01792935,0.23856485,0.36350527,-0.93150699,0.01259336,1.81495965,-0.02128130,0.00521140,0.99975991,0.83732581
6,1597236935527478800,1597236935527405600,-0.93134266,-0.36371771,-0.01762012,0.23989904,0.36353853,-0.93149394,0.01259563,1.81494308,-0.02099428,0.00532526,0.99976546,0.83731914
6,1597236935536233600,1597236935536155300,-0.93138236,-0.36362720,-0.01739037,0.24089277,0.36345014,-0.93152905,0.01255196,1.81491518,-0.02076384,0.00537015,0.99976999,0.83718681
6,1597236935545609600,1597236935545507600,-0.93136108,-0.36366272,-0.01777712,0.24196947,0.36348239,-0.93151563,0.01261087,1.81494486,-0.02114573,0.00528361,0.99976242,0.83729410
6,1597236935554332800,1597236935554251600,-0.93134767,-0.36369574,-0.01780534,0.24268126,0.36351535,-0.93150288,0.01260669,1.81503642,-0.02117068,0.00526871,0.99976200,0.83724999
6,1597236935563410800,1597236935563311900,-0.93136132,-0.36366695,-0.01768231,0.24393570,0.36348885,-0.93151426,0.01252764,1.81495726,-0.02102721,0.00524044,0.99976522,0.83724952
6,1597236935572223300,1597236935572154300,-0.93139184,-0.36359236,-0.01760629,0.24502170,0.36341393,-0.93154299,0.01256351,1.81488085,-0.02096903,0.00530317,0.99976611,0.83730626
6,1597236935581516300,1597236935581380400,-0.93138176,-0.36361125,-0.01774958,0.24623120,0.36343256,-0.93153608,0.01253828,1.81488216,-0.02109343,0.00522715,0.99976385,0.83731103
6,1597236935590164800,1597236935590124000,-0.93136644,-0.36365843,-0.01758614,0.24730432,0.36348265,-0.93151784,0.01243985,1.81487513,-0.02090567,0.00519381,0.99976796,0.83736420
6,1597236935599446000,1597236935599396100,-0.93133283,-0.36374456,-0.01758441,0.24855292,0.36356577,-0.93148345,0.01258596,1.81478512,-0.02095762,0.00532863,0.99976623,0.83728433
6,1597236935608159800,1597236935608076500,-0.93133575,-0.36374059,-0.01751325,0.24964392,0.36356544,-0.93148565,0.01242991,1.81472874,-0.02083457,0.00520924,0.99976939,0.83739972
6,1597236935617398100,1597236935617263700,-0.93134946,-0.36369497,-0.01772845,0.25091398,0.36352044,-0.93150437,0.01234741,1.81466794,-0.02100480,0.00505510,0.99976665,0.83741879
6,1597236935626223500,1597236935626107700,-0.93132395,-0.36376232,-0.01768658,0.25211287,0.36358711,-0.93147773,0.01239022,1.81472230,-0.02098176,0.00510868,0.99976683,0.83754396
6,1597236935635367200,1597236935635269200,-0.93133521,-0.36373883,-0.01757500,0.25328839,0.36356577,-0.93148708,0.01231395,1.81471229,-0.02084991,0.00507876,0.99976969,0.83755422
6,1597236935644083700,1597236935643932000,-0.93138534,-0.36360386,-0.01771289,0.25430000,0.36342719,-0.93153936,0.01245135,1.81477046,-0.02102759,0.00515966,0.99976563,0.83748293
6,1597236935653284400,1597236935653161100,-0.93132234,-0.36376771,-0.01766279,0.25546479,0.36358917,-0.93147475,0.01255578,1.81487906,-0.02101982,0.00527146,0.99976516,0.83755064
6,1597236935662119400,1597236935661979600,-0.93135750,-0.36367705,-0.01767403,0.25661409,0.36349922,-0.93151033,0.01251770,1.81487024,-0.02101591,0.00523397,0.99976546,0.83753872
6,1597236935671110100,1597236935671014200,-0.93138975,-0.36359906,-0.01757720,0.25770903,0.36342198,-0.93154067,0.01250480,1.81485176,-0.02092057,0.00525890,0.99976736,0.83757901
6,1597236935679954500,1597236935679826300,-0.93139005,-0.36358985,-0.01775122,0.25873005,0.36340913,-0.93154395,0.01263460,1.81484818,-0.02112985,0.00531679,0.99976265,0.83758736
6,1597236935689156800,1597236935689111000,-0.93138230,-0.36360806,-0.01778552,0.25984919,0.36343122,-0.93153787,0.01244346,1.81486869,-0.02109241,0.00512582,0.99976444,0.83770728
6,1597236935697934600,1597236935697804600,-0.93136680,-0.36365002,-0.01773697,0.26100183,0.36347088,-0.93152082,0.01256281,1.81481349,-0.02109084,0.00525372,0.99976385,0.83769226
6,1597236935707128800,1597236935707010500,-0.93139637,-0.36357751,-0.01767319,0.26211655,0.36340144,-0.93154961,0.01243309,1.81481230,-0.02098382,0.00515768,0.99976653,0.83778572
6,1597236935715853300,1597236935715761700,-0.93138337,-0.36360320,-0.01783168,0.26331413,0.36342701,-0.93154007,0.01239999,1.81483769,-0.02111959,0.00506863,0.99976408,0.83782244
6,1597236935725054800,1597236935724821400,-0.93134838,-0.36369205,-0.01784301,0.26442003,0.36351249,-0.93150461,0.01255752,1.81478071,-0.02118793,0.00520927,0.99976194,0.83787799
6,1597236935733778400,1597236935733731700,-0.93135083,-0.36368793,-0.01780349,0.26563382,0.36351255,-0.93150717,0.01236857,1.81469679,-0.02108234,0.00504768,0.99976504,0.83791375
6,1597236935742889100,1597236935742830500,-0.93137002,-0.36363459,-0.01788703,0.26678574,0.36345711,-0.93152773,0.01244747,1.81471932,-0.02118856,0.00509204,0.99976259,0.83800173
6,1597236935751768800,1597236935751587400,-0.93135405,-0.36366645,-0.01806799,0.26790178,0.36349007,-0.93151611,0.01235334,1.81474280,-0.02132308,0.00493781,0.99976045,0.83804512
6,1597236935760954800,1597236935760799500,-0.93132526,-0.36373684,-0.01813477,0.26904464,0.36356401,-0.93148965,0.01217331,1.81475675,-0.02132022,0.00474416,0.99976146,0.83808589
6,1597236935769352300,1597236935769289700,-0.93136716,-0.36363813,-0.01796305,0.27009690,0.36346489,-0.93152755,0.01223130,1.81480169,-0.02118084,0.00486290,0.99976385,0.83809781
6,1597236935778384000,1597236935778347200,-0.93138289,-0.36358628,-0.01819578,0.27121055,0.36341128,-0.93154812,0.01225900,1.81485593,-0.02140743,0.00480528,0.99975932,0.83809614
