5,1597236933785541600,1597236933785461600,-0.11344551,-0.99354291,0.00163242,0.02255690,-0.99251390,0.11325290,-0.04571588,1.81832504,0.04523582,-0.00680649,-0.99895328,1.20942187
5,1597236933794591400,1597236933794480700,-0.11338442,-0.99354970,0.00174755,0.02405393,-0.99251914,0.11318631,-0.04576715,1.81832528,0.04527414,-0.00692379,-0.99895072,1.21038890
5,1597236933803255000,1597236933803152800,-0.11335484,-0.99355304,0.00178730,0.02403963,-0.99250925,0.11315289,-0.04606315,1.81853223,0.04556396,-0.00699541,-0.99893701,1.20960522
5,1597236933812501800,1597236933812433300,-0.11331508,-0.99355787,0.00160691,0.02394235,-0.99251944,0.11312238,-0.04591801,1.81875122,0.04544043,-0.00679809,-0.99894398,1.20989394
5,1597236933821160300,1597236933821055600,-0.11329020,-0.99356085,0.00150493,0.02572310,-0.99252182,0.11310218,-0.04591591,1.81864631,0.04545005,-0.00669551,-0.99894428,1.20976925
5,1597236933830340500,1597236933830286300,-0.11325850,-0.99356461,0.00140688,0.02706158,-0.99252528,0.11307503,-0.04590841,1.81858087,0.04545390,-0.00659588,-0.99894476,1.20903754
5,1597236933839191900,1597236933839111000,-0.11331423,-0.99355841,0.00129160,0.02888370,-0.99252284,0.11313657,-0.04580894,1.81844687,0.04536774,-0.00647274,-0.99894947,1.20932841
5,1597236933848336000,1597236933848232900,-0.11326461,-0.99356443,0.00097254,0.03023100,-0.99252319,0.11310098,-0.04588993,1.81836379,0.04548462,-0.00616297,-0.99894613,1.20901299
5,1597236933857137600,1597236933857104900,-0.11329732,-0.99356067,0.00099367,0.03005135,-0.99251437,0.11313200,-0.04600331,1.81864655,0.04559467,-0.00619832,-0.99894083,1.20953321
5,1597236933866352200,1597236933866204900,-0.11320458,-0.99357110,0.00113994,0.03103626,-0.99253708,0.11303428,-0.04575356,1.81870770,0.04533057,-0.00631094,-0.99895221,1.20763683
5,1597236933875128400,1597236933875070000,-0.11326498,-0.99356425,0.00111243,0.03325343,-0.99253148,0.11309605,-0.04572185,1.81847906,0.04530179,-0.00628281,-0.99895370,1.20851493
5,1597236933884201600,1597236933884076300,-0.11321257,-0.99357021,0.00112939,0.03388786,-0.99253196,0.11304215,-0.04584495,1.81842840,0.04542251,-0.00631121,-0.99894798,1.20839143
5,1597236933893092400,1597236933892795500,-0.11317180,-0.99357474,0.00125235,0.03610909,-0.99254388,0.11299679,-0.04569788,1.81846189,0.04526275,-0.00641474,-0.99895459,1.20970321
5,1597236933902346400,1597236933902280400,-0.11320674,-0.99357086,0.00115365,0.03701580,-0.99254030,0.11303629,-0.04567837,1.81835508,0.04525430,-0.00631616,-0.99895561,1.20936513
5,1597236933911063500,1597236933910928500,-0.11313745,-0.99357885,0.00103939,0.03746915,-0.99254853,0.11297237,-0.04565826,1.81841922,0.04524767,-0.00619730,-0.99895662,1.20999074
5,1597236933920059000,1597236933920033200,-0.11312654,-0.99357998,0.00114590,0.03901911,-0.99254751,0.11295626,-0.04571920,1.81851304,0.04529625,-0.00630942,-0.99895370,1.21023560
5,1597236933929008000,1597236933928846100,-0.11306309,-0.99358702,0.00128803,0.04155219,-0.99255955,0.11288702,-0.04562916,1.81830716,0.04519115,-0.00643748,-0.99895769,1.21017218
5,1597236933938085400,1597236933937990600,-0.11303873,-0.99358994,0.00119284,0.04226410,-0.99256068,0.11286683,-0.04565389,1.81834424,0.04522663,-0.00634462,-0.99895662,1.20974326
5,1597236933946975400,1597236933946835900,-0.11296779,-0.99359810,0.00105998,0.04367626,-0.99256331,0.11280131,-0.04575955,1.81827378,0.04534705,-0.00622147,-0.99895203,1.20951080
5,1597236933955870300,1597236933955813300,-0.11294606,-0.99360061,0.00103012,0.04485106,-0.99256396,0.11278075,-0.04579501,1.81826878,0.04538579,-0.00619480,-0.99895042,1.20895839
5,1597236933964742600,1597236933964700100,-0.11282638,-0.99361414,0.00109774,0.04705536,-0.99259073,0.11265989,-0.04551255,1.81825948,0.04509825,-0.00622457,-0.99896324,1.20944095
5,1597236933973950800,1597236933973888200,-0.11285487,-0.99361092,0.00110230,0.04819381,-0.99258089,0.11268723,-0.04565843,1.81826699,0.04524250,-0.00624689,-0.99895656,1.20906377
5,1597236933983091800,1597236933982763500,-0.11285362,-0.99361086,0.00121146,0.04716504,-0.99257958,0.11268075,-0.04570289,1.81820214,0.04527440,-0.00636020,-0.99895442,1.20761013
5,1597236933992018500,1597236933991788500,-0.11269341,-0.99362916,0.00119460,0.04812562,-0.99260026,0.11252186,-0.04564527,1.81857944,0.04522006,-0.00632969,-0.99895710,1.21026230
5,1597236934000672300,1597236934000619000,-0.11298172,-0.99359626,0.00133124,0.04892123,-0.99256378,0.11280303,-0.04574431,1.81862330,0.04530121,-0.00648963,-0.99895239,1.20986056
5,1597236934009826100,1597236934009779300,-0.11289141,-0.99360669,0.00117689,0.04978490,-0.99257702,0.11272033,-0.04566158,1.81869686,0.04523700,-0.00632298,-0.99895632,1.21013594
5,1597236934018649300,1597236934018589700,-0.11280878,-0.99361610,0.00114781,0.05006647,-0.99258685,0.11263919,-0.04564828,1.81876481,0.04522758,-0.00628883,-0.99895698,1.21032834
5,1597236934027809400,1597236934027764000,-0.11280452,-0.99361646,0.00125861,0.05195081,-0.99258959,0.11263017,-0.04561066,1.81867051,0.04517775,-0.00639439,-0.99895859,1.21043634
5,1597236934036619800,1597236934036551500,-0.11300151,-0.99359393,0.00135049,0.05332506,-0.99256468,0.11282237,-0.04567695,1.81851506,0.04523199,-0.00650200,-0.99895537,1.21119547
5,1597236934045711500,1597236934045650200,-0.11291557,-0.99360365,0.00139400,0.05554748,-0.99256575,0.11273326,-0.04587397,1.81859124,0.04542340,-0.00656354,-0.99894637,1.21130824
5,1597236934054499800,1597236934054435100,-0.11284594,-0.99361175,0.00129512,0.05695069,-0.99257970,0.11266913,-0.04572905,1.81841087,0.04529101,-0.00644588,-0.99895310,1.21122193
5,1597236934063691600,1597236934063566400,-0.11293661,-0.99360144,0.00125185,0.05851150,-0.99257416,0.11276238,-0.04561913,1.81835389,0.04518608,-0.00639465,-0.99895823,1.21013951
5,1597236934072617400,1597236934072535300,-0.11286551,-0.99360949,0.00129172,0.06038404,-0.99256980,0.11268774,-0.04589847,1.81829107,0.04545960,-0.00646251,-0.99894536,1.20995617
5,1597236934081761600,1597236934081674400,-0.11286096,-0.99360979,0.00148499,0.05960214,-0.99257356,0.11267474,-0.04584841,1.81820476,0.04538811,-0.00664845,-0.99894738,1.21001267
5,1597236934090470300,1597236934090391700,-0.11280414,-0.99361610,0.00152600,0.06063032,-0.99257857,0.11261588,-0.04588505,1.81854010,0.04542028,-0.00669071,-0.99894565,1.21119142
5,1597236934099627100,1597236934099516000,-0.11280603,-0.99361598,0.00145233,0.06121075,-0.99257988,0.11262140,-0.04584303,1.81862843,0.04538681,-0.00661296,-0.99894768,1.21155381
5,1597236934108385600,1597236934108300700,-0.11281314,-0.99361503,0.00154766,0.06041813,-0.99258035,0.11262428,-0.04582587,1.81887794,0.04535898,-0.00670597,-0.99894834,1.21052670
5,1597236934117589800,1597236934117486000,-0.11273358,-0.99362385,0.00169480,0.06108987,-0.99258024,0.11253664,-0.04604296,1.81921339,0.04555866,-0.00687283,-0.99893808,1.21287251
5,1597236934126292000,1597236934126238200,-0.11276072,-0.99362057,0.00182876,0.06208456,-0.99258745,0.11255912,-0.04583252,1.81892419,0.04533430,-0.00698331,-0.99894756,1.20978856
5,1597236934135410100,1597236934135375500,-0.11291464,-0.99360275,0.00199500,0.06345391,-0.99257565,0.11270612,-0.04572564,1.81868684,0.04520828,-0.00714332,-0.99895215,1.21138954
5,1597236934144452600,1597236934144356500,-0.11283175,-0.99361205,0.00201991,0.06535065,-0.99257791,0.11262104,-0.04588587,1.81907356,0.04536528,-0.00718230,-0.99894470,1.21206546
5,1597236934153444600,1597236934153331900,-0.11279606,-0.99361604,0.00206396,0.06544745,-0.99258828,0.11258435,-0.04575200,1.81906605,0.04522756,-0.00720930,-0.99895078,1.21170163
5,1597236934162271900,1597236934162182800,-0.11285101,-0.99360973,0.00210652,0.06792295,-0.99258667,0.11263803,-0.04565450,1.81884873,0.04512549,-0.00724307,-0.99895513,1.20908380
5,1597236934171565500,1597236934171487100,-0.11294898,-0.99359858,0.00212324,0.07075644,-0.99257737,0.11273541,-0.04561599,1.81836700,0.04508463,-0.00725979,-0.99895686,1.21071458
5,1597236934180286200,1597236934180149200,-0.11294045,-0.99359941,0.00217307,0.07337713,-0.99257410,0.11272392,-0.04571527,1.81827068,0.04517772,-0.00732002,-0.99895221,1.21077371
5,1597236934189430600,1597236934189285100,-0.11290193,-0.99360389,0.00212735,0.07408917,-0.99258685,0.11268888,-0.04552484,1.81835687,0.04499394,-0.00725144,-0.99896097,1.21067858
5,1597236934198305800,1597236934198139400,-0.11281746,-0.99361300,0.00235826,0.07629108,-0.99259824,0.11259423,-0.04551025,1.81824434,0.04495406,-0.00747517,-0.99896121,1.21119523
5,1597236934207472100,1597236934207437700,-0.11276873,-0.99361813,0.00251803,0.07668233,-0.99260300,0.11253811,-0.04554538,1.81797159,0.04497135,-0.00763550,-0.99895918,1.21136141
5,1597236934216198400,1597236934216056300,-0.11278062,-0.99361724,0.00232425,0.07810831,-0.99261087,0.11256038,-0.04531902,1.81788492,0.04476815,-0.00741819,-0.99896991,1.21142292
5,1597236934225393600,1597236934225301600,-0.11267574,-0.99362886,0.00243294,0.08002746,-0.99261189,0.11244883,-0.04557230,1.81800365,0.04500838,-0.00754985,-0.99895817,1.21229410
5,1597236934234181500,1597236934233998500,-0.11269204,-0.99362695,0.00244933,0.08195698,-0.99260890,0.11246417,-0.04560002,1.81792068,0.04503396,-0.00757000,-0.99895686,1.21254349
5,1597236934243202700,1597236934243121900,-0.11261439,-0.99363571,0.00248528,0.08191025,-0.99261576,0.11238462,-0.04564637,1.81829500,0.04507657,-0.00760737,-0.99895465,1.21111774
5,1597236934251975500,1597236934251917200,-0.11253148,-0.99364501,0.00251538,0.08221006,-0.99263537,0.11230214,-0.04542320,1.81825769,0.04485207,-0.00760841,-0.99896473,1.21076226
5,1597236934261214200,1597236934261140100,-0.11248488,-0.99364972,0.00274828,0.08289278,-0.99263889,0.11224464,-0.04548833,1.81832397,0.04489099,-0.00784481,-0.99896115,1.21190524
5,1597236934270037300,1597236934269944600,-0.11262745,-0.99363422,0.00249851,0.08413851,-0.99261570,0.11239729,-0.04561628,1.81834924,0.04504509,-0.00761771,-0.99895597,1.21082783
5,1597236934279218300,1597236934279096900,-0.11264973,-0.99363089,0.00280160,0.08480120,-0.99261475,0.11240591,-0.04561558,1.81845915,0.04501014,-0.00791952,-0.99895519,1.21161199
5,1597236934288115000,1597236934288042700,-0.11263470,-0.99363214,0.00294152,0.08786094,-0.99261516,0.11238424,-0.04566037,1.81820250,0.04503904,-0.00806272,-0.99895281,1.21237350
5,1597236934297073700,1597236934296975400,-0.11253147,-0.99364358,0.00301269,0.08675897,-0.99263209,0.11227879,-0.04555230,1.81848073,0.04492450,-0.00811657,-0.99895751,1.21124673
5,1597236934305953700,1597236934305834800,-0.11255071,-0.99364167,0.00293085,0.08833957,-0.99262780,0.11230140,-0.04558894,1.81847644,0.04496994,-0.00804034,-0.99895608,1.21245599
5,1597236934315028400,1597236934314967900,-0.11253276,-0.99364394,0.00285926,0.08877611,-0.99262583,0.11228603,-0.04567039,1.81864595,0.04505906,-0.00797760,-0.99895251,1.21304655
5,1597236934323815900,1597236934323732500,-0.11244924,-0.99365276,0.00307932,0.08922744,-0.99264139,0.11219360,-0.04555889,1.81856537,0.04492425,-0.00817972,-0.99895698,1.21308160
5,1597236934333032800,1597236934332981800,-0.11250253,-0.99364603,0.00329229,0.09159541,-0.99264598,0.11223906,-0.04534631,1.81842244,0.04468867,-0.00836962,-0.99896598,1.21228671
5,1597236934341785800,1597236934341651700,-0.11232550,-0.99366629,0.00323793,0.09207368,-0.99265051,0.11206181,-0.04568407,1.81846368,0.04503188,-0.00834560,-0.99895078,1.21295285
5,1597236934350854400,1597236934350787000,-0.11224216,-0.99367559,0.00326911,0.09501600,-0.99266362,0.11197782,-0.04560556,1.81836855,0.04495107,-0.00836399,-0.99895424,1.21352935
5,1597236934359687700,1597236934359628300,-0.11228014,-0.99367160,0.00317407,0.09764814,-0.99266136,0.11202049,-0.04554941,1.81816745,0.04490560,-0.00826508,-0.99895716,1.21382952
5,1597236934368937000,1597236934368833100,-0.11223771,-0.99367654,0.00310636,0.10186493,-0.99266440,0.11198090,-0.04558050,1.81788111,0.04494444,-0.00819939,-0.99895591,1.21320605
5,1597236934377779700,1597236934377697600,-0.11224032,-0.99367738,0.00275514,0.10039294,-0.99265993,0.11199888,-0.04563390,1.81816363,0.04503681,-0.00785688,-0.99895453,1.21166754
5,1597236934387073700,1597236934386838700,-0.11223079,-0.99367821,0.00282651,0.10214615,-0.99266231,0.11198632,-0.04561267,1.81759930,0.04500779,-0.00792494,-0.99895531,1.21106052
5,1597236934395627400,1597236934395528400,-0.11216871,-0.99368387,0.00326413,0.10327923,-0.99268550,0.11190719,-0.04530192,1.81800056,0.04465052,-0.00832170,-0.99896812,1.21287847
5,1597236934404829200,1597236934404703600,-0.11217342,-0.99368441,0.00293279,0.10480881,-0.99267399,0.11192504,-0.04550973,1.81800389,0.04489407,-0.00801629,-0.99895966,1.21370149
5,1597236934413577000,1597236934413543100,-0.11191983,-0.99371284,0.00297916,0.10295844,-0.99269503,0.11166825,-0.04568025,1.81839085,0.04506038,-0.00806993,-0.99895173,1.21255350
5,1597236934422752800,1597236934422706200,-0.11184452,-0.99372083,0.00314742,0.10320485,-0.99269813,0.11158431,-0.04581785,1.81859398,0.04517896,-0.00824890,-0.99894488,1.21490908
5,1597236934431519700,1597236934431470200,-0.11179586,-0.99372607,0.00321567,0.10488713,-0.99272174,0.11153588,-0.04542367,1.81847334,0.04478003,-0.00827044,-0.99896276,1.21337509
5,1597236934440600000,1597236934440575900,-0.11187516,-0.99371761,0.00305188,0.10420144,-0.99270254,0.11162073,-0.04563344,1.81899714,0.04500611,-0.00813490,-0.99895364,1.21273899
5,1597236934449475400,1597236934449387300,-0.11178198,-0.99372768,0.00321335,0.10490465,-0.99271220,0.11152007,-0.04567002,1.81920290,0.04502521,-0.00829506,-0.99895149,1.21308017
5,1597236934458567300,1597236934458504100,-0.11170632,-0.99373579,0.00330713,0.10737121,-0.99273163,0.11144222,-0.04543711,1.81882787,0.04478394,-0.00835872,-0.99896181,1.21300244
5,1597236934467588100,1597236934467482600,-0.11172845,-0.99373418,0.00303724,0.10992515,-0.99272239,0.11147546,-0.04555666,1.81859171,0.04493264,-0.00810513,-0.99895722,1.21084833
5,1597236934476552400,1597236934476489400,-0.11175753,-0.99373090,0.00303584,0.11161804,-0.99272567,0.11150575,-0.04541072,1.81826746,0.04478754,-0.00808877,-0.99896389,1.21209216
5,1597236934485423100,1597236934485331800,-0.11177629,-0.99372852,0.00313869,0.11380565,-0.99272978,0.11152093,-0.04528359,1.81806576,0.04464957,-0.00817752,-0.99896932,1.21142602
5,1597236934494987700,1597236934494855700,-0.11161788,-0.99374640,0.00312644,0.11346853,-0.99273783,0.11136145,-0.04549946,1.81829846,0.04486677,-0.00818229,-0.99895954,1.21230650
5,1597236934503399800,1597236934503346700,-0.11154952,-0.99375325,0.00336418,0.11461258,-0.99276108,0.11128520,-0.04517794,1.81842542,0.04452135,-0.00837940,-0.99897337,1.21225500
5,1597236934512451500,1597236934512391500,-0.11162902,-0.99374419,0.00340658,0.11517513,-0.99274498,0.11136135,-0.04534315,1.81815624,0.04468014,-0.00844350,-0.99896574,1.21202540
5,1597236934521453100,1597236934521317500,-0.11158656,-0.99374974,0.00315091,0.11631680,-0.99274278,0.11132932,-0.04547044,1.81833100,0.04483546,-0.00820193,-0.99896085,1.21256804
5,1597236934530454000,1597236934530324600,-0.11147022,-0.99376255,0.00323752,0.11914063,-0.99275941,0.11120979,-0.04539963,1.81811523,0.04475642,-0.00827479,-0.99896371,1.21295023
5,1597236934539473700,1597236934539280200,-0.11170299,-0.99373579,0.00342387,0.11977243,-0.99274862,0.11143671,-0.04507748,1.81831443,0.04441357,-0.00843433,-0.99897766,1.21214509
5,1597236934548428000,1597236934548355700,-0.11163147,-0.99374521,0.00300646,0.12026799,-0.99274933,0.11138288,-0.04519491,1.81813192,0.04457737,-0.00802985,-0.99897373,1.21215534
5,1597236934557206600,1597236934557150300,-0.11165529,-0.99374247,0.00302455,0.12139940,-0.99274337,0.11140526,-0.04526990,1.81801724,0.04464968,-0.00805727,-0.99897027,1.21160197
5,1597236934566324300,1597236934566231600,-0.11153109,-0.99375457,0.00358042,0.12435448,-0.99276531,0.11125737,-0.04515329,1.81782234,0.04447294,-0.00859052,-0.99897373,1.21313143
5,1597236934575130600,1597236934575031400,-0.11153685,-0.99375433,0.00347188,0.12278819,-0.99276680,0.11126848,-0.04509318,1.81800842,0.04442523,-0.00847632,-0.99897683,1.21161962
5,1597236934584483800,1597236934584354600,-0.11152716,-0.99375618,0.00323957,0.12305379,-0.99276745,0.11126925,-0.04507621,1.81793284,0.04443431,-0.00824338,-0.99897838,1.21116328
5,1597236934593190600,1597236934593073500,-0.11137527,-0.99377310,0.00326610,0.12573636,-0.99278337,0.11111610,-0.04510432,1.81788445,0.04446055,-0.00826606,-0.99897707,1.21372557
5,1597236934602276000,1597236934602146000,-0.11119875,-0.99379313,0.00319463,0.12468195,-0.99279374,0.11094130,-0.04530540,1.81837511,0.04466979,-0.00820950,-0.99896812,1.21316838
5,1597236934611183800,1597236934611046400,-0.11123469,-0.99378902,0.00319338,0.12480235,-0.99279195,0.11097766,-0.04525593,1.81850076,0.04462047,-0.00820443,-0.99897039,1.21293736
5,1597236934620214900,1597236934620154000,-0.11116135,-0.99379563,0.00368264,0.12411594,-0.99281871,0.11088572,-0.04489226,1.81865740,0.04420539,-0.00864652,-0.99898511,1.21329856
5,1597236934629151700,1597236934629059600,-0.11120120,-0.99379158,0.00356105,0.12451732,-0.99280268,0.11092880,-0.04513990,1.81865346,0.04446464,-0.00855505,-0.99897444,1.21068263
5,1597236934638314600,1597236934638222800,-0.11131867,-0.99377859,0.00352255,0.12696385,-0.99279761,0.11104944,-0.04495402,1.81824291,0.04428318,-0.00850141,-0.99898291,1.21259189
5,1597236934646928500,1597236934646851900,-0.11121134,-0.99379021,0.00362983,0.12975287,-0.99280721,0.11093691,-0.04501973,1.81860077,0.04433749,-0.00861043,-0.99897957,1.21270299
5,1597236934656141300,1597236934656034500,-0.11120488,-0.99379063,0.00370803,0.13057303,-0.99280542,0.11092642,-0.04508508,1.81846929,0.04439382,-0.00869501,-0.99897635,1.21247196
5,1597236934664944500,1597236934664832600,-0.11115696,-0.99379593,0.00373253,0.13423884,-0.99281752,0.11087875,-0.04493620,1.81806839,0.04424356,-0.00870070,-0.99898297,1.21092057
5,1597236934674014300,1597236934673911100,-0.11123170,-0.99378753,0.00374910,0.13674736,-0.99280721,0.11095228,-0.04498255,1.81777930,0.04428713,-0.00872561,-0.99898082,1.21248007
5,1597236934682857400,1597236934682791000,-0.11119150,-0.99379146,0.00387946,0.13813353,-0.99282348,0.11090859,-0.04473050,1.81748414,0.04402253,-0.00882527,-0.99899161,1.21188068
5,1597236934692030500,1597236934691943400,-0.11121105,-0.99378985,0.00373575,0.13963854,-0.99281293,0.11093294,-0.04490307,1.81770444,0.04420981,-0.00870264,-0.99898440,1.21283841
5,1597236934700826400,1597236934700752900,-0.11097269,-0.99381584,0.00390843,0.13827431,-0.99283826,0.11068675,-0.04495062,1.81830859,0.04424004,-0.00886872,-0.99898160,1.21316075
5,1597236934709851000,1597236934709791400,-0.11098251,-0.99381441,0.00398526,0.13895118,-0.99283552,0.11069275,-0.04499662,1.81837857,0.04427717,-0.00895053,-0.99897927,1.21365380
5,1597236934718803400,1597236934718698300,-0.11089269,-0.99382412,0.00406337,0.13946748,-0.99285209,0.11060083,-0.04485646,1.81840718,0.04413002,-0.00900862,-0.99898529,1.21369267
5,1597236934727749400,1597236934727705000,-0.11087805,-0.99382490,0.00427318,0.14096272,-0.99284983,0.11057592,-0.04496789,1.81829846,0.04421770,-0.00922862,-0.99897933,1.21264815
5,1597236934736740600,1597236934736670400,-0.11069774,-0.99384558,0.00413385,0.14143264,-0.99287057,0.11040223,-0.04493669,1.81839728,0.04420375,-0.00907874,-0.99898136,1.21181583
5,1597236934745805200,1597236934745772100,-0.11069806,-0.99384576,0.00407985,0.14316201,-0.99285018,0.11040085,-0.04538848,1.81838071,0.04465874,-0.00907511,-0.99896109,1.21198893
5,1597236934754686200,1597236934754637000,-0.11064050,-0.99385118,0.00430316,0.14511573,-0.99286932,0.11033581,-0.04512706,1.81825995,0.04437480,-0.00926536,-0.99897206,1.21245146
5,1597236934763501900,1597236934763405300,-0.11055210,-0.99386030,0.00447753,0.14519811,-0.99287510,0.11023871,-0.04523699,1.81842136,0.04446565,-0.00944668,-0.99896634,1.21137309
5,1597236934772338300,1597236934772285200,-0.11062712,-0.99385238,0.00438303,0.14861381,-0.99287426,0.11031954,-0.04505818,1.81802583,0.04429766,-0.00933644,-0.99897480,1.21331191
5,1597236934781392000,1597236934781306400,-0.11067867,-0.99384665,0.00437188,0.14987373,-0.99286544,0.11037088,-0.04512724,1.81785727,0.04436704,-0.00933528,-0.99897176,1.21384716
5,1597236934790198300,1597236934790161100,-0.11057925,-0.99385697,0.00454909,0.15097260,-0.99288094,0.11026447,-0.04504570,1.81796288,0.04426739,-0.00949782,-0.99897468,1.21411777
5,1597236934799472800,1597236934799316900,-0.11052800,-0.99386269,0.00453454,0.15071213,-0.99288523,0.11021362,-0.04507636,1.81827688,0.04429995,-0.00948450,-0.99897331,1.21376038
5,1597236934808193400,1597236934808140200,-0.11057359,-0.99385715,0.00463411,0.15176606,-0.99287409,0.11025334,-0.04522407,1.81826055,0.04443535,-0.00960168,-0.99896622,1.21429849
5,1597236934817443900,1597236934817357200,-0.11049816,-0.99386543,0.00466302,0.15218258,-0.99289089,0.11017851,-0.04503682,1.81831479,0.04424679,-0.00960633,-0.99897456,1.21549320
5,1597236934826125400,1597236934826095500,-0.11053809,-0.99386066,0.00473720,0.15383673,-0.99287230,0.11021193,-0.04536369,1.81803739,0.04456310,-0.00971785,-0.99895942,1.21358490
5,1597236934835313900,1597236934835228200,-0.11021882,-0.99389583,0.00479099,0.15455568,-0.99291754,0.10989270,-0.04514750,1.81811130,0.04434543,-0.00973317,-0.99896896,1.21394753
5,1597236934844148300,1597236934844048700,-0.11029150,-0.99388897,0.00453267,0.15689981,-0.99291158,0.10997748,-0.04507256,1.81830430,0.04429864,-0.00947165,-0.99897349,1.21315813
5,1597236934853415100,1597236934853324200,-0.11019831,-0.99389756,0.00490579,0.15966237,-0.99291748,0.10986648,-0.04521284,1.81797588,0.04439795,-0.00985342,-0.99896538,1.21478653
5,1597236934862208400,1597236934862123800,-0.11019605,-0.99389786,0.00489894,0.15953028,-0.99291795,0.10986459,-0.04520681,1.81814218,0.04439275,-0.00984585,-0.99896574,1.21293068
5,1597236934871259000,1597236934871160400,-0.11004634,-0.99391460,0.00486603,0.16143119,-0.99291915,0.10971314,-0.04554698,1.81813622,0.04473595,-0.00984386,-0.99895036,1.21268296
5,1597236934880084100,1597236934879987000,-0.11004678,-0.99391490,0.00479141,0.16117799,-0.99292868,0.10971910,-0.04532427,1.81837273,0.04452277,-0.00974530,-0.99896097,1.21355391
5,1597236934889216600,1597236934889132200,-0.10998367,-0.99392205,0.00475946,0.16351128,-0.99293286,0.10965689,-0.04538346,1.81821597,0.04458573,-0.00971732,-0.99895835,1.21304798
5,1597236934898023700,1597236934897927200,-0.10996709,-0.99392307,0.00491944,0.16375756,-0.99293286,0.10963261,-0.04544278,1.81845784,0.04462731,-0.00988191,-0.99895489,1.21342731
5,1597236934907150900,1597236934907115600,-0.11000140,-0.99392033,0.00471726,0.16463578,-0.99293190,0.10967675,-0.04535581,1.81859803,0.04456269,-0.00967312,-0.99895984,1.21382403
5,1597236934916002700,1597236934915924800,-0.10997041,-0.99392408,0.00463498,0.16461205,-0.99293721,0.10964995,-0.04530513,1.81856060,0.04452164,-0.00958449,-0.99896252,1.21435618
5,1597236934925118600,1597236934925022400,-0.10993274,-0.99392873,0.00453711,0.16491437,-0.99294287,0.10961710,-0.04526016,1.81863403,0.04448804,-0.00948068,-0.99896502,1.21502829
5,1597236934933915800,1597236934933834200,-0.10995453,-0.99392557,0.00469553,0.16776502,-0.99293852,0.10963123,-0.04532116,1.81847501,0.04453109,-0.00964564,-0.99896151,1.21419597
5,1597236934943049400,1597236934943015400,-0.10987116,-0.99393702,0.00419605,0.16858304,-0.99294037,0.10956919,-0.04543083,1.81844449,0.04469564,-0.00915793,-0.99895871,1.21368933
5,1597236934951793500,1597236934951743400,-0.10976800,-0.99394554,0.00483140,0.17223728,-0.99295038,0.10943679,-0.04553125,1.81811285,0.04472686,-0.00979522,-0.99895132,1.21300650
5,1597236934961016800,1597236934960985000,-0.10987876,-0.99393618,0.00420889,0.17338133,-0.99294084,0.10957646,-0.04540318,1.81811631,0.04466668,-0.00916797,-0.99895990,1.21301270
5,1597236934969796600,1597236934969742700,-0.10972917,-0.99395317,0.00408489,0.17867494,-0.99295068,0.10943135,-0.04553830,1.81782579,0.04481593,-0.00905299,-0.99895430,1.21299696
5,1597236934978843000,1597236934978785200,-0.10957345,-0.99397129,0.00384912,0.17638671,-0.99297076,0.10928717,-0.04544613,1.81780517,0.04475150,-0.00880176,-0.99895948,1.21510220
5,1597236934987758500,1597236934987714600,-0.10960714,-0.99396753,0.00387567,0.17777574,-0.99297249,0.10932069,-0.04532713,1.81779563,0.04463001,-0.00881663,-0.99896479,1.21347404
5,1597236934996949400,1597236934996817300,-0.10952811,-0.99397486,0.00419378,0.17785311,-0.99297303,0.10922556,-0.04554458,1.81805825,0.04481211,-0.00915274,-0.99895352,1.21507692
5,1597236935005687800,1597236935005587300,-0.10939108,-0.99399066,0.00402498,0.17638683,-0.99297327,0.10909344,-0.04585445,1.81860149,0.04513980,-0.00901282,-0.99894011,1.21366215
5,1597236935015004900,1597236935014881500,-0.10937474,-0.99399287,0.00392455,0.17732942,-0.99299133,0.10908496,-0.04548258,1.81851435,0.04478125,-0.00887170,-0.99895751,1.21409106
5,1597236935023664300,1597236935023540600,-0.10936884,-0.99399394,0.00381151,0.17692220,-0.99298048,0.10908199,-0.04572587,1.81861830,0.04503548,-0.00878575,-0.99894685,1.21389627
5,1597236935032817500,1597236935032686200,-0.10934567,-0.99399662,0.00379664,0.17839742,-0.99299031,0.10906094,-0.04556212,1.81849921,0.04487454,-0.00875205,-0.99895442,1.21301913
5,1597236935041750500,1597236935041598400,-0.10935584,-0.99399388,0.00418568,0.17907763,-0.99298882,0.10905319,-0.04561287,1.81846428,0.04488247,-0.00914437,-0.99895048,1.21402001
5,1597236935050651000,1597236935050622900,-0.10935957,-0.99399513,0.00377902,0.17872441,-0.99299580,0.10907701,-0.04540432,1.81867242,0.04471948,-0.00871792,-0.99896157,1.21231508
5,1597236935059463100,1597236935059425500,-0.10928866,-0.99400187,0.00405550,0.18123162,-0.99299067,0.10899094,-0.04572155,1.81849205,0.04500531,-0.00902390,-0.99894607,1.21204495
5,1597236935068708100,1597236935068672600,-0.10932574,-0.99399835,0.00391608,0.18462884,-0.99299151,0.10903537,-0.04559769,1.81800628,0.04489705,-0.00887367,-0.99895233,1.21266484
5,1597236935077442500,1597236935077398100,-0.10925231,-0.99400592,0.00403509,0.18509805,-0.99300116,0.10895688,-0.04557507,1.81845820,0.04486225,-0.00898606,-0.99895287,1.21286559
5,1597236935086627000,1597236935086570600,-0.10924060,-0.99400729,0.00402233,0.18725169,-0.99298984,0.10894325,-0.04585252,1.81818950,0.04513954,-0.00900307,-0.99894023,1.21243906
5,1597236935095574100,1597236935095413200,-0.10915225,-0.99401498,0.00447932,0.18765855,-0.99300402,0.10883483,-0.04580313,1.81827080,0.04504151,-0.00944752,-0.99894053,1.21218204
5,1597236935104558400,1597236935104456600,-0.10920996,-0.99400920,0.00436670,0.19079912,-0.99300617,0.10889943,-0.04560285,1.81790614,0.04485413,-0.00931644,-0.99895012,1.21312857
5,1597236935113504100,1597236935113358400,-0.10918420,-0.99401271,0.00420159,0.19057214,-0.99300551,0.10888055,-0.04566241,1.81795037,0.04493156,-0.00915787,-0.99894816,1.21308064
5,1597236935122592400,1597236935122446300,-0.10913772,-0.99401653,0.00448745,0.19222534,-0.99301547,0.10882202,-0.04558493,1.81776834,0.04482385,-0.00943112,-0.99895048,1.21431351
5,1597236935131274500,1597236935131224200,-0.10914504,-0.99401551,0.00454736,0.19442141,-0.99301142,0.10882589,-0.04566379,1.81784248,0.04489565,-0.00949958,-0.99894655,1.21512270
5,1597236935140447400,1597236935140383400,-0.10915779,-0.99401385,0.00460064,0.19237292,-0.99300742,0.10883563,-0.04572767,1.81823874,0.04495323,-0.00955999,-0.99894339,1.21508861
5,1597236935149357700,1597236935149226400,-0.10905401,-0.99402475,0.00469798,0.19491041,-0.99302065,0.10872787,-0.04569631,1.81819105,0.04491248,-0.00964853,-0.99894440,1.21479702
5,1597236935158452100,1597236935158411400,-0.10905382,-0.99402547,0.00455767,0.19573760,-0.99301666,0.10873328,-0.04577009,1.81819320,0.04500108,-0.00951722,-0.99894172,1.21597743
5,1597236935167337100,1597236935167196200,-0.10900744,-0.99402964,0.00474894,0.19581842,-0.99302417,0.10867867,-0.04573693,1.81817663,0.04494777,-0.00970149,-0.99894232,1.21411824
5,1597236935176355700,1597236935176257900,-0.10896646,-0.99403381,0.00482035,0.19777751,-0.99303097,0.10863496,-0.04569313,1.81814826,0.04489687,-0.00976577,-0.99894398,1.21457124
5,1597236935185205000,1597236935185175300,-0.10903698,-0.99402606,0.00482723,0.19958758,-0.99302292,0.10870501,-0.04570172,1.81813014,0.04490396,-0.00977674,-0.99894357,1.21523571
5,1597236935195137800,1597236935195080100,-0.10899184,-0.99403006,0.00500488,0.20211971,-0.99302524,0.10865118,-0.04577886,1.81789517,0.04496179,-0.00995949,-0.99893916,1.21433878
5,1597236935204450100,1597236935204379600,-0.10904251,-0.99402523,0.00485075,0.20224571,-0.99302924,0.10871097,-0.04555008,1.81806731,0.04475061,-0.00978386,-0.99895036,1.21364784
5,1597236935213307300,1597236935213066300,-0.10906662,-0.99402153,0.00508681,0.20288157,-0.99303484,0.10872607,-0.04539233,1.81824386,0.04456789,-0.01000217,-0.99895638,1.21350169
5,1597236935222364900,1597236935222279900,-0.10893753,-0.99403590,0.00503621,0.20293725,-0.99303871,0.10859714,-0.04561527,1.81834400,0.04479631,-0.00997034,-0.99894649,1.21353936
5,1597236935231251100,1597236935231103800,-0.10890112,-0.99403930,0.00515708,0.20347559,-0.99304366,0.10855544,-0.04560661,1.81829369,0.04477493,-0.01008782,-0.99894625,1.21293306
5,1597236935240214800,1597236935240155200,-0.10889038,-0.99404085,0.00507656,0.20361459,-0.99304360,0.10854813,-0.04562504,1.81847668,0.04480211,-0.01000938,-0.99894583,1.21354699
5,1597236935249027800,1597236935248968600,-0.10887621,-0.99404144,0.00526622,0.20597219,-0.99304259,0.10852467,-0.04570350,1.81840730,0.04485966,-0.01020563,-0.99894124,1.21373129
5,1597236935258229800,1597236935258126100,-0.10881054,-0.99404788,0.00540054,0.20788300,-0.99305874,0.10845498,-0.04551657,1.81837308,0.04465995,-0.01031572,-0.99894905,1.21436143
5,1597236935267013600,1597236935266987500,-0.10879207,-0.99404961,0.00545558,0.21074533,-0.99306577,0.10843517,-0.04541124,1.81802166,0.04454946,-0.01035812,-0.99895358,1.21443629
5,1597236935276249700,1597236935276089400,-0.10871917,-0.99405771,0.00543815,0.21259141,-0.99307895,0.10836436,-0.04529097,1.81796372,0.04443254,-0.01032451,-0.99895918,1.21518731
5,1597236935284930900,1597236935284867900,-0.10874824,-0.99405336,0.00564280,0.21368742,-0.99307877,0.10838479,-0.04524642,1.81802487,0.04436577,-0.01052421,-0.99896002,1.21478224
5,1597236935294155700,1597236935294104700,-0.10868853,-0.99406087,0.00547072,0.21579182,-0.99307698,0.10833102,-0.04541489,1.81798577,0.04455252,-0.01036894,-0.99895328,1.21513104
5,1597236935302892100,1597236935302759500,-0.10869258,-0.99405992,0.00556272,0.21661925,-0.99307215,0.10832984,-0.04552243,1.81816411,0.04464943,-0.01047212,-0.99894786,1.21423054
5,1597236935312108100,1597236935312044800,-0.10869497,-0.99406016,0.00547338,0.21802449,-0.99307895,0.10833796,-0.04535476,1.81786048,0.04449239,-0.01036534,-0.99895602,1.21433258
5,1597236935321036300,1597236935320791500,-0.10861877,-0.99406880,0.00540957,0.21773195,-0.99308312,0.10826378,-0.04544034,1.81806886,0.04458517,-0.01030785,-0.99895251,1.21449685
5,1597236935330062100,1597236935330006000,-0.10860331,-0.99406976,0.00553775,0.22204375,-0.99309576,0.10824506,-0.04520818,1.81774974,0.04434066,-0.01040930,-0.99896228,1.21599317
5,1597236935338882000,1597236935338731800,-0.10863945,-0.99406576,0.00555262,0.22063386,-0.99308193,0.10827815,-0.04543280,1.81825209,0.04456198,-0.01045001,-0.99895203,1.21466637
5,1597236935348165800,1597236935348067200,-0.10863917,-0.99406624,0.00546989,0.21991956,-0.99308366,0.10828207,-0.04538474,1.81817496,0.04452316,-0.01036263,-0.99895465,1.21454763
5,1597236935356822900,1597236935356693100,-0.10859332,-0.99407130,0.00545543,0.22230220,-0.99309778,0.10823903,-0.04517783,1.81799269,0.04431950,-0.01032376,-0.99896407,1.21445632
5,1597236935365818400,1597236935365757900,-0.10853969,-0.99407601,0.00567314,0.22137976,-0.99308991,0.10817230,-0.04550993,1.81827307,0.04462666,-0.01057360,-0.99894786,1.21469688
5,1597236935374944900,1597236935374835600,-0.10849631,-0.99408025,0.00575942,0.22168005,-0.99310392,0.10812723,-0.04531138,1.81866562,0.04442041,-0.01063582,-0.99895638,1.21496129
5,1597236935383831900,1597236935383791300,-0.10846634,-0.99408287,0.00586307,0.22223973,-0.99310201,0.10809132,-0.04543862,1.81884146,0.04453602,-0.01075119,-0.99895000,1.21466660
5,1597236935392702500,1597236935392679700,-0.10844340,-0.99408424,0.00604540,0.22414339,-0.99310768,0.10806085,-0.04538726,1.81845152,0.04446549,-0.01092568,-0.99895126,1.21242452
5,1597236935401797900,1597236935401761000,-0.10850244,-0.99407810,0.00600854,0.22715509,-0.99311560,0.10812504,-0.04505888,1.81799626,0.04414239,-0.01085612,-0.99896634,1.21384192
5,1597236935410786000,1597236935410596600,-0.10846947,-0.99408197,0.00596806,0.22935224,-0.99311155,0.10809206,-0.04522778,1.81796861,0.04431503,-0.01083279,-0.99895895,1.21383262
5,1597236935419823100,1597236935419678700,-0.10846180,-0.99408340,0.00585905,0.22962761,-0.99311829,0.10809079,-0.04508181,1.81791723,0.04418177,-0.01070845,-0.99896622,1.21375275
5,1597236935428507500,1597236935428446400,-0.10844022,-0.99408460,0.00605366,0.23052990,-0.99312043,0.10806037,-0.04510727,1.81808448,0.04418629,-0.01090345,-0.99896395,1.21469355
5,1597236935437738300,1597236935437580400,-0.10844041,-0.99408382,0.00617829,0.23169458,-0.99312299,0.10805552,-0.04506351,1.81801796,0.04412932,-0.01102251,-0.99896508,1.21409273
5,1597236935446553500,1597236935446496900,-0.10837053,-0.99409109,0.00623089,0.23303115,-0.99312729,0.10798250,-0.04514356,1.81792438,0.04420399,-0.01108029,-0.99896121,1.21498370
5,1597236935455693000,1597236935455588300,-0.10839490,-0.99408859,0.00620884,0.23321760,-0.99312264,0.10800736,-0.04518664,1.81800485,0.04424893,-0.01106414,-0.99895936,1.21519613
5,1597236935464525900,1597236935464475100,-0.10835017,-0.99409163,0.00649306,0.23523629,-0.99313569,0.10795184,-0.04503151,1.81787062,0.04406451,-0.01132771,-0.99896455,1.21472645
5,1597236935473587400,1597236935473504800,-0.10828789,-0.99409950,0.00632286,0.23669124,-0.99312609,0.10789321,-0.04538276,1.81772280,0.04443280,-0.01119381,-0.99894977,1.21448469
5,1597236935482623700,1597236935482420400,-0.10828613,-0.99409837,0.00653675,0.23825836,-0.99314409,0.10788626,-0.04500379,1.81771731,0.04403298,-0.01136523,-0.99896550,1.21480036
5,1597236935491530700,1597236935491451200,-0.10825864,-0.99410176,0.00646701,0.23910105,-0.99313885,0.10785986,-0.04518205,1.81764078,0.04421803,-0.01131400,-0.99895787,1.21423197
5,1597236935500313800,1597236935500240300,-0.10822653,-0.99410498,0.00651696,0.24120069,-0.99314547,0.10782631,-0.04511634,1.81768608,0.04414769,-0.01135510,-0.99896055,1.21353889
5,1597236935509499900,1597236935509438300,-0.10811354,-0.99411678,0.00657651,0.24391460,-0.99315929,0.10771113,-0.04508773,1.81753612,0.04411412,-0.01140609,-0.99896145,1.21318793
5,1597236935518433300,1597236935518329700,-0.10817950,-0.99411094,0.00638497,0.24632907,-0.99314123,0.10778295,-0.04531257,1.81724393,0.04435753,-0.01124313,-0.99895251,1.21234226
5,1597236935527442400,1597236935527362200,-0.10808964,-0.99411976,0.00653347,0.24411440,-0.99314666,0.10768530,-0.04542568,1.81754351,0.04445502,-0.01139879,-0.99894643,1.21354556
5,1597236935536211400,1597236935536136200,-0.10806249,-0.99412364,0.00638428,0.24627531,-0.99315494,0.10766634,-0.04528987,1.81761813,0.04433637,-0.01123470,-0.99895358,1.21187353
5,1597236935545569100,1597236935545478500,-0.10815407,-0.99411470,0.00623018,0.24664140,-0.99314594,0.10776509,-0.04525214,1.81717432,0.04431444,-0.01108170,-0.99895620,1.21333528
5,1597236935554279500,1597236935554233200,-0.10814121,-0.99411595,0.00625536,0.24683785,-0.99315256,0.10775239,-0.04513736,1.81758261,0.04419775,-0.01109371,-0.99896127,1.21277046
5,1597236935563373700,1597236935563287100,-0.10807712,-0.99412435,0.00601709,0.24775875,-0.99315512,0.10769809,-0.04521098,1.81756651,0.04429732,-0.01086217,-0.99895942,1.21312618
5,1597236935572201400,1597236935572133700,-0.10804895,-0.99412572,0.00628471,0.24613523,-0.99315238,0.10765634,-0.04536957,1.81797290,0.04442648,-0.01114380,-0.99895060,1.21640921
5,1597236935581464500,1597236935581350200,-0.10796869,-0.99413389,0.00638127,0.24773610,-0.99315995,0.10757147,-0.04540506,1.81833577,0.04445227,-0.01123995,-0.99894840,1.21754789
5,1597236935590142000,1597236935590105700,-0.10794703,-0.99413669,0.00630987,0.24913919,-0.99315989,0.10755248,-0.04545184,1.81815541,0.04450671,-0.01117313,-0.99894673,1.21818066
5,1597236935599411700,1597236935599377500,-0.10803245,-0.99412692,0.00639078,0.25278163,-0.99314660,0.10763310,-0.04555061,1.81767166,0.04459524,-0.01126793,-0.99894166,1.21503949
5,1597236935608137000,1597236935608056600,-0.10807174,-0.99412334,0.00627208,0.25360501,-0.99313414,0.10767574,-0.04572203,1.81766653,0.04477799,-0.01117030,-0.99893463,1.21525836
5,1597236935617304900,1597236935617227500,-0.10794754,-0.99413520,0.00653628,0.25670719,-0.99316221,0.10754324,-0.04542310,1.81753886,0.04445378,-0.01139492,-0.99894655,1.21541142
5,1597236935626202100,1597236935626047100,-0.10796210,-0.99413455,0.00639272,0.25743127,-0.99314982,0.10756161,-0.04565035,1.81758666,0.04469498,-0.01127747,-0.99893713,1.21560287
5,1597236935635299000,1597236935635250400,-0.10795166,-0.99413562,0.00639185,0.25927114,-0.99315578,0.10755245,-0.04554169,1.81761837,0.04458717,-0.01126438,-0.99894202,1.21538901
5,1597236935644060400,1597236935643904500,-0.10781555,-0.99415040,0.00639787,0.25888848,-0.99317062,0.10741623,-0.04553989,1.81794953,0.04458627,-0.01126409,-0.99894208,1.21423817
5,1597236935653122300,1597236935653037900,-0.10788514,-0.99414414,0.00618607,0.25927460,-0.99315703,0.10749394,-0.04565285,1.81796694,0.04472056,-0.01106903,-0.99893832,1.21336484
5,1597236935662076900,1597236935661953300,-0.10780339,-0.99415183,0.00637826,0.25944400,-0.99317920,0.10740681,-0.04537384,1.81809759,0.04442343,-0.01122624,-0.99894977,1.21420121
5,1597236935671086300,1597236935670987200,-0.10782155,-0.99415028,0.00630844,0.26270175,-0.99316907,0.10742610,-0.04555004,1.81808412,0.04460590,-0.01117662,-0.99894226,1.21464086
5,1597236935679932300,1597236935679793000,-0.10793319,-0.99413836,0.00628936,0.26039338,-0.99315220,0.10753731,-0.04565451,1.81831789,0.04471057,-0.01117390,-0.99893755,1.21465778
5,1597236935689120100,1597236935689078600,-0.10780413,-0.99415112,0.00647101,0.26135421,-0.99318153,0.10740393,-0.04533049,1.81818938,0.04437035,-0.01131374,-0.99895120,1.21541858
5,1597236935697867400,1597236935697784000,-0.10779320,-0.99415249,0.00644669,0.26180875,-0.99318254,0.10739406,-0.04533183,1.81848717,0.04437443,-0.01128918,-0.99895132,1.21528125
5,1597236935707072600,1597236935706992700,-0.10774725,-0.99415797,0.00637627,0.26428080,-0.99319226,0.10735258,-0.04521580,1.81802225,0.04426715,-0.01120478,-0.99895698,1.21644139
5,1597236935715831700,1597236935715735800,-0.10766969,-0.99416608,0.00640938,0.26730645,-0.99320221,0.10727400,-0.04518369,1.81827986,0.04423254,-0.01123074,-0.99895823,1.21730924
5,1597236935724998600,1597236935724789000,-0.10769229,-0.99416327,0.00648034,0.26688838,-0.99318373,0.10728926,-0.04555215,1.81818175,0.04459101,-0.01134178,-0.99894100,1.21718287
5,1597236935733731200,1597236935733686700,-0.10770218,-0.99416268,0.00639439,0.27129555,-0.99319643,0.10730655,-0.04523410,1.81770027,0.04428390,-0.01122272,-0.99895602,1.21552229
5,1597236935742811300,1597236935742759300,-0.10766498,-0.99416685,0.00637916,0.27276385,-0.99320161,0.10727037,-0.04520621,1.81767404,0.04425823,-0.01120287,-0.99895734,1.21515203
5,1597236935751732800,1597236935751567800,-0.10763072,-0.99417037,0.00640881,0.27375972,-0.99321270,0.10723668,-0.04504266,1.81743133,0.04409283,-0.01121327,-0.99896455,1.21494079
5,1597236935760930700,1597236935760775800,-0.10754817,-0.99417830,0.00655797,0.27479947,-0.99324077,0.10715241,-0.04462218,1.81759369,0.04365971,-0.01131269,-0.99898249,1.21547651
5,1597236935769315500,1597236935769269000,-0.10741840,-0.99419367,0.00635144,0.27504683,-0.99323577,0.10702722,-0.04503183,1.81774473,0.04409059,-0.01114577,-0.99896544,1.21401405
