0,1598337682907960000,1598337682907848300,-0.99974883,0.01445669,0.01713140,-0.65083790,-0.01806021,-0.06677102,-0.99760479,1.83473849,-0.01327816,-0.99766356,0.06701533,-1.10393286
0,1598337682917176400,1598337682917111200,-0.99974787,0.01450005,0.01715307,-0.65087372,-0.01808282,-0.06662659,-0.99761403,1.83469343,-0.01332259,-0.99767262,0.06687199,-1.10260415
0,1598337682926073600,1598337682926010000,-0.99974948,0.01449502,0.01705731,-0.65090722,-0.01798941,-0.06681256,-0.99760330,1.83462143,-0.01332062,-0.99766028,0.06705659,-1.10134792
0,1598337682935125500,1598337682935026900,-0.99974585,0.01451308,0.01725664,-0.65095824,-0.01818912,-0.06678252,-0.99760169,1.83453774,-0.01332578,-0.99766195,0.06702954,-1.10001349
0,1598337682944037600,1598337682943951600,-0.99974793,0.01451379,0.01713520,-0.65098792,-0.01806983,-0.06692079,-0.99759459,1.83453846,-0.01333219,-0.99765271,0.06716619,-1.09870958
0,1598337682952955800,1598337682952915000,-0.99974799,0.01447165,0.01716372,-0.65110904,-0.01809515,-0.06689744,-0.99759573,1.83451843,-0.01328865,-0.99765491,0.06714246,-1.09738159
0,1598337682961938500,1598337682961842500,-0.99974835,0.01444125,0.01717163,-0.65112722,-0.01809949,-0.06678413,-0.99760324,1.83453453,-0.01325983,-0.99766296,0.06702871,-1.09601176
0,1598337682970967600,1598337682970903500,-0.99974835,0.01446828,0.01714535,-0.65122831,-0.01807589,-0.06684435,-0.99759960,1.83455300,-0.01328748,-0.99765849,0.06708907,-1.09472179
0,1598337682979878700,1598337682979830700,-0.99974924,0.01445195,0.01710827,-0.65121621,-0.01803856,-0.06690217,-0.99759638,1.83457947,-0.01327261,-0.99765491,0.06714609,-1.09342003
0,1598337682989028600,1598337682988919100,-0.99974906,0.01442456,0.01714233,-0.65124261,-0.01806908,-0.06677978,-0.99760407,1.83462405,-0.01324520,-0.99766350,0.06702366,-1.09202480
0,1598337682997933800,1598337682997838900,-0.99975216,0.01437986,0.01699680,-0.65126103,-0.01792186,-0.06685396,-0.99760175,1.83463216,-0.01320904,-0.99765915,0.06709512,-1.09066176
0,1598337683006906900,1598337683006810300,-0.99975061,0.01440033,0.01706918,-0.65126330,-0.01799262,-0.06664085,-0.99761474,1.83456206,-0.01322845,-0.99767315,0.06688334,-1.08927190
0,1598337683015845100,1598337683015737800,-0.99975157,0.01439026,0.01702516,-0.65128207,-0.01795072,-0.06684439,-0.99760187,1.83456087,-0.01321772,-0.99765962,0.06708610,-1.08799493
0,1598337683024930100,1598337683024825300,-0.99975157,0.01441172,0.01700883,-0.65131897,-0.01793529,-0.06680100,-0.99760503,1.83453655,-0.01324099,-0.99766225,0.06704289,-1.08666289
0,1598337683033798600,1598337683033718800,-0.99975145,0.01440045,0.01702535,-0.65134519,-0.01795040,-0.06675421,-0.99760789,1.83453906,-0.01322946,-0.99766552,0.06699611,-1.08532465
0,1598337683042788000,1598337683042684200,-0.99975139,0.01436639,0.01705661,-0.65137821,-0.01798039,-0.06683586,-0.99760193,1.83444309,-0.01319194,-0.99766058,0.06707755,-1.08393383
0,1598337683051838500,1598337683051774600,-0.99975169,0.01434222,0.01706228,-0.65141112,-0.01798579,-0.06693977,-0.99759483,1.83445930,-0.01316553,-0.99765396,0.06718110,-1.08261621
0,1598337683060889200,1598337683060788000,-0.99975109,0.01437232,0.01706690,-0.65146285,-0.01798928,-0.06670183,-0.99761069,1.83446729,-0.01319957,-0.99766946,0.06694378,-1.08125949
0,1598337683069833100,1598337683069737600,-0.99975234,0.01433408,0.01702562,-0.65143585,-0.01794833,-0.06691395,-0.99759728,1.83445334,-0.01316038,-0.99765581,0.06715465,-1.07983565
0,1598337683078990300,1598337683078852500,-0.99975204,0.01427862,0.01709453,-0.65150642,-0.01801181,-0.06679570,-0.99760401,1.83445501,-0.01310256,-0.99766451,0.06703632,-1.07847059
0,1598337683087740100,1598337683087672100,-0.99975234,0.01433817,0.01702436,-0.65153545,-0.01794675,-0.06686845,-0.99760032,1.83444822,-0.01316535,-0.99765879,0.06710921,-1.07715869
0,1598337683096864600,1598337683096747500,-0.99975330,0.01431859,0.01698443,-0.65154457,-0.01790433,-0.06677340,-0.99760747,1.83447766,-0.01315024,-0.99766546,0.06701330,-1.07574749
0,1598337683105754500,1598337683105649700,-0.99975216,0.01431385,0.01705556,-0.65157533,-0.01797472,-0.06675243,-0.99760759,1.83448946,-0.01314110,-0.99766695,0.06699318,-1.07441568
0,1598337683114788000,1598337683114711600,-0.99975610,0.01428548,0.01684889,-0.65160364,-0.01776799,-0.06685959,-0.99760413,1.83451760,-0.01312473,-0.99766016,0.06709711,-1.07309926
0,1598337683123731600,1598337683123605200,-0.99975216,0.01429090,0.01707513,-0.65165865,-0.01799396,-0.06684851,-0.99760079,1.83445954,-0.01311514,-0.99766082,0.06708910,-1.07183838
0,1598337683132771400,1598337683132675500,-0.99975508,0.01428723,0.01690863,-0.65165687,-0.01782889,-0.06694780,-0.99759710,1.83448982,-0.01312086,-0.99765420,0.06718613,-1.07048011
0,1598337683141629900,1598337683141508800,-0.99975491,0.01424041,0.01695476,-0.65166152,-0.01786858,-0.06670393,-0.99761277,1.83440065,-0.01307550,-0.99767119,0.06694204,-1.06910801
0,1598337683150816400,1598337683150701400,-0.99975491,0.01429725,0.01690898,-0.65171695,-0.01783081,-0.06701585,-0.99759251,1.83442700,-0.01312968,-0.99764949,0.06725435,-1.06780982
0,1598337683159719500,1598337683159650800,-0.99975514,0.01420709,0.01696675,-0.65177524,-0.01787973,-0.06681329,-0.99760520,1.83439112,-0.01303941,-0.99766433,0.06705096,-1.06646669
0,1598337683168756400,1598337683168690300,-0.99975312,0.01426166,0.01704043,-0.65181863,-0.01796220,-0.06721552,-0.99757671,1.83433974,-0.01308167,-0.99763656,0.06745511,-1.06513548
0,1598337683177681100,1598337683177610600,-0.99975479,0.01422754,0.01697371,-0.65183967,-0.01788836,-0.06683653,-0.99760354,1.83429146,-0.01305896,-0.99766254,0.06707465,-1.06369150
0,1598337683186736500,1598337683186642600,-0.99975562,0.01420870,0.01693774,-0.65184677,-0.01784993,-0.06673945,-0.99761069,1.83432722,-0.01304430,-0.99766928,0.06697676,-1.06234801
0,1598337683195731700,1598337683195669800,-0.99975616,0.01422796,0.01689178,-0.65189141,-0.01781029,-0.06711512,-0.99758619,1.83432555,-0.01305988,-0.99764383,0.06735216,-1.06095195
0,1598337683204664800,1598337683204602300,-0.99975657,0.01412511,0.01695389,-0.65190846,-0.01785997,-0.06670301,-0.99761295,1.83427894,-0.01296049,-0.99767292,0.06693906,-1.05956364
0,1598337683213570200,1598337683213457500,-0.99975771,0.01417062,0.01684777,-0.65197170,-0.01776157,-0.06704339,-0.99759191,1.83431911,-0.01300696,-0.99764943,0.06727885,-1.05829203
0,1598337683222586000,1598337683222523600,-0.99975777,0.01412809,0.01688221,-0.65200615,-0.01778963,-0.06677857,-0.99760914,1.83433545,-0.01296690,-0.99766779,0.06701373,-1.05691242
0,1598337683231482400,1598337683231383800,-0.99975783,0.01416233,0.01684604,-0.65202421,-0.01775880,-0.06700601,-0.99759448,1.83433414,-0.01299948,-0.99765205,0.06724129,-1.05557728
0,1598337683240522000,1598337683240463200,-0.99975812,0.01411942,0.01687008,-0.65203291,-0.01777663,-0.06675419,-0.99761105,1.83423495,-0.01295951,-0.99766952,0.06698904,-1.05408955
0,1598337683249448700,1598337683249370400,-0.99975848,0.01416117,0.01681188,-0.65207815,-0.01772344,-0.06691430,-0.99760127,1.83424520,-0.01300225,-0.99765825,0.06714912,-1.05282474
0,1598337683258477900,1598337683258399400,-0.99975634,0.01424441,0.01686580,-0.65212154,-0.01778138,-0.06680302,-0.99760765,1.83425701,-0.01308361,-0.99766451,0.06704003,-1.05142641
0,1598337683267443600,1598337683267346800,-0.99975765,0.01421738,0.01681225,-0.65217119,-0.01772693,-0.06686433,-0.99760455,1.83424687,-0.01305917,-0.99766076,0.06710016,-1.05008066
0,1598337683276471300,1598337683276349100,-0.99975652,0.01426128,0.01684418,-0.65220940,-0.01776150,-0.06684633,-0.99760514,1.83422232,-0.01310116,-0.99766141,0.06708336,-1.04872346
0,1598337683285469200,1598337683285398600,-0.99975598,0.01427016,0.01686762,-0.65227610,-0.01778466,-0.06678378,-0.99760890,1.83424306,-0.01310953,-0.99766541,0.06702127,-1.04744458
0,1598337683294361600,1598337683294300700,-0.99975717,0.01428023,0.01678899,-0.65230125,-0.01771111,-0.06710571,-0.99758863,1.83422685,-0.01311910,-0.99764371,0.06734234,-1.04607797
0,1598337683303341200,1598337683303273400,-0.99975634,0.01425308,0.01685992,-0.65234423,-0.01777405,-0.06664713,-0.99761826,1.83420146,-0.01309547,-0.99767482,0.06688423,-1.04471993
0,1598337683312384100,1598337683312281500,-0.99975753,0.01430029,0.01675210,-0.65236354,-0.01767592,-0.06712562,-0.99758792,1.83424234,-0.01314127,-0.99764204,0.06736211,-1.04344559
0,1598337683321292300,1598337683321212500,-0.99975580,0.01436159,0.01679899,-0.65237939,-0.01772190,-0.06675226,-0.99761212,1.83425784,-0.01320589,-0.99766624,0.06699048,-1.04205990
0,1598337683330379100,1598337683330233100,-0.99975473,0.01442313,0.01680879,-0.65238714,-0.01773860,-0.06696262,-0.99759775,1.83426511,-0.01326290,-0.99765128,0.06720205,-1.04073906
0,1598337683339325600,1598337683339226700,-0.99975687,0.01439148,0.01671183,-0.65237814,-0.01763942,-0.06694031,-0.99760097,1.83428562,-0.01323825,-0.99765325,0.06717789,-1.03931880
0,1598337683348258700,1598337683348191700,-0.99975646,0.01440603,0.01672219,-0.65243435,-0.01764648,-0.06662017,-0.99762231,1.83430314,-0.01325768,-0.99767441,0.06685816,-1.03804255
0,1598337683357165600,1598337683357102600,-0.99975514,0.01449704,0.01672396,-0.65244722,-0.01765960,-0.06701417,-0.99759567,1.83431911,-0.01334140,-0.99764675,0.06725377,-1.03669333
0,1598337683366338900,1598337683366215200,-0.99975491,0.01446146,0.01676752,-0.65249169,-0.01769690,-0.06673100,-0.99761397,1.83428895,-0.01330802,-0.99766624,0.06697057,-1.03528094
0,1598337683375113500,1598337683375025100,-0.99975467,0.01449484,0.01675249,-0.65246069,-0.01768642,-0.06690192,-0.99760276,1.83422863,-0.01333928,-0.99765426,0.06714188,-1.03389490
0,1598337683384156600,1598337683384093800,-0.99975318,0.01456368,0.01678059,-0.65253711,-0.01771867,-0.06687053,-0.99760425,1.83423650,-0.01340663,-0.99765533,0.06711207,-1.03257632
0,1598337683393135400,1598337683393087100,-0.99975455,0.01455358,0.01670642,-0.65256679,-0.01764182,-0.06670990,-0.99761641,1.83426476,-0.01340434,-0.99766624,0.06695028,-1.03122663
0,1598337683402112000,1598337683402044300,-0.99975365,0.01454303,0.01676984,-0.65258729,-0.01770819,-0.06699273,-0.99759626,1.83426070,-0.01338458,-0.99764752,0.06723376,-1.02989292
0,1598337683411097200,1598337683410999800,-0.99975532,0.01449326,0.01671631,-0.65263337,-0.01764543,-0.06654426,-0.99762738,1.83418167,-0.01334646,-0.99767828,0.06678372,-1.02849698
0,1598337683420142700,1598337683420064300,-0.99975425,0.01451570,0.01675841,-0.65266508,-0.01769421,-0.06693781,-0.99760020,1.83420134,-0.01335907,-0.99765158,0.06717821,-1.02712119
0,1598337683428975000,1598337683428921000,-0.99975491,0.01449716,0.01673484,-0.65270942,-0.01766644,-0.06671296,-0.99761575,1.83417273,-0.01334611,-0.99766695,0.06695273,-1.02573752
0,1598337683438010200,1598337683437962000,-0.99975568,0.01445353,0.01672994,-0.65272927,-0.01765766,-0.06663959,-0.99762082,1.83416677,-0.01330426,-0.99767244,0.06687852,-1.02437019
0,1598337683446958900,1598337683446876900,-0.99975562,0.01445189,0.01673297,-0.65280956,-0.01766264,-0.06679510,-0.99761033,1.83417845,-0.01329967,-0.99766207,0.06703404,-1.02308309
0,1598337683455997400,1598337683455937500,-0.99975681,0.01443365,0.01667246,-0.65283549,-0.01759738,-0.06652065,-0.99762982,1.83416712,-0.01329038,-0.99768066,0.06675847,-1.02170193
0,1598337683464931100,1598337683464841100,-0.99975640,0.01445532,0.01668587,-0.65285891,-0.01761678,-0.06686372,-0.99760652,1.83415711,-0.01330498,-0.99765742,0.06710209,-1.02039003
0,1598337683473967100,1598337683473894000,-0.99975580,0.01443678,0.01673353,-0.65288013,-0.01766027,-0.06665203,-0.99761993,1.83414578,-0.01328710,-0.99767190,0.06689072,-1.01898193
0,1598337683482840000,1598337683482791400,-0.99975830,0.01436439,0.01664672,-0.65294284,-0.01756808,-0.06659658,-0.99762523,1.83414912,-0.01322165,-0.99767655,0.06683284,-1.01776063
0,1598337683491849600,1598337683491794400,-0.99975848,0.01435414,0.01664478,-0.65296179,-0.01756891,-0.06685803,-0.99760777,1.83419025,-0.01320693,-0.99765927,0.06709408,-1.01637900
0,1598337683500852000,1598337683500772500,-0.99975824,0.01431203,0.01669477,-0.65298814,-0.01761021,-0.06642120,-0.99763620,1.83413124,-0.01316926,-0.99768901,0.06665718,-1.01499760
0,1598337683509846200,1598337683509763300,-0.99975777,0.01438388,0.01666323,-0.65295297,-0.01758910,-0.06684154,-0.99760848,1.83403897,-0.01323572,-0.99765986,0.06707835,-1.01355243
0,1598337683518728300,1598337683518607200,-0.99975759,0.01438764,0.01667148,-0.65301317,-0.01759604,-0.06672514,-0.99761617,1.83407640,-0.01324090,-0.99766767,0.06696214,-1.01224780
0,1598337683527861600,1598337683527796800,-0.99975890,0.01434818,0.01662711,-0.65304482,-0.01754677,-0.06654691,-0.99762893,1.83406401,-0.01320767,-0.99768013,0.06678263,-1.01087141
0,1598337683536709200,1598337683536643300,-0.99975944,0.01432133,0.01661614,-0.65311211,-0.01753930,-0.06694631,-0.99760234,1.83409357,-0.01317456,-0.99765378,0.06718141,-1.00956881
0,1598337683545816100,1598337683545722700,-0.99976033,0.01427296,0.01660294,-0.65318251,-0.01751473,-0.06632713,-0.99764413,1.83410990,-0.01313812,-0.99769586,0.06656123,-1.00822866
0,1598337683554320700,1598337683554258800,-0.99975950,0.01433569,0.01660202,-0.65322143,-0.01752278,-0.06668937,-0.99761987,1.83407891,-0.01319438,-0.99767077,0.06692453,-1.00698161
0,1598337683563346200,1598337683563298200,-0.99975902,0.01433769,0.01662998,-0.65325552,-0.01755418,-0.06694374,-0.99760228,1.83408761,-0.01319003,-0.99765372,0.06717930,-1.00558925
0,1598337683572268000,1598337683572159600,-0.99975920,0.01434541,0.01660762,-0.65331191,-0.01752477,-0.06636838,-0.99764121,1.83407366,-0.01320928,-0.99769205,0.06660380,-1.00430000
0,1598337683581426600,1598337683581327900,-0.99975961,0.01436040,0.01657176,-0.65339780,-0.01750089,-0.06719162,-0.99758655,1.83408976,-0.01321226,-0.99763680,0.06742679,-1.00302601
0,1598337683590306300,1598337683590195600,-0.99976015,0.01426327,0.01662002,-0.65343875,-0.01753441,-0.06657683,-0.99762714,1.83410180,-0.01312289,-0.99767935,0.06681097,-1.00162721
0,1598337683599304200,1598337683599186500,-0.99975991,0.01427990,0.01662165,-0.65349644,-0.01753876,-0.06669918,-0.99761891,1.83408380,-0.01313722,-0.99767101,0.06693363,-1.00029790
0,1598337683608211200,1598337683608155700,-0.99975991,0.01431379,0.01659659,-0.65353858,-0.01752115,-0.06708767,-0.99759316,1.83409512,-0.01316586,-0.99764442,0.06732236,-0.99892449
0,1598337683617292500,1598337683617199800,-0.99976081,0.01427013,0.01657893,-0.65359432,-0.01749277,-0.06649349,-0.99763346,1.83413363,-0.01313397,-0.99768478,0.06672721,-0.99759448
0,1598337683626358100,1598337683626167700,-0.99976134,0.01429558,0.01652505,-0.65364563,-0.01744579,-0.06687877,-0.99760854,1.83410192,-0.01315621,-0.99765873,0.06711221,-0.99631560
0,1598337683635160100,1598337683635104200,-0.99976051,0.01429111,0.01657820,-0.65366828,-0.01749652,-0.06672695,-0.99761778,1.83410859,-0.01315084,-0.99766892,0.06696102,-0.99491322
0,1598337683644074600,1598337683643991400,-0.99976307,0.01426816,0.01644433,-0.65366030,-0.01735892,-0.06653813,-0.99763280,1.83408976,-0.01314023,-0.99768192,0.06677005,-0.99362600
0,1598337683652771800,1598337683652698500,-0.99976122,0.01428542,0.01653762,-0.65371388,-0.01745999,-0.06705648,-0.99759632,1.83406067,-0.01314211,-0.99764693,0.06728990,-0.99230778
0,1598337683661696600,1598337683661610300,-0.99976265,0.01426178,0.01647547,-0.65373039,-0.01739114,-0.06665754,-0.99762428,1.83407569,-0.01312965,-0.99767399,0.06688976,-0.99093795
0,1598337683670758700,1598337683670663900,-0.99976224,0.01430669,0.01645682,-0.65364319,-0.01737474,-0.06659775,-0.99762857,1.83395612,-0.01317677,-0.99767739,0.06683050,-0.98939526
0,1598337683679656200,1598337683679584600,-0.99976331,0.01428622,0.01640882,-0.65370435,-0.01732903,-0.06686752,-0.99761128,1.83399451,-0.01315486,-0.99765956,0.06709927,-0.98810089
0,1598337683688614500,1598337683688561200,-0.99976659,0.01414618,0.01633381,-0.65371835,-0.01723766,-0.06632116,-0.99764937,1.83399940,-0.01302963,-0.99769807,0.06654952,-0.98673534
0,1598337683697584400,1598337683697508100,-0.99976504,0.01414409,0.01642981,-0.65374792,-0.01733777,-0.06666330,-0.99762481,1.83396029,-0.01301521,-0.99767530,0.06689287,-0.98539925
0,1598337683706648000,1598337683706559500,-0.99976486,0.01418307,0.01640723,-0.65375298,-0.01731800,-0.06667463,-0.99762440,1.83392096,-0.01305538,-0.99767399,0.06690459,-0.98398757
0,1598337683715509700,1598337683715387700,-0.99976516,0.01419789,0.01637682,-0.65380216,-0.01728643,-0.06650545,-0.99763626,1.83392882,-0.01307517,-0.99768507,0.06673528,-0.98271823
0,1598337683724544900,1598337683724478300,-0.99976575,0.01414341,0.01638795,-0.65383852,-0.01729638,-0.06669512,-0.99762344,1.83390975,-0.01301676,-0.99767321,0.06692413,-0.98135209
0,1598337683733468900,1598337683733391100,-0.99976712,0.01408419,0.01635639,-0.65385485,-0.01726002,-0.06662629,-0.99762863,1.83390951,-0.01296100,-0.99767858,0.06685387,-0.97995472
0,1598337683742518400,1598337683742407100,-0.99976921,0.01393986,0.01635157,-0.65390974,-0.01724338,-0.06645637,-0.99764025,1.83391058,-0.01282027,-0.99769193,0.06668141,-0.97865462
0,1598337683751433600,1598337683751359700,-0.99976981,0.01388296,0.01636174,-0.65398419,-0.01725427,-0.06681097,-0.99761641,1.83391523,-0.01275674,-0.99766910,0.06703513,-0.97736073
0,1598337683760463800,1598337683760352800,-0.99977016,0.01378039,0.01642657,-0.65400910,-0.01730803,-0.06649140,-0.99763680,1.83393073,-0.01265556,-0.99769181,0.06671464,-0.97594321
0,1598337683769364500,1598337683769294400,-0.99977243,0.01375484,0.01631238,-0.65405768,-0.01719354,-0.06658328,-0.99763268,1.83394885,-0.01263610,-0.99768615,0.06680462,-0.97460651
0,1598337683778492600,1598337683778398400,-0.99977237,0.01371706,0.01634855,-0.65410656,-0.01722810,-0.06666159,-0.99762684,1.83394063,-0.01259464,-0.99768138,0.06688273,-0.97320652
0,1598337683787358500,1598337683787282900,-0.99977398,0.01367056,0.01628505,-0.65416288,-0.01715857,-0.06641953,-0.99764419,1.83397305,-0.01255670,-0.99769813,0.06663910,-0.97188997
0,1598337683796370500,1598337683796278600,-0.99977469,0.01359066,0.01630793,-0.65420222,-0.01717788,-0.06656300,-0.99763429,1.83392477,-0.01247299,-0.99768966,0.06678146,-0.97049224
0,1598337683805391700,1598337683805307800,-0.99977654,0.01344004,0.01632011,-0.65427846,-0.01718176,-0.06670783,-0.99762458,1.83396530,-0.01231939,-0.99768203,0.06692385,-0.96919990
0,1598337683814342500,1598337683814271900,-0.99977791,0.01336712,0.01629888,-0.65430075,-0.01715080,-0.06630854,-0.99765170,1.83398831,-0.01225498,-0.99770969,0.06652306,-0.96789265
0,1598337683823234900,1598337683823158400,-0.99977905,0.01328063,0.01629996,-0.65432853,-0.01715010,-0.06663565,-0.99762994,1.83397353,-0.01216298,-0.99768901,0.06684869,-0.96658635
0,1598337683832293700,1598337683832205100,-0.99977911,0.01323420,0.01633166,-0.65433544,-0.01717852,-0.06662655,-0.99763006,1.83397806,-0.01211467,-0.99769026,0.06683918,-0.96520877
0,1598337683841249700,1598337683841103500,-0.99978030,0.01323211,0.01626163,-0.65436411,-0.01710602,-0.06642282,-0.99764484,1.83398676,-0.01212078,-0.99770385,0.06663458,-0.96392739
0,1598337683850290700,1598337683850195600,-0.99977952,0.01329303,0.01625709,-0.65440905,-0.01710940,-0.06673755,-0.99762380,1.83398688,-0.01217648,-0.99768203,0.06695027,-0.96261919
0,1598337683859161000,1598337683859103400,-0.99977994,0.01325428,0.01626582,-0.65443468,-0.01711373,-0.06659082,-0.99763352,1.83398247,-0.01213974,-0.99769235,0.06680300,-0.96124697
0,1598337683868183700,1598337683868134400,-0.99978018,0.01326197,0.01624694,-0.65442908,-0.01709361,-0.06644325,-0.99764371,1.83399057,-0.01215118,-0.99770212,0.06665534,-0.95991468
0,1598337683877060600,1598337683876980800,-0.99978095,0.01329246,0.01617212,-0.65450662,-0.01702369,-0.06666539,-0.99763012,1.83397985,-0.01218283,-0.99768686,0.06687708,-0.95859194
0,1598337683886178300,1598337683886083400,-0.99978143,0.01324949,0.01617549,-0.65451348,-0.01702128,-0.06642687,-0.99764603,1.83398569,-0.01214379,-0.99770337,0.06663787,-0.95718265
0,1598337683895039800,1598337683894996800,-0.99978310,0.01320767,0.01610773,-0.65453023,-0.01695052,-0.06639722,-0.99764925,1.83397865,-0.01210710,-0.99770582,0.06660670,-0.95583689
0,1598337683904142700,1598337683904080700,-0.99978274,0.01319429,0.01614146,-0.65454686,-0.01698519,-0.06655505,-0.99763811,1.83392966,-0.01208881,-0.99769557,0.06676470,-0.95445395
0,1598337683913037100,1598337683912952100,-0.99978280,0.01322013,0.01611675,-0.65462351,-0.01696035,-0.06639790,-0.99764901,1.83395886,-0.01211888,-0.99770564,0.06660770,-0.95313239
0,1598337683921973700,1598337683921929700,-0.99978405,0.01320276,0.01605199,-0.65464902,-0.01689310,-0.06627617,-0.99765825,1.83397233,-0.01210797,-0.99771404,0.06648491,-0.95177197
0,1598337683931002600,1598337683930888200,-0.99978405,0.01318240,0.01607157,-0.65468395,-0.01691406,-0.06650614,-0.99764258,1.83393800,-0.01208243,-0.99769890,0.06671475,-0.95040441
0,1598337683940025600,1598337683939931800,-0.99978364,0.01318616,0.01609671,-0.65470445,-0.01693750,-0.06634892,-0.99765265,1.83391547,-0.01208717,-0.99770939,0.06655790,-0.94896185
0,1598337683948926000,1598337683948853900,-0.99978554,0.01318514,0.01597742,-0.65475547,-0.01681601,-0.06615192,-0.99766779,1.83391750,-0.01209742,-0.99772251,0.06635945,-0.94768286
0,1598337683957930400,1598337683957833100,-0.99978477,0.01317820,0.01602823,-0.65479678,-0.01687088,-0.06653410,-0.99764144,1.83387864,-0.01208067,-0.99769711,0.06674211,-0.94632351
0,1598337683966899400,1598337683966815200,-0.99978334,0.01316679,0.01612651,-0.65482098,-0.01696571,-0.06632909,-0.99765348,1.83385873,-0.01206622,-0.99771094,0.06653811,-0.94495583
0,1598337683975991700,1598337683975915700,-0.99978489,0.01316738,0.01603042,-0.65486771,-0.01687011,-0.06634971,-0.99765372,1.83387709,-0.01207286,-0.99770957,0.06655758,-0.94364500
0,1598337683984862600,1598337683984765700,-0.99978429,0.01321518,0.01602483,-0.65493041,-0.01686945,-0.06649308,-0.99764425,1.83385992,-0.01211849,-0.99769938,0.06670167,-0.94236517
0,1598337683993867000,1598337683993808600,-0.99978399,0.01320684,0.01605544,-0.65495688,-0.01689625,-0.06622970,-0.99766129,1.83386898,-0.01211259,-0.99771702,0.06643854,-0.94097233
0,1598337684002774700,1598337684002703600,-0.99978632,0.01319519,0.01591806,-0.65497202,-0.01675883,-0.06626607,-0.99766117,1.83387780,-0.01210946,-0.99771482,0.06647305,-0.93965459
0,1598337684011802400,1598337684011745000,-0.99978471,0.01327199,0.01595249,-0.65501767,-0.01679847,-0.06628027,-0.99765956,1.83385468,-0.01218358,-0.99771279,0.06648895,-0.93835568
0,1598337684020792300,1598337684020722400,-0.99978399,0.01327956,0.01599310,-0.65505594,-0.01683913,-0.06625082,-0.99766088,1.83386493,-0.01218888,-0.99771464,0.06646012,-0.93698359
0,1598337684029787500,1598337684029701500,-0.99978685,0.01324630,0.01583990,-0.65506291,-0.01668298,-0.06616372,-0.99766928,1.83386064,-0.01216733,-0.99772084,0.06637061,-0.93560052
0,1598337684038737200,1598337684038643900,-0.99978441,0.01328999,0.01595498,-0.65511322,-0.01680174,-0.06624760,-0.99766171,1.83382285,-0.01220191,-0.99771470,0.06645662,-0.93425143
0,1598337684047738300,1598337684047660000,-0.99978489,0.01331159,0.01590956,-0.65517443,-0.01675892,-0.06633466,-0.99765664,1.83381867,-0.01222500,-0.99770868,0.06654349,-0.93296039
0,1598337684056678500,1598337684056589400,-0.99978644,0.01324278,0.01586850,-0.65521348,-0.01671151,-0.06618204,-0.99766755,1.83382380,-0.01216164,-0.99771971,0.06638922,-0.93158758
0,1598337684065745400,1598337684065658700,-0.99978554,0.01321533,0.01595203,-0.65526247,-0.01679387,-0.06624996,-0.99766165,1.83377898,-0.01212761,-0.99771553,0.06645769,-0.93023849
0,1598337684074544100,1598337684074485100,-0.99978542,0.01321447,0.01595649,-0.65527397,-0.01679978,-0.06637451,-0.99765331,1.83367324,-0.01212430,-0.99770725,0.06658228,-0.92878807
0,1598337684083682400,1598337684083602100,-0.99978548,0.01321936,0.01594845,-0.65533668,-0.01678891,-0.06611365,-0.99767077,1.83369946,-0.01213416,-0.99772453,0.06632141,-0.92746937
0,1598337684092552500,1598337684092455600,-0.99978566,0.01324481,0.01591831,-0.65537840,-0.01676187,-0.06622426,-0.99766392,1.83370519,-0.01215965,-0.99771684,0.06643207,-0.92612338
0,1598337684101603600,1598337684101529200,-0.99978578,0.01320714,0.01593980,-0.65542030,-0.01678179,-0.06630439,-0.99765825,1.83369088,-0.01211932,-0.99771202,0.06651183,-0.92473888
0,1598337684110490600,1598337684110415400,-0.99978638,0.01327667,0.01584817,-0.65547693,-0.01669292,-0.06613673,-0.99767089,1.83374870,-0.01219755,-0.99772227,0.06634422,-0.92347682
0,1598337684119549200,1598337684119485300,-0.99978656,0.01331273,0.01580328,-0.65552336,-0.01665148,-0.06621490,-0.99766636,1.83369946,-0.01223525,-0.99771661,0.06642244,-0.92213631
0,1598337684128501700,1598337684128423300,-0.99978703,0.01327887,0.01580405,-0.65555006,-0.01665134,-0.06632425,-0.99765915,1.83365798,-0.01219958,-0.99770975,0.06653123,-0.92075706
0,1598337684137505300,1598337684137410000,-0.99978518,0.01332864,0.01587660,-0.65557116,-0.01672494,-0.06615323,-0.99766922,1.83363044,-0.01224723,-0.99772048,0.06636193,-0.91936219
0,1598337684146387300,1598337684146309900,-0.99978632,0.01339540,0.01574935,-0.65561682,-0.01660269,-0.06617730,-0.99766970,1.83365297,-0.01232192,-0.99771798,0.06638557,-0.91810322
0,1598337684155416700,1598337684155346700,-0.99978602,0.01343912,0.01572980,-0.65562731,-0.01658661,-0.06621967,-0.99766713,1.83365822,-0.01236615,-0.99771458,0.06642842,-0.91669106
0,1598337684164407800,1598337684164249100,-0.99978459,0.01345748,0.01580479,-0.65565526,-0.01666221,-0.06618373,-0.99766827,1.83365691,-0.01238006,-0.99771667,0.06639372,-0.91533089
0,1598337684173427500,1598337684173336800,-0.99978650,0.01350230,0.01564761,-0.65562320,-0.01650642,-0.06602983,-0.99768108,1.83361268,-0.01243776,-0.99772632,0.06623861,-0.91386962
0,1598337684182290000,1598337684182223200,-0.99978447,0.01357067,0.01571434,-0.65572912,-0.01658015,-0.06623822,-0.99766600,1.83359790,-0.01249808,-0.99771160,0.06644895,-0.91260898
0,1598337684191308800,1598337684191200000,-0.99978536,0.01353610,0.01569243,-0.65577346,-0.01655592,-0.06623242,-0.99766684,1.83360636,-0.01246512,-0.99771243,0.06644231,-0.91119146
0,1598337684200307000,1598337684200192000,-0.99978602,0.01347557,0.01570026,-0.65580702,-0.01655760,-0.06606195,-0.99767810,1.83360374,-0.01240709,-0.99772453,0.06627094,-0.90982127
0,1598337684209301200,1598337684209218100,-0.99978608,0.01356176,0.01561853,-0.65586281,-0.01648469,-0.06629740,-0.99766368,1.83361185,-0.01249456,-0.99770784,0.06650678,-0.90847051
0,1598337684218152100,1598337684218104600,-0.99978465,0.01362553,0.01565780,-0.65589011,-0.01652740,-0.06623985,-0.99766678,1.83359897,-0.01255652,-0.99771070,0.06645078,-0.90720057
0,1598337684227245300,1598337684227182700,-0.99978524,0.01362863,0.01561528,-0.65591937,-0.01648539,-0.06625643,-0.99766636,1.83362174,-0.01256222,-0.99770963,0.06646688,-0.90579438
0,1598337684236203900,1598337684236091200,-0.99978507,0.01367614,0.01558502,-0.65593880,-0.01645728,-0.06617157,-0.99767250,1.83358860,-0.01261300,-0.99771458,0.06638242,-0.90440154
0,1598337684245173300,1598337684245117800,-0.99978542,0.01371112,0.01553110,-0.65600008,-0.01640761,-0.06631496,-0.99766380,1.83358240,-0.01264915,-0.99770463,0.06652570,-0.90308547
0,1598337684254085800,1598337684254033700,-0.99978447,0.01371709,0.01559009,-0.65602559,-0.01646513,-0.06617781,-0.99767196,1.83355141,-0.01265338,-0.99771363,0.06638940,-0.90172708
0,1598337684263144000,1598337684263091500,-0.99978375,0.01374337,0.01561366,-0.65604085,-0.01649133,-0.06625129,-0.99766660,1.83356667,-0.01267684,-0.99770838,0.06646360,-0.90033245
0,1598337684272049600,1598337684271973700,-0.99978507,0.01378998,0.01548716,-0.65602946,-0.01636746,-0.06619295,-0.99767256,1.83351636,-0.01273271,-0.99771154,0.06640443,-0.89891863
0,1598337684281093700,1598337684281035300,-0.99978215,0.01387286,0.01560086,-0.65611392,-0.01648587,-0.06615050,-0.99767339,1.83353984,-0.01280859,-0.99771327,0.06636480,-0.89760852
0,1598337684289991100,1598337684289911700,-0.99978405,0.01388478,0.01546432,-0.65608507,-0.01634940,-0.06607187,-0.99768084,1.83356702,-0.01283085,-0.99771833,0.06628462,-0.89622664
0,1598337684299149400,1598337684299018800,-0.99978471,0.01385632,0.01544917,-0.65610623,-0.01633257,-0.06608532,-0.99768025,1.83354115,-0.01280320,-0.99771774,0.06629740,-0.89483643
0,1598337684307967800,1598337684307924800,-0.99978489,0.01383746,0.01545527,-0.65611869,-0.01633803,-0.06613436,-0.99767691,1.83350050,-0.01278314,-0.99771476,0.06634621,-0.89342391
0,1598337684317026700,1598337684316927000,-0.99978453,0.01391423,0.01540957,-0.65615743,-0.01629476,-0.06592041,-0.99769175,1.83352149,-0.01286626,-0.99772787,0.06613294,-0.89211357
0,1598337684325997900,1598337684325867700,-0.99978423,0.01394802,0.01540051,-0.65616864,-0.01628997,-0.06607551,-0.99768162,1.83351505,-0.01289809,-0.99771720,0.06628847,-0.89074981
0,1598337684334993700,1598337684334888000,-0.99978441,0.01392311,0.01541144,-0.65619946,-0.01629951,-0.06609840,-0.99767989,1.83349574,-0.01287207,-0.99771601,0.06631110,-0.88938999
0,1598337684343824800,1598337684343759400,-0.99978453,0.01394680,0.01538022,-0.65624940,-0.01626945,-0.06606100,-0.99768287,1.83349931,-0.01289845,-0.99771816,0.06627367,-0.88808310
0,1598337684352880200,1598337684352789000,-0.99978554,0.01393965,0.01532210,-0.65626359,-0.01621111,-0.06607087,-0.99768317,1.83354056,-0.01289499,-0.99771762,0.06628267,-0.88665593
0,1598337684361861600,1598337684361777500,-0.99978691,0.01386470,0.01529846,-0.65626937,-0.01618144,-0.06598518,-0.99768931,1.83352375,-0.01282313,-0.99772429,0.06619547,-0.88532507
0,1598337684370884600,1598337684370802700,-0.99978662,0.01385930,0.01532380,-0.65628910,-0.01620861,-0.06615975,-0.99767733,1.83349550,-0.01281330,-0.99771279,0.06637028,-0.88389862
0,1598337684379806800,1598337684379698000,-0.99978685,0.01390070,0.01526706,-0.65637469,-0.01614981,-0.06577717,-0.99770361,1.83351588,-0.01286447,-0.99773753,0.06598765,-0.88262522
0,1598337684388868400,1598337684388737400,-0.99978811,0.01387322,0.01521016,-0.65638596,-0.01609475,-0.06605129,-0.99768639,1.83351517,-0.01283643,-0.99771982,0.06626058,-0.88126612
0,1598337684397731900,1598337684397668500,-0.99978876,0.01383811,0.01519984,-0.65638638,-0.01608166,-0.06601558,-0.99768895,1.83349180,-0.01280266,-0.99772269,0.06622417,-0.87990093
0,1598337684406812400,1598337684406726600,-0.99978697,0.01388445,0.01527797,-0.65642893,-0.01616221,-0.06597771,-0.99769014,1.83355212,-0.01284432,-0.99772453,0.06618806,-0.87864995
0,1598337684415694300,1598337684415612600,-0.99978721,0.01395646,0.01519502,-0.65649933,-0.01608475,-0.06602023,-0.99768859,1.83360136,-0.01292104,-0.99772072,0.06623067,-0.87738752
0,1598337684424660100,1598337684424616600,-0.99978751,0.01394895,0.01518090,-0.65651041,-0.01606959,-0.06597544,-0.99769181,1.83355105,-0.01291513,-0.99772382,0.06618558,-0.87603366
0,1598337684433554000,1598337684433495100,-0.99978685,0.01389655,0.01527547,-0.65652609,-0.01616218,-0.06610691,-0.99768162,1.83351183,-0.01285446,-0.99771577,0.06631742,-0.87462640
0,1598337684442721100,1598337684442649600,-0.99978733,0.01393712,0.01520231,-0.65651131,-0.01609058,-0.06600732,-0.99768937,1.83349848,-0.01290143,-0.99772185,0.06621754,-0.87321615
0,1598337684451669400,1598337684451533500,-0.99978608,0.01402175,0.01521202,-0.65658557,-0.01610574,-0.06599722,-0.99768978,1.83352268,-0.01298538,-0.99772125,0.06620894,-0.87198222
0,1598337684460581200,1598337684460512500,-0.99978673,0.01397833,0.01520677,-0.65660328,-0.01609826,-0.06604611,-0.99768662,1.83350730,-0.01294163,-0.99771869,0.06625705,-0.87059772
0,1598337684469479000,1598337684469440000,-0.99978650,0.01400477,0.01520141,-0.65665138,-0.01609503,-0.06607421,-0.99768484,1.83353925,-0.01296785,-0.99771643,0.06628551,-0.86930680
0,1598337684478643500,1598337684478521400,-0.99978614,0.01404172,0.01518456,-0.65674639,-0.01607921,-0.06596218,-0.99769253,1.83358073,-0.01300770,-0.99772340,0.06617386,-0.86800826
0,1598337684487521200,1598337684487412300,-0.99978876,0.01400590,0.01504874,-0.65677446,-0.01594246,-0.06605111,-0.99768883,1.83355796,-0.01297957,-0.99771798,0.06626045,-0.86665690
0,1598337684496526000,1598337684496433700,-0.99978697,0.01399329,0.01517691,-0.65682566,-0.01606881,-0.06599709,-0.99769038,1.83352685,-0.01295936,-0.99772173,0.06620789,-0.86520565
0,1598337684505449700,1598337684505355100,-0.99978697,0.01403955,0.01513076,-0.65684485,-0.01602460,-0.06590302,-0.99769729,1.83350873,-0.01301000,-0.99772727,0.06611396,-0.86383379
0,1598337684514427700,1598337684514349000,-0.99978703,0.01414779,0.01502915,-0.65693194,-0.01593091,-0.06594437,-0.99769604,1.83354652,-0.01312408,-0.99772304,0.06615572,-0.86256206
0,1598337684523393100,1598337684523280900,-0.99978518,0.01424095,0.01506342,-0.65696049,-0.01597062,-0.06589592,-0.99769861,1.83350992,-0.01321554,-0.99772489,0.06610921,-0.86120903
0,1598337684532373400,1598337684532292000,-0.99978757,0.01414341,0.01499512,-0.65696543,-0.01589752,-0.06601012,-0.99769223,1.83349681,-0.01312092,-0.99771875,0.06622095,-0.85981345
0,1598337684541425400,1598337684541371300,-0.99978840,0.01400664,0.01506929,-0.65698820,-0.01596162,-0.06594459,-0.99769557,1.83352947,-0.01298061,-0.99772501,0.06615421,-0.85844994
0,1598337684550334100,1598337684550247300,-0.99979001,0.01401499,0.01495486,-0.65705222,-0.01584639,-0.06582224,-0.99770546,1.83355165,-0.01299843,-0.99773288,0.06603052,-0.85722697
0,1598337684559333400,1598337684559258400,-0.99979073,0.01396716,0.01495074,-0.65708303,-0.01584217,-0.06605753,-0.99769002,1.83348155,-0.01294726,-0.99771810,0.06626498,-0.85591030
0,1598337684568440400,1598337684568351100,-0.99979001,0.01391017,0.01505263,-0.65710318,-0.01593865,-0.06594695,-0.99769574,1.83343673,-0.01288542,-0.99772620,0.06615482,-0.85449541
0,1598337684577256600,1598337684577167000,-0.99979198,0.01388863,0.01494262,-0.65710044,-0.01582752,-0.06595306,-0.99769711,1.83344030,-0.01287109,-0.99772608,0.06615916,-0.85316789
0,1598337684586253700,1598337684586176700,-0.99979234,0.01392290,0.01488536,-0.65716642,-0.01577420,-0.06607334,-0.99769002,1.83346796,-0.01290718,-0.99771768,0.06627925,-0.85189116
0,1598337684595251100,1598337684595180100,-0.99979240,0.01382127,0.01497517,-0.65719932,-0.01585549,-0.06594860,-0.99769700,1.83343959,-0.01280186,-0.99772733,0.06615406,-0.85049355
0,1598337684604148300,1598337684604089300,-0.99979460,0.01377630,0.01486969,-0.65720296,-0.01574710,-0.06593653,-0.99769950,1.83342612,-0.01276413,-0.99772871,0.06613992,-0.84907830
0,1598337684613169600,1598337684613094900,-0.99979508,0.01375771,0.01485120,-0.65730363,-0.01572686,-0.06589298,-0.99770272,1.83346319,-0.01274750,-0.99773180,0.06609585,-0.84780502
0,1598337684622349000,1598337684622123700,-0.99979556,0.01371765,0.01485913,-0.65734249,-0.01573249,-0.06592126,-0.99770075,1.83345497,-0.01270655,-0.99773055,0.06612360,-0.84638155
0,1598337684631129300,1598337684631043600,-0.99979591,0.01365170,0.01490067,-0.65739292,-0.01576872,-0.06585309,-0.99770468,1.83339524,-0.01263911,-0.99773598,0.06605492,-0.84496689
0,1598337684640145400,1598337684640038200,-0.99979603,0.01361504,0.01491831,-0.65744483,-0.01578466,-0.06591348,-0.99770045,1.83339655,-0.01260042,-0.99773246,0.06611495,-0.84363449
0,1598337684649020200,1598337684648921500,-0.99979639,0.01367798,0.01484276,-0.65752161,-0.01571332,-0.06590480,-0.99770212,1.83340836,-0.01266831,-0.99773222,0.06610630,-0.84239924
0,1598337684658072600,1598337684658027500,-0.99979675,0.01359767,0.01488959,-0.65756547,-0.01575497,-0.06592328,-0.99770027,1.83336341,-0.01258478,-0.99773204,0.06612411,-0.84102619
0,1598337684666998500,1598337684666920800,-0.99979877,0.01350275,0.01483942,-0.65758371,-0.01570083,-0.06609905,-0.99768949,1.83335865,-0.01249069,-0.99772173,0.06629775,-0.83974433
0,1598337684676286100,1598337684676216600,-0.99979848,0.01350388,0.01485704,-0.65763742,-0.01571667,-0.06595337,-0.99769884,1.83341873,-0.01249292,-0.99773139,0.06615232,-0.83843446
0,1598337684685020200,1598337684684872800,-0.99979836,0.01352975,0.01484450,-0.65774536,-0.01570618,-0.06597862,-0.99769735,1.83345807,-0.01251912,-0.99772936,0.06617783,-0.83723748
0,1598337684693922600,1598337684693852800,-0.99979943,0.01348582,0.01481457,-0.65775663,-0.01567356,-0.06599082,-0.99769706,1.83341539,-0.01247710,-0.99772918,0.06618896,-0.83580768
0,1598337684702983100,1598337684702880700,-0.99979770,0.01350805,0.01490750,-0.65778464,-0.01576772,-0.06598704,-0.99769586,1.83339870,-0.01249319,-0.99772906,0.06618669,-0.83445275
0,1598337684711872900,1598337684711830200,-0.99979997,0.01348802,0.01477455,-0.65782809,-0.01563308,-0.06593498,-0.99770141,1.83341849,-0.01248282,-0.99773276,0.06613265,-0.83316422
0,1598337684721003500,1598337684720904600,-0.99980080,0.01350552,0.01470285,-0.65783274,-0.01556124,-0.06581967,-0.99771011,1.83339798,-0.01250684,-0.99774015,0.06601673,-0.83181953
0,1598337684729922700,1598337684729830400,-0.99980003,0.01349944,0.01475921,-0.65785313,-0.01561937,-0.06600272,-0.99769711,1.83337855,-0.01249418,-0.99772811,0.06620038,-0.83039343
0,1598337684738820100,1598337684738715500,-0.99980152,0.01345390,0.01470140,-0.65787852,-0.01555638,-0.06581973,-0.99771023,1.83335471,-0.01245543,-0.99774081,0.06601597,-0.82902777
0,1598337684747821900,1598337684747774600,-0.99980068,0.01350743,0.01470351,-0.65797341,-0.01556309,-0.06590523,-0.99770445,1.83340120,-0.01250738,-0.99773449,0.06610231,-0.82776952
0,1598337684756755200,1598337684756714700,-0.99980158,0.01352251,0.01462869,-0.65800625,-0.01548819,-0.06580639,-0.99771214,1.83337760,-0.01252887,-0.99774081,0.06600278,-0.82639027
0,1598337684765778800,1598337684765698700,-0.99980211,0.01343983,0.01466931,-0.65805477,-0.01552382,-0.06585137,-0.99770862,1.83332968,-0.01244304,-0.99773890,0.06604698,-0.82500422
0,1598337684774715700,1598337684774649000,-0.99980271,0.01341289,0.01465321,-0.65807295,-0.01550692,-0.06592758,-0.99770385,1.83325672,-0.01241601,-0.99773431,0.06612258,-0.82358325
0,1598337684783718900,1598337684783650600,-0.99980187,0.01343706,0.01469243,-0.65816122,-0.01554576,-0.06577493,-0.99771333,1.83327413,-0.01243991,-0.99774408,0.06597079,-0.82234669
0,1598337684792700300,1598337684792601700,-0.99980259,0.01346958,0.01461187,-0.65818709,-0.01546906,-0.06589853,-0.99770635,1.83326101,-0.01247573,-0.99773538,0.06609388,-0.82100666
0,1598337684801657700,1598337684801586900,-0.99980348,0.01344743,0.01457005,-0.65819830,-0.01542706,-0.06599443,-0.99770069,1.83324599,-0.01245496,-0.99772942,0.06618891,-0.81967974
0,1598337684810636500,1598337684810592600,-0.99980211,0.01344949,0.01466102,-0.65823251,-0.01551657,-0.06588221,-0.99770671,1.83323264,-0.01245269,-0.99773675,0.06607787,-0.81830645
0,1598337684819620200,1598337684819534300,-0.99980414,0.01344657,0.01452380,-0.65828103,-0.01538044,-0.06596208,-0.99770355,1.83327913,-0.01245767,-0.99773157,0.06615598,-0.81707883
0,1598337684828561100,1598337684828506300,-0.99980444,0.01343128,0.01451739,-0.65827161,-0.01537341,-0.06599180,-0.99770170,1.83328593,-0.01244238,-0.99772978,0.06618539,-0.81572282
0,1598337684837699900,1598337684837569000,-0.99980307,0.01344362,0.01460331,-0.65828961,-0.01545914,-0.06592571,-0.99770474,1.83325410,-0.01244998,-0.99773395,0.06612056,-0.81438708
0,1598337684846503100,1598337684846435300,-0.99980390,0.01348218,0.01451435,-0.65839458,-0.01537550,-0.06613209,-0.99769235,1.83327937,-0.01249120,-0.99771976,0.06632642,-0.81316245
0,1598337684855599900,1598337684855534900,-0.99980301,0.01350188,0.01455173,-0.65841907,-0.01541152,-0.06592560,-0.99770546,1.83326793,-0.01251152,-0.99773318,0.06612070,-0.81179345
0,1598337684864449600,1598337684864389800,-0.99980348,0.01351574,0.01450861,-0.65841836,-0.01537172,-0.06611028,-0.99769384,1.83326793,-0.01252535,-0.99772078,0.06630506,-0.81043470
