5,1597335506912691100,1597335506912630200,-0.68072075,-0.18589032,-0.70856494,0.96336544,-0.72359598,0.32134506,0.61085701,1.50050700,0.11414148,0.92853773,-0.35325569,-0.06682289
5,1597335506921894200,1597335506921793700,-0.68113548,-0.18562576,-0.70823562,0.96315181,-0.72318357,0.32156095,0.61123163,1.50210536,0.11428058,0.92851591,-0.35326809,-0.06678188
5,1597335506930656200,1597335506930614400,-0.68163019,-0.19214624,-0.70601714,0.96311677,-0.71912336,0.35403243,0.59793198,1.50316000,0.13506259,0.91528195,-0.37949607,-0.06615388
5,1597335506939899300,1597335506939761000,-0.68171787,-0.19234481,-0.70587844,0.96283233,-0.71901304,0.35444501,0.59782016,1.50468767,0.13520752,0.91508049,-0.37992990,-0.06627619
5,1597335506948571900,1597335506948512000,-0.68261015,-0.18793643,-0.70620352,0.96240222,-0.72205424,0.32236356,0.61214328,1.50603700,0.11261027,0.92777246,-0.35574895,-0.06712973
5,1597335506957683300,1597335506957665200,-0.68257684,-0.18819141,-0.70616782,0.96216738,-0.72206539,0.32273090,0.61193657,1.50738358,0.11274096,0.92759311,-0.35617509,-0.06712139
5,1597335506966482700,1597335506966436400,-0.68293834,-0.18809354,-0.70584428,0.96315849,-0.72171962,0.32291219,0.61224878,1.50942731,0.11276567,0.92754978,-0.35627997,-0.06564093
5,1597335506975793600,1597335506975754000,-0.68251783,-0.18730098,-0.70646155,0.96289074,-0.72210419,0.32206032,0.61224395,1.51054549,0.11284934,0.92800623,-0.35506272,-0.06554985
5,1597335506984552400,1597335506984456600,-0.68284023,-0.18761793,-0.70606583,0.96278965,-0.72182363,0.32234380,0.61242557,1.51184416,0.11269392,0.92784381,-0.35553634,-0.06541288
5,1597335506993777100,1597335506993715300,-0.68261361,-0.18749860,-0.70631665,0.96259725,-0.72199523,0.32244581,0.61216962,1.51316500,0.11296789,0.92783248,-0.35547903,-0.06531060
5,1597335507002460100,1597335507002385300,-0.68306738,-0.18750590,-0.70587575,0.96238482,-0.72162580,0.32225263,0.61270666,1.51513660,0.11258417,0.92789811,-0.35542941,-0.06382489
5,1597335507011622600,1597335507011533500,-0.68294972,-0.18752354,-0.70598501,0.96234643,-0.72174889,0.32209507,0.61264449,1.51627588,0.11250904,0.92794925,-0.35531962,-0.06417823
5,1597335507020388500,1597335507020339400,-0.68260187,-0.18741068,-0.70635128,0.96210063,-0.72200328,0.32238668,0.61219126,1.51758444,0.11298710,0.92787081,-0.35537291,-0.06397450
5,1597335507029626500,1597335507029520800,-0.68254107,-0.18734467,-0.70642751,0.96187007,-0.72205704,0.32232040,0.61216271,1.51891613,0.11301060,0.92790711,-0.35527050,-0.06372428
5,1597335507038374400,1597335507038292400,-0.68296051,-0.18745455,-0.70599288,0.96190369,-0.72172141,0.32218498,0.61262965,1.52075577,0.11262009,0.92793202,-0.35532963,-0.06201530
5,1597335507047741000,1597335507047670200,-0.68343323,-0.18758693,-0.70550001,0.96211708,-0.72135109,0.32196739,0.61317992,1.52231503,0.11212343,0.92798078,-0.35535926,-0.06140983
5,1597335507056244400,1597335507056181900,-0.68297386,-0.18772775,-0.70590734,0.96198094,-0.72176641,0.32195503,0.61269754,1.52362120,0.11225013,0.92795658,-0.35538238,-0.06100094
5,1597335507065354800,1597335507065285300,-0.68320882,-0.18760294,-0.70571315,0.96184146,-0.72155982,0.32186806,0.61298645,1.52498257,0.11214848,0.92801189,-0.35526982,-0.06062174
5,1597335507074191400,1597335507074152500,-0.68274343,-0.18731353,-0.70624024,0.96128571,-0.72194684,0.32175684,0.61258900,1.52629292,0.11249144,0.92810905,-0.35490781,-0.05914485
5,1597335507083469600,1597335507083368900,-0.68271208,-0.18735722,-0.70625883,0.96103561,-0.72198087,0.32173750,0.61255908,1.52762890,0.11246260,0.92810684,-0.35492241,-0.05858326
5,1597335507092316900,1597335507092216100,-0.68278712,-0.18746069,-0.70615888,0.96078479,-0.72192091,0.32178524,0.61260468,1.52890468,0.11239220,0.92806953,-0.35504264,-0.05805278
5,1597335507101461400,1597335507101343600,-0.68285817,-0.18742800,-0.70609885,0.96099222,-0.72184986,0.32183430,0.61266255,1.53051138,0.11241668,0.92805898,-0.35506207,-0.05709684
5,1597335507110272400,1597335507110188400,-0.68268394,-0.18746170,-0.70625836,0.96080053,-0.72202539,0.32166216,0.61254615,1.53160477,0.11234765,0.92811191,-0.35494572,-0.05627882
5,1597335507119310200,1597335507119213800,-0.68267184,-0.18752998,-0.70625198,0.96056807,-0.72202891,0.32177940,0.61248046,1.53286958,0.11239888,0.92805743,-0.35507178,-0.05558205
5,1597335507128291000,1597335507128152400,-0.68245310,-0.18745029,-0.70648450,0.96031320,-0.72219563,0.32189927,0.61222082,1.53409171,0.11265586,0.92803198,-0.35505688,-0.05484796
5,1597335507137694600,1597335507137608100,-0.68283534,-0.18756291,-0.70608521,0.96055305,-0.72185624,0.32206291,0.61253494,1.53547955,0.11251500,0.92795247,-0.35530937,-0.05410933
5,1597335507146063400,1597335507145961300,-0.68277657,-0.18771392,-0.70610183,0.96043956,-0.72193146,0.32199359,0.61248273,1.53637218,0.11238874,0.92794603,-0.35536626,-0.05356228
5,1597335507155196600,1597335507155109200,-0.68302292,-0.18777123,-0.70584834,0.96025193,-0.72172219,0.32200602,0.61272281,1.53757024,0.11223568,0.92793006,-0.35545617,-0.05276740
5,1597335507164003800,1597335507163934800,-0.68304271,-0.18753412,-0.70589221,0.96025169,-0.72167575,0.32204205,0.61275852,1.53885317,0.11241384,0.92796552,-0.35530728,-0.05170846
5,1597335507173165200,1597335507173129500,-0.68290073,-0.18742326,-0.70605898,0.96015346,-0.72181386,0.32182279,0.61271107,1.53990149,0.11238959,0.92806399,-0.35505772,-0.05042183
5,1597335507181992400,1597335507181952400,-0.68291199,-0.18756971,-0.70600921,0.95998538,-0.72179711,0.32200757,0.61263371,1.54097986,0.11242880,0.92797029,-0.35529011,-0.04959607
5,1597335507191055900,1597335507191002200,-0.68305361,-0.18738094,-0.70592237,0.95980966,-0.72167075,0.32187247,0.61285353,1.54215693,0.11237991,0.92805529,-0.35508350,-0.04874706
5,1597335507199945800,1597335507199923300,-0.68291932,-0.18731436,-0.70606989,0.95986927,-0.72175652,0.32206801,0.61264974,1.54334211,0.11264440,0.92800087,-0.35514188,-0.04769731
5,1597335507209043800,1597335507208967200,-0.68314284,-0.18714267,-0.70589918,0.95984495,-0.72158706,0.32171664,0.61303383,1.54435372,0.11237474,0.92815745,-0.35481814,-0.04697275
5,1597335507218060500,1597335507217882200,-0.68288177,-0.18730569,-0.70610845,0.95965517,-0.72178715,0.32207677,0.61260909,1.54530740,0.11267596,0.92799962,-0.35513520,-0.04610026
5,1597335507227604600,1597335507227516300,-0.68295705,-0.18745494,-0.70599604,0.95951831,-0.72170621,0.32233471,0.61256874,1.54640567,0.11273800,0.92787993,-0.35542822,-0.04513443
5,1597335507237045900,1597335507236957800,-0.68324113,-0.18747348,-0.70571625,0.95942628,-0.72145963,0.32235119,0.61285049,1.54735446,0.11259528,0.92787045,-0.35549805,-0.04422808
5,1597335507245806600,1597335507245765700,-0.68357432,-0.18750712,-0.70538455,0.95924819,-0.72120214,0.32211584,0.61327714,1.54806173,0.11222170,0.92794538,-0.35542068,-0.04352796
5,1597335507254901600,1597335507254854800,-0.68337673,-0.18752798,-0.70557046,0.95910537,-0.72135854,0.32226071,0.61301702,1.54892898,0.11241981,0.92789090,-0.35550040,-0.04245174
5,1597335507263789300,1597335507263711300,-0.68320507,-0.18740529,-0.70576924,0.95890653,-0.72149193,0.32228357,0.61284804,1.54973996,0.11260688,0.92790771,-0.35539716,-0.04136515
5,1597335507272922600,1597335507272891000,-0.68313956,-0.18713251,-0.70590502,0.95881402,-0.72153914,0.32212627,0.61287516,1.55049801,0.11270170,0.92801738,-0.35508066,-0.04040718
5,1597335507281726300,1597335507281678100,-0.68314022,-0.18726063,-0.70587045,0.95879591,-0.72157425,0.32194367,0.61292976,1.55105901,0.11247297,0.92805487,-0.35505509,-0.03998017
5,1597335507290803400,1597335507290769100,-0.68336207,-0.18738341,-0.70562303,0.95870602,-0.72139108,0.32197124,0.61313087,1.55179703,0.11229977,0.92802048,-0.35519969,-0.03888559
5,1597335507299751700,1597335507299684200,-0.68311346,-0.18704721,-0.70595288,0.95859087,-0.72157449,0.32194769,0.61292732,1.55234981,0.11263356,0.92809653,-0.35489529,-0.03786361
5,1597335507308731900,1597335507308642200,-0.68384081,-0.18735176,-0.70516747,0.95862305,-0.72098380,0.32186928,0.61366326,1.55272114,0.11200087,0.92806232,-0.35518491,-0.03710878
5,1597335507317201000,1597335507317082200,-0.68341625,-0.18702254,-0.70566630,0.95851290,-0.72132647,0.32180241,0.61329544,1.55323708,0.11238508,0.92815185,-0.35482931,-0.03601861
5,1597335507326356800,1597335507326263900,-0.68378967,-0.18717021,-0.70526528,0.95847261,-0.72101527,0.32181913,0.61365253,1.55367565,0.11211039,0.92811632,-0.35500920,-0.03488505
5,1597335507335174900,1597335507335073600,-0.68363243,-0.18681541,-0.70551175,0.95859468,-0.72112906,0.32170039,0.61358106,1.55403531,0.11233701,0.92822897,-0.35464281,-0.03385818
5,1597335507344234500,1597335507344170600,-0.68351829,-0.18676442,-0.70563579,0.95847356,-0.72123623,0.32159060,0.61351269,1.55420208,0.11234349,0.92827731,-0.35451433,-0.03333330
5,1597335507353173400,1597335507353111000,-0.68372172,-0.18669564,-0.70545691,0.95839989,-0.72104698,0.32163304,0.61371285,1.55443668,0.11232077,0.92827642,-0.35452384,-0.03217626
5,1597335507362175800,1597335507362141200,-0.68387783,-0.18669647,-0.70530540,0.95832956,-0.72091717,0.32158378,0.61389112,1.55464637,0.11220349,0.92829329,-0.35451669,-0.03097022
5,1597335507370980800,1597335507370950100,-0.68365097,-0.18655023,-0.70556402,0.95821059,-0.72111821,0.32142681,0.61373717,1.55454326,0.11229436,0.92837709,-0.35426855,-0.03078496
5,1597335507380171900,1597335507380073300,-0.68361300,-0.18663678,-0.70557785,0.95811832,-0.72115433,0.32147604,0.61366898,1.55459106,0.11229320,0.92834258,-0.35435906,-0.02961671
5,1597335507388913000,1597335507388881400,-0.68377984,-0.18665788,-0.70541054,0.95801198,-0.72100657,0.32151589,0.61382174,1.55455923,0.11222602,0.92832458,-0.35442764,-0.02852571
5,1597335507398003400,1597335507397957500,-0.68382782,-0.18643081,-0.70542413,0.95785558,-0.72094417,0.32148919,0.61390901,1.55429029,0.11233465,0.92837948,-0.35424954,-0.02735877
5,1597335507406945000,1597335507406914200,-0.68405926,-0.18645054,-0.70519447,0.95819700,-0.72074389,0.32149646,0.61414027,1.55380130,0.11221077,0.92837298,-0.35430574,-0.02699411
5,1597335507415715300,1597335507415617100,-0.68412900,-0.18669367,-0.70506251,0.95823705,-0.72068554,0.32168880,0.61410803,1.55352998,0.11216064,0.92825747,-0.35462409,-0.02593589
5,1597335507424855600,1597335507424789300,-0.68375629,-0.18668887,-0.70542526,0.95825946,-0.72098440,0.32189575,0.61364865,1.55319762,0.11251202,0.92818666,-0.35469800,-0.02486968
5,1597335507433903900,1597335507433746500,-0.68406779,-0.18639374,-0.70520127,0.95831931,-0.72066700,0.32202056,0.61395586,1.55240846,0.11265182,0.92820269,-0.35461169,-0.02395248
5,1597335507442577500,1597335507442448500,-0.68394035,-0.18641430,-0.70531946,0.95838583,-0.72079605,0.32188898,0.61387336,1.55192399,0.11259975,0.92824423,-0.35451955,-0.02303767
5,1597335507451884100,1597335507451716800,-0.68421602,-0.18648577,-0.70503306,0.95841348,-0.72055250,0.32198006,0.61411148,1.55130398,0.11248353,0.92819822,-0.35467672,-0.02197170
5,1597335507460455700,1597335507460433900,-0.68418592,-0.18659294,-0.70503390,0.95845234,-0.72056371,0.32219774,0.61398423,1.55072057,0.11259522,0.92810118,-0.35489526,-0.02101612
5,1597335507469706100,1597335507469604000,-0.68405765,-0.18638864,-0.70521247,0.95862234,-0.72065175,0.32221431,0.61387211,1.54994345,0.11281076,0.92813647,-0.35473442,-0.02031612
5,1597335507478492600,1597335507478408900,-0.68391955,-0.18641636,-0.70533901,0.95860898,-0.72076714,0.32227784,0.61370331,1.54910409,0.11291081,0.92810887,-0.35477495,-0.01988363
5,1597335507487561400,1597335507487471400,-0.68410182,-0.18640304,-0.70516580,0.95857751,-0.72058988,0.32241943,0.61383706,1.54827380,0.11293809,0.92806238,-0.35488790,-0.01893640
5,1597335507496345400,1597335507496287200,-0.68388921,-0.18631929,-0.70539415,0.95854914,-0.72076041,0.32246587,0.61361241,1.54750443,0.11313774,0.92806304,-0.35482252,-0.01795721
5,1597335507505517000,1597335507505425100,-0.68378448,-0.18682054,-0.70536304,0.95876253,-0.72084796,0.32293043,0.61326516,1.54646778,0.11321266,0.92780071,-0.35548401,-0.01762176
5,1597335507514402800,1597335507514311800,-0.68374020,-0.18670490,-0.70543659,0.95867598,-0.72091752,0.32257497,0.61337042,1.54534125,0.11303693,0.92794764,-0.35515627,-0.01696992
5,1597335507523556900,1597335507523415800,-0.68376231,-0.18656394,-0.70545244,0.95867646,-0.72087932,0.32260776,0.61339813,1.54429197,0.11314648,0.92796463,-0.35507706,-0.01604247
5,1597335507532379000,1597335507532268100,-0.68395054,-0.18659639,-0.70526135,0.95879781,-0.72067666,0.32295561,0.61345321,1.54293776,0.11329997,0.92783701,-0.35536131,-0.01570821
5,1597335507541579400,1597335507541296200,-0.68380076,-0.18706369,-0.70528275,0.95891201,-0.72084606,0.32304087,0.61320925,1.54173636,0.11312596,0.92771327,-0.35573977,-0.01590157
5,1597335507550361800,1597335507550274600,-0.68348885,-0.18671224,-0.70567811,0.95893967,-0.72110832,0.32280785,0.61302358,1.54055941,0.11333939,0.92786515,-0.35527533,-0.01505160
5,1597335507559455700,1597335507559315500,-0.68384117,-0.18667641,-0.70534629,0.95900786,-0.72079587,0.32282811,0.61338025,1.53936243,0.11320199,0.92786533,-0.35531878,-0.01419401
5,1597335507568135300,1597335507568071300,-0.68382514,-0.18675587,-0.70534080,0.95946443,-0.72081238,0.32287592,0.61333567,1.53813028,0.11319350,0.92783272,-0.35540667,-0.01370072
5,1597335507577436200,1597335507577338300,-0.68377912,-0.18692636,-0.70534021,0.95958030,-0.72089237,0.32269618,0.61333627,1.53665209,0.11296186,0.92786086,-0.35540670,-0.01371622
5,1597335507586098900,1597335507586035700,-0.68384451,-0.18655941,-0.70537400,0.95960128,-0.72080255,0.32264763,0.61346734,1.53533781,0.11313915,0.92795163,-0.35511333,-0.01307201
5,1597335507595256200,1597335507595180200,-0.68415344,-0.18661642,-0.70505917,0.95966661,-0.72052771,0.32274598,0.61373842,1.53407753,0.11302133,0.92790592,-0.35527009,-0.01231289
5,1597335507604086700,1597335507604015200,-0.68413806,-0.18689618,-0.70500004,0.95976865,-0.72056472,0.32279590,0.61366868,1.53272724,0.11287878,0.92783231,-0.35550785,-0.01189971
5,1597335507613253800,1597335507613191200,-0.68412125,-0.18672949,-0.70506048,0.95979154,-0.72058344,0.32261717,0.61374068,1.53129148,0.11286114,0.92792797,-0.35526344,-0.01180696
5,1597335507622088000,1597335507621984300,-0.68412149,-0.18681622,-0.70503730,0.95983922,-0.72058392,0.32268718,0.61370337,1.53014946,0.11285673,0.92788619,-0.35537401,-0.01111531
5,1597335507631287100,1597335507631189600,-0.68398547,-0.18696132,-0.70513082,0.95984733,-0.72071189,0.32273465,0.61352813,1.52873516,0.11286412,0.92784047,-0.35549104,-0.01039314
5,1597335507640007600,1597335507639935500,-0.68403924,-0.18705344,-0.70505428,0.95988739,-0.72067702,0.32271686,0.61357838,1.52716327,0.11276098,0.92782807,-0.35555613,-0.01041865
5,1597335507649124900,1597335507649088400,-0.68383354,-0.18671620,-0.70534313,0.95988357,-0.72083813,0.32257041,0.61346620,1.52584434,0.11297876,0.92794693,-0.35517663,-0.00976014
5,1597335507657967600,1597335507657935400,-0.68362838,-0.18695813,-0.70547783,0.95994031,-0.72102523,0.32270896,0.61317337,1.52448583,0.11302629,0.92785001,-0.35541451,-0.00909996
5,1597335507667053700,1597335507666965700,-0.68400049,-0.18684056,-0.70514834,0.96003544,-0.72070950,0.32254231,0.61363208,1.52311063,0.11278883,0.92793167,-0.35527682,-0.00846434
5,1597335507675894600,1597335507675821000,-0.68434364,-0.18691960,-0.70479435,0.96039903,-0.72043109,0.32244334,0.61401087,1.52160072,0.11248559,0.92795014,-0.35532469,-0.00782776
5,1597335507685129700,1597335507685039200,-0.68498373,-0.18680540,-0.70420247,0.96051872,-0.71987069,0.32236153,0.61471075,1.52012396,0.11217654,0.92800158,-0.35528815,-0.00716066
5,1597335507693820200,1597335507693773800,-0.68455261,-0.18654931,-0.70468944,0.96063149,-0.72021204,0.32242453,0.61427766,1.51878142,0.11261609,0.92803121,-0.35507160,-0.00649714
5,1597335507702959700,1597335507702900300,-0.68427306,-0.18698692,-0.70484495,0.96089542,-0.72048342,0.32257673,0.61387938,1.51720726,0.11257920,0.92789024,-0.35545158,-0.00619698
5,1597335507711981400,1597335507711872300,-0.68510568,-0.18659103,-0.70414066,0.96114337,-0.71977723,0.32206601,0.61497498,1.51589096,0.11203097,0.92814726,-0.35495326,-0.00531316
5,1597335507721112000,1597335507720902400,-0.68465650,-0.18652004,-0.70459622,0.96134603,-0.72015369,0.32213321,0.61449891,1.51465821,0.11235748,0.92813826,-0.35487369,-0.00470209
5,1597335507729879700,1597335507729759900,-0.68443924,-0.18659747,-0.70478690,0.96152723,-0.72034693,0.32216957,0.61425328,1.51336181,0.11244279,0.92811006,-0.35492039,-0.00408030
5,1597335507738836200,1597335507738730400,-0.68398184,-0.18647662,-0.70526272,0.96134746,-0.72076494,0.32190248,0.61390287,1.51152039,0.11254729,0.92822701,-0.35458127,-0.00394726
5,1597335507747839100,1597335507747741200,-0.68390775,-0.18659899,-0.70530212,0.96155274,-0.72083867,0.32193226,0.61380064,1.51038194,0.11252494,0.92819208,-0.35467976,-0.00323653
5,1597335507757092000,1597335507756995200,-0.68376738,-0.18660545,-0.70543659,0.96172202,-0.72097754,0.32179978,0.61370695,1.50904083,0.11248827,0.92823672,-0.35457456,-0.00252867
5,1597335507765750900,1597335507765701700,-0.68328434,-0.18648586,-0.70593596,0.96123779,-0.72136867,0.32193241,0.61317760,1.50761402,0.11291476,0.92821479,-0.35449642,-0.00210834
5,1597335507774899400,1597335507774772400,-0.68314421,-0.18659002,-0.70604414,0.96136010,-0.72152317,0.32175356,0.61308968,1.50584364,0.11277580,0.92825586,-0.35443306,-0.00137830
5,1597335507783760600,1597335507783673500,-0.68338972,-0.18644994,-0.70584351,0.96147048,-0.72130311,0.32168770,0.61338311,1.50444162,0.11269592,0.92830688,-0.35432500,-0.00066662
5,1597335507792828700,1597335507792716900,-0.68327641,-0.18656164,-0.70592368,0.96164429,-0.72141021,0.32171372,0.61324352,1.50316644,0.11269765,0.92827541,-0.35440683,0.00006604
5,1597335507801534100,1597335507801490600,-0.68343961,-0.18672958,-0.70572126,0.96139991,-0.72128683,0.32170740,0.61339194,1.50137591,0.11249731,0.92824382,-0.35455316,0.00035143
5,1597335507810787700,1597335507810679200,-0.68335789,-0.18697715,-0.70573497,0.96170175,-0.72138387,0.32170829,0.61327738,1.49969697,0.11237192,0.92819369,-0.35472417,0.00083899
5,1597335507819463900,1597335507819392600,-0.68345946,-0.18699652,-0.70563138,0.96185148,-0.72128683,0.32179716,0.61334485,1.49826670,0.11237685,0.92815900,-0.35481343,0.00156045
5,1597335507828560500,1597335507828530900,-0.68379140,-0.18693879,-0.70532501,0.96204364,-0.72098887,0.32182375,0.61368114,1.49684739,0.11226954,0.92816132,-0.35484105,0.00229454
5,1597335507837622600,1597335507837542400,-0.68333638,-0.18667656,-0.70583522,0.96142852,-0.72136539,0.32175359,0.61327535,1.49493265,0.11262088,0.92823851,-0.35452795,0.00199652
5,1597335507846576500,1597335507846487700,-0.68348432,-0.18673721,-0.70567596,0.96150649,-0.72124535,0.32173556,0.61342591,1.49357212,0.11249156,0.92823249,-0.35458457,0.00272226
5,1597335507855613200,1597335507855544300,-0.68356526,-0.18670404,-0.70560634,0.96153390,-0.72117025,0.32174611,0.61350870,1.49225247,0.11248155,0.92823553,-0.35457987,0.00338507
5,1597335507864546300,1597335507864511900,-0.68312949,-0.18659058,-0.70605826,0.96141613,-0.72153008,0.32180262,0.61305583,1.49067259,0.11282095,0.92823875,-0.35446355,0.00351286
5,1597335507873393300,1597335507873330700,-0.68310660,-0.18647942,-0.70610970,0.96143472,-0.72154188,0.32177213,0.61305791,1.48891401,0.11288373,0.92827165,-0.35435742,0.00348592
5,1597335507882401500,1597335507882349600,-0.68307507,-0.18653011,-0.70612681,0.96150815,-0.72155881,0.32190207,0.61296976,1.48760033,0.11296633,0.92821640,-0.35447574,0.00416994
5,1597335507891495700,1597335507891350700,-0.68294734,-0.18663082,-0.70622379,0.96153915,-0.72167414,0.32195327,0.61280710,1.48620939,0.11300237,0.92817843,-0.35456374,0.00483274
5,1597335507900663800,1597335507900578600,-0.68348700,-0.18644926,-0.70574951,0.96136963,-0.72117966,0.32200739,0.61336052,1.48464513,0.11289592,0.92819619,-0.35455132,0.00508666
5,1597335507909395700,1597335507909217200,-0.68362796,-0.18649015,-0.70560223,0.96130121,-0.72107565,0.32189071,0.61354405,1.48292327,0.11270688,0.92822838,-0.35452700,0.00492978
5,1597335507918365100,1597335507918317300,-0.68379676,-0.18626845,-0.70549721,0.96127307,-0.72090560,0.32188889,0.61374474,1.48145700,0.11277042,0.92827356,-0.35438854,0.00557923
5,1597335507927136300,1597335507927095600,-0.68347746,-0.18603006,-0.70586938,0.96124065,-0.72114837,0.32196829,0.61341786,1.48011935,0.11315338,0.92829376,-0.35421333,0.00621414
5,1597335507936344300,1597335507936277900,-0.68376344,-0.18645489,-0.70548016,0.96169865,-0.72092426,0.32213578,0.61359328,1.47867465,0.11285289,0.92815042,-0.35468456,0.00632691
5,1597335507945220800,1597335507945142800,-0.68353885,-0.18614358,-0.70577997,0.96152484,-0.72111928,0.32186729,0.61350507,1.47677851,0.11296743,0.92830604,-0.35424054,0.00632644
5,1597335507954357500,1597335507954276600,-0.68358004,-0.18602887,-0.70577031,0.96151006,-0.72105366,0.32201281,0.61350584,1.47539759,0.11313730,0.92827863,-0.35425833,0.00691080
5,1597335507963131300,1597335507963029900,-0.68331897,-0.18598521,-0.70603460,0.96131814,-0.72126365,0.32211319,0.61320621,1.47382092,0.11337577,0.92825252,-0.35425043,0.00715423
5,1597335507972163300,1597335507972093900,-0.68353730,-0.18562475,-0.70591807,0.96127141,-0.72104716,0.32201895,0.61351025,1.47244740,0.11343631,0.92835736,-0.35395616,0.00772381
5,1597335507981092300,1597335507981028900,-0.68359220,-0.18566108,-0.70585543,0.96117437,-0.72104025,0.32171649,0.61367702,1.47084522,0.11314940,0.92845500,-0.35379201,0.00781155
5,1597335507990169100,1597335507990120000,-0.68370807,-0.18616098,-0.70561141,0.96112978,-0.72095948,0.32198662,0.61363018,1.46941423,0.11296342,0.92826122,-0.35435939,0.00842309
5,1597335507999041600,1597335507998927100,-0.68369961,-0.18597925,-0.70566761,0.96119058,-0.72094268,0.32202742,0.61362857,1.46799493,0.11312214,0.92828345,-0.35425037,0.00851274
5,1597335508008094900,1597335508007993900,-0.68322736,-0.18587998,-0.70615095,0.96101534,-0.72135687,0.32190937,0.61320359,1.46602964,0.11333434,0.92834431,-0.35402307,0.00880814
5,1597335508016911000,1597335508016882800,-0.68355799,-0.18619758,-0.70574713,0.96092975,-0.72107208,0.32216498,0.61340427,1.46456325,0.11315261,0.92819196,-0.35448039,0.00942492
5,1597335508026125000,1597335508026042100,-0.68317908,-0.18611628,-0.70613545,0.96079719,-0.72140634,0.32205319,0.61306983,1.46321464,0.11331093,0.92824703,-0.35428545,0.01007223
5,1597335508034949000,1597335508034886200,-0.68367922,-0.18597671,-0.70568806,0.96097481,-0.72096956,0.32194999,0.61363757,1.46193051,0.11307397,0.92831087,-0.35419405,0.01010227
5,1597335508044039200,1597335508043961800,-0.68359303,-0.18606728,-0.70574766,0.96108925,-0.72107297,0.32179454,0.61359757,1.46021581,0.11293530,0.92834663,-0.35414457,0.01067781
5,1597335508052858900,1597335508052820900,-0.68347049,-0.18624803,-0.70581853,0.96100652,-0.72118825,0.32187942,0.61341757,1.45880616,0.11294065,0.92828095,-0.35431498,0.01129413
5,1597335508062166200,1597335508062108400,-0.68351221,-0.18593076,-0.70586187,0.96089375,-0.72112441,0.32183039,0.61351836,1.45738626,0.11309588,0.92836154,-0.35405421,0.01188993
5,1597335508070817900,1597335508070771600,-0.68380362,-0.18598074,-0.70556635,0.96160400,-0.72087985,0.32180148,0.61382091,1.45537734,0.11289343,0.92836148,-0.35411876,0.01132917
5,1597335508080115000,1597335508080042000,-0.68367141,-0.18597719,-0.70569539,0.96163213,-0.72099805,0.32177225,0.61369735,1.45390630,0.11293952,0.92837238,-0.35407561,0.01190138
5,1597335508088794000,1597335508088738900,-0.68388790,-0.18588024,-0.70551109,0.96168458,-0.72080064,0.32176214,0.61393452,1.45255053,0.11288850,0.92839527,-0.35403180,0.01241994
5,1597335508097920800,1597335508097897600,-0.68383229,-0.18600696,-0.70553172,0.96173084,-0.72086161,0.32176954,0.61385906,1.45111632,0.11283655,0.92836732,-0.35412166,0.01297164
5,1597335508106786600,1597335508106758500,-0.68397450,-0.18595582,-0.70540738,0.96173894,-0.72074449,0.32167014,0.61404860,1.44908500,0.11272258,0.92841202,-0.35404080,0.01241612
5,1597335508115806700,1597335508115751700,-0.68383825,-0.18600720,-0.70552588,0.96175516,-0.72085434,0.32178637,0.61385876,1.44766831,0.11284649,0.92836142,-0.35413390,0.01293516
5,1597335508124788500,1597335508124717300,-0.68375129,-0.18576026,-0.70567513,0.96173322,-0.72092658,0.32159930,0.61387193,1.44627094,0.11291161,0.92847568,-0.35381347,0.01345444
5,1597335508133794500,1597335508133771000,-0.68379438,-0.18561262,-0.70567232,0.96165407,-0.72087705,0.32157031,0.61394525,1.44451475,0.11296728,0.92851532,-0.35369185,0.01330400
5,1597335508142778600,1597335508142693300,-0.68382800,-0.18564135,-0.70563209,0.96169698,-0.72087181,0.32139772,0.61404181,1.44287431,0.11279702,0.92856932,-0.35360438,0.01343751
5,1597335508152081800,1597335508151879600,-0.68391263,-0.18564034,-0.70555031,0.96168363,-0.72079206,0.32144731,0.61410952,1.44134927,0.11279376,0.92855233,-0.35364994,0.01392651
5,1597335508160684600,1597335508160545200,-0.68365896,-0.18557414,-0.70581359,0.96167266,-0.72100091,0.32148671,0.61384362,1.44000840,0.11299616,0.92855197,-0.35358641,0.01439810
5,1597335508169828400,1597335508169737900,-0.68357033,-0.18568718,-0.70586967,0.96161425,-0.72108799,0.32150298,0.61373281,1.43820524,0.11297688,0.92852372,-0.35366675,0.01421547
5,1597335508178699000,1597335508178616600,-0.68379354,-0.18564919,-0.70566350,0.96154487,-0.72093374,0.32114169,0.61410308,1.43633020,0.11261022,0.92865634,-0.35343534,0.01411057
5,1597335508187675900,1597335508187630700,-0.68382281,-0.18563274,-0.70563942,0.96151412,-0.72089452,0.32124060,0.61409736,1.43489456,0.11268348,0.92862540,-0.35349327,0.01454401
5,1597335508196518000,1597335508196474100,-0.68353128,-0.18561453,-0.70592666,0.96140969,-0.72114193,0.32127568,0.61378849,1.43337345,0.11286899,0.92861688,-0.35345644,0.01500368
5,1597335508205714000,1597335508205648000,-0.68390805,-0.18551594,-0.70558745,0.96154535,-0.72079974,0.32130826,0.61417323,1.43156815,0.11277217,0.92862535,-0.35346514,0.01485062
5,1597335508214416900,1597335508214342500,-0.68392777,-0.18558791,-0.70554948,0.96173513,-0.72080886,0.32115486,0.61424279,1.42993784,0.11259465,0.92866397,-0.35342008,0.01487827
5,1597335508223692300,1597335508223586300,-0.68392253,-0.18567696,-0.70553112,0.96178377,-0.72082883,0.32110435,0.61424571,1.42839146,0.11249782,0.92866367,-0.35345179,0.01533151
5,1597335508232407000,1597335508232319000,-0.68413526,-0.18551946,-0.70536631,0.96165502,-0.72062773,0.32109851,0.61448473,1.42665577,0.11249320,0.92869717,-0.35336530,0.01491809
5,1597335508241493100,1597335508241433300,-0.68414265,-0.18544042,-0.70537996,0.96162450,-0.72062844,0.32097045,0.61455077,1.42497754,0.11244355,0.92875725,-0.35322323,0.01479936
5,1597335508250350800,1597335508250295900,-0.68359721,-0.18560019,-0.70586658,0.96159303,-0.72110641,0.32108337,0.61393076,1.42339480,0.11269636,0.92868626,-0.35332912,0.01516652
5,1597335508259814900,1597335508259717700,-0.68418097,-0.18551669,-0.70532268,0.96162498,-0.72060490,0.32095525,0.61458629,1.42187679,0.11236100,0.92874724,-0.35327572,0.01554108
5,1597335508268374900,1597335508268258600,-0.68371880,-0.18565786,-0.70573360,0.96163714,-0.72100133,0.32112810,0.61403084,1.42020750,0.11263123,0.92865926,-0.35342085,0.01537180
5,1597335508277457700,1597335508277392900,-0.68385082,-0.18543041,-0.70566541,0.96157539,-0.72089881,0.32082745,0.61430824,1.41822147,0.11248539,0.92880857,-0.35307470,0.01539159
5,1597335508286279200,1597335508286223200,-0.68363720,-0.18546340,-0.70586377,0.96153295,-0.72107989,0.32089657,0.61405963,1.41669071,0.11262369,0.92877811,-0.35311070,0.01573753
5,1597335508295372300,1597335508295321000,-0.68381238,-0.18554735,-0.70567197,0.96145952,-0.72093052,0.32094392,0.61421019,1.41505170,0.11251606,0.92874497,-0.35323218,0.01605773
5,1597335508304360300,1597335508304205500,-0.68410850,-0.18535256,-0.70543611,0.96153295,-0.72065717,0.32090196,0.61455280,1.41361666,0.11246689,0.92879844,-0.35310739,0.01586723
5,1597335508313431700,1597335508313296400,-0.68365145,-0.18540597,-0.70586509,0.96149528,-0.72104496,0.32103240,0.61402965,1.41210413,0.11276081,0.92874265,-0.35316026,0.01566005
5,1597335508322096900,1597335508322050300,-0.68365061,-0.18550509,-0.70583981,0.96146762,-0.72106028,0.32099792,0.61402965,1.41067553,0.11266744,0.92873478,-0.35321081,0.01597786
5,1597335508331424900,1597335508331270900,-0.68373263,-0.18550354,-0.70576072,0.96136868,-0.72097701,0.32109454,0.61407691,1.40894806,0.11270249,0.92870176,-0.35328659,0.01580334
5,1597335508340153900,1597335508340083400,-0.68339658,-0.18559286,-0.70606267,0.96134269,-0.72129589,0.32095289,0.61377645,1.40730608,0.11270033,0.92873287,-0.35320547,0.01580954
5,1597335508349356300,1597335508349233200,-0.68371940,-0.18564004,-0.70573771,0.96129358,-0.72103417,0.32083735,0.61414421,1.40568328,0.11241727,0.92876327,-0.35321558,0.01607466
5,1597335508358142300,1597335508358087500,-0.68371463,-0.18553090,-0.70577103,0.96128070,-0.72101957,0.32089692,0.61413026,1.40419793,0.11253962,0.92876458,-0.35317338,0.01633763
5,1597335508367239300,1597335508367151500,-0.68384850,-0.18559942,-0.70562333,0.96132267,-0.72090298,0.32095736,0.61423552,1.40261209,0.11247325,0.92872995,-0.35328537,0.01637316
5,1597335508376113400,1597335508375988900,-0.68389797,-0.18543309,-0.70561910,0.96121442,-0.72087425,0.32069385,0.61440682,1.40088689,0.11235632,0.92885423,-0.35299584,0.01640201
5,1597335508385172400,1597335508385044900,-0.68332684,-0.18554020,-0.70614403,0.96120870,-0.72135907,0.32088643,0.61373693,1.39943802,0.11271918,0.92876631,-0.35311145,0.01668453
5,1597335508393936300,1597335508393865900,-0.68330073,-0.18562093,-0.70614809,0.96118343,-0.72139186,0.32087356,0.61370510,1.39793110,0.11266774,0.92875463,-0.35315853,0.01696348
5,1597335508402981500,1597335508402924000,-0.68376738,-0.18552601,-0.70572126,0.96128452,-0.72096956,0.32092673,0.61417335,1.39603984,0.11253969,0.92875522,-0.35319781,0.01684237
5,1597335508411863400,1597335508411818800,-0.68370396,-0.18529856,-0.70584244,0.96126640,-0.72103131,0.32067454,0.61423260,1.39456129,0.11252928,0.92888772,-0.35285255,0.01699495
5,1597335508420969800,1597335508420943900,-0.68373770,-0.18542859,-0.70577556,0.96122396,-0.72102267,0.32061630,0.61427319,1.39302135,0.11237933,0.92888188,-0.35291567,0.01724243
5,1597335508429851900,1597335508429813800,-0.68379259,-0.18527028,-0.70576394,0.96117723,-0.72095704,0.32062614,0.61434507,1.39157557,0.11246645,0.92891008,-0.35281372,0.01743865
5,1597335508439078600,1597335508439029100,-0.68355966,-0.18543553,-0.70594621,0.96099007,-0.72118634,0.32055032,0.61411542,1.38966250,0.11241248,0.92890328,-0.35284883,0.01708484
5,1597335508447993900,1597335508447870100,-0.68358350,-0.18553019,-0.70589823,0.96086252,-0.72116876,0.32060665,0.61410671,1.38807654,0.11238036,0.92886496,-0.35295996,0.01726580
5,1597335508457234000,1597335508457133400,-0.68349910,-0.18562606,-0.70595479,0.96079814,-0.72123158,0.32077754,0.61394370,1.38661397,0.11249048,0.92878675,-0.35313049,0.01742482
5,1597335508466000600,1597335508465925700,-0.68300843,-0.18572327,-0.70640397,0.96067703,-0.72166395,0.32081282,0.61341691,1.38511693,0.11269766,0.92875516,-0.35314766,0.01762271
5,1597335508474907900,1597335508474865500,-0.68326324,-0.18550432,-0.70621502,0.96054876,-0.72144258,0.32062206,0.61377692,1.38325119,0.11256982,0.92886484,-0.35290000,0.01743817
5,1597335508483726500,1597335508483669300,-0.68316704,-0.18536386,-0.70634502,0.96043289,-0.72151715,0.32057515,0.61371374,1.38181067,0.11267632,0.92890900,-0.35274953,0.01757288
5,1597335508492885600,1597335508492831500,-0.68342686,-0.18548197,-0.70606244,0.96026480,-0.72130764,0.32054207,0.61397725,1.38013232,0.11244105,0.92889684,-0.35285661,0.01776052
5,1597335508501704100,1597335508501629600,-0.68391752,-0.18542591,-0.70560199,0.96070039,-0.72084922,0.32075363,0.61440498,1.37832832,0.11239782,0.92883497,-0.35303316,0.01753473
5,1597335508510890300,1597335508510783700,-0.68311697,-0.18540648,-0.70638216,0.96059501,-0.72155005,0.32069874,0.61361051,1.37670994,0.11276852,0.92885780,-0.35285482,0.01773000
5,1597335508519657000,1597335508519578300,-0.68326163,-0.18537363,-0.70625091,0.96052587,-0.72143507,0.32058266,0.61380631,1.37513328,0.11262831,0.92890447,-0.35277683,0.01790357
5,1597335508528910300,1597335508528840700,-0.68359226,-0.18533987,-0.70593977,0.96047580,-0.72114050,0.32061124,0.61413747,1.37362337,0.11250807,0.92890131,-0.35282341,0.01805425
5,1597335508537711700,1597335508537651300,-0.68356788,-0.18528172,-0.70597857,0.96069801,-0.72114426,0.32070422,0.61408448,1.37208295,0.11263163,0.92888087,-0.35283798,0.01795506
5,1597335508546704800,1597335508546655000,-0.68374783,-0.18534938,-0.70578653,0.96057737,-0.72100508,0.32062015,0.61429179,1.37032962,0.11243080,0.92889631,-0.35286114,0.01826620
5,1597335508555738800,1597335508555661800,-0.68361479,-0.18504009,-0.70599651,0.96047723,-0.72108358,0.32065773,0.61417997,1.36884892,0.11273532,0.92894506,-0.35263577,0.01838589
5,1597335508564667000,1597335508564609500,-0.68340379,-0.18525809,-0.70614362,0.96038830,-0.72127384,0.32079226,0.61388630,1.36730194,0.11279802,0.92885512,-0.35285246,0.01853037
5,1597335508573594300,1597335508573556600,-0.68346882,-0.18504098,-0.70613766,0.96032703,-0.72122657,0.32052714,0.61408025,1.36573446,0.11270626,0.92899001,-0.35252678,0.01845741
5,1597335508582736100,1597335508582594100,-0.68351489,-0.18474188,-0.70617139,0.96018732,-0.72115523,0.32052425,0.61416554,1.36420512,0.11288294,0.92905045,-0.35231066,0.01856160
5,1597335508591428200,1597335508591390000,-0.68360817,-0.18520653,-0.70595938,0.96011055,-0.72110045,0.32071155,0.61413211,1.36264563,0.11266808,0.92889333,-0.35279351,0.01868129
5,1597335508600888300,1597335508600837200,-0.68422115,-0.18346417,-0.70582038,0.96076334,-0.72048503,0.31986639,0.61529410,1.36284435,0.11288381,0.92953026,-0.35104260,0.01807451
5,1597335508609693900,1597335508609370800,-0.68387294,-0.18290511,-0.70630276,0.96128118,-0.72079724,0.31930658,0.61521918,1.35949373,0.11300035,0.92983282,-0.35020268,0.01918173
5,1597335508618641200,1597335508618579900,-0.68387240,-0.18263993,-0.70637202,0.96159494,-0.72078741,0.31916118,0.61530614,1.35800195,0.11306705,0.92993498,-0.34991008,0.01948881
5,1597335508627678400,1597335508627576200,-0.68399376,-0.18231001,-0.70633966,0.96199262,-0.72068483,0.31884778,0.61558878,1.35662031,0.11298682,0.93010712,-0.34947795,0.01978946
5,1597335508636511000,1597335508636463900,-0.68257678,-0.18254015,-0.70764977,0.96080720,-0.72200257,0.31834686,0.61430252,1.35476029,0.11314322,0.93023360,-0.34909064,0.01996541
5,1597335508645395200,1597335508645222800,-0.68220967,-0.18223229,-0.70808303,0.96085846,-0.72217673,0.31925935,0.61362386,1.35334492,0.11424002,0.92998117,-0.34940571,0.01981592
5,1597335508654494200,1597335508654466400,-0.68221319,-0.18191209,-0.70816201,0.96098316,-0.72216100,0.31908584,0.61373264,1.35180449,0.11431912,0.93010342,-0.34905434,0.02016997
5,1597335508663366000,1597335508663246400,-0.68193316,-0.18175170,-0.70847273,0.96112478,-0.72237939,0.31914315,0.61344576,1.35051203,0.11460944,0.93011516,-0.34892797,0.02052116
5,1597335508672579500,1597335508672532200,-0.68129271,-0.18237618,-0.70892823,0.96033132,-0.72305244,0.31871593,0.61287469,1.34908199,0.11417301,0.93013936,-0.34900638,0.02117395
5,1597335508681259300,1597335508681134900,-0.68162143,-0.18237260,-0.70861316,0.96035635,-0.72275692,0.31880417,0.61317724,1.34687686,0.11408210,0.93010980,-0.34911478,0.02008939
5,1597335508690417600,1597335508690332400,-0.68149453,-0.18252417,-0.70869625,0.96036232,-0.72288239,0.31880760,0.61302757,1.34536910,0.11404541,0.93007892,-0.34920910,0.02042341
5,1597335508699208400,1597335508699095700,-0.68149793,-0.18276078,-0.70863199,0.96044981,-0.72293526,0.31855613,0.61309588,1.34422970,0.11368917,0.93011856,-0.34921956,0.02228045
5,1597335508708233400,1597335508708180300,-0.68205190,-0.18299955,-0.70803702,0.96040046,-0.72239369,0.31926963,0.61336309,1.34177732,0.11380954,0.92982697,-0.34995621,0.01977015
5,1597335508717191900,1597335508717160400,-0.68158597,-0.18303314,-0.70847690,0.96045625,-0.72281247,0.31917262,0.61292005,1.34025598,0.11394179,0.92985368,-0.34984219,0.01996994
5,1597335508726176000,1597335508726086000,-0.68172812,-0.18303433,-0.70833981,0.96053231,-0.72269773,0.31910643,0.61308980,1.33857870,0.11381930,0.92987621,-0.34982234,0.02019334
5,1597335508735073100,1597335508735013800,-0.68162215,-0.18328676,-0.70837659,0.96020520,-0.72282463,0.31903735,0.61297607,1.33730173,0.11364821,0.92985022,-0.34994712,0.02109098
5,1597335508744194000,1597335508744132800,-0.68163264,-0.18346593,-0.70832002,0.96015012,-0.72274482,0.31976926,0.61268878,1.33475816,0.11409149,0.92956334,-0.35056424,0.01856899
5,1597335508753183100,1597335508753067300,-0.68152374,-0.18334207,-0.70845687,0.96010101,-0.72283238,0.31971595,0.61261326,1.33296323,0.11418717,0.92960614,-0.35041958,0.01853943
5,1597335508762169200,1597335508762045400,-0.68172032,-0.18317017,-0.70831227,0.96009195,-0.72265112,0.31965914,0.61285675,1.33125246,0.11416146,0.92965949,-0.35028628,0.01849198
5,1597335508770924300,1597335508770858200,-0.68177778,-0.18329945,-0.70822346,0.95982277,-0.72262484,0.31957999,0.61292899,1.33046687,0.11398453,0.92966127,-0.35033929,0.02020764
5,1597335508780160300,1597335508780131600,-0.68199098,-0.18340620,-0.70799053,0.95960701,-0.72238088,0.32015631,0.61291581,1.32791948,0.11425509,0.92944187,-0.35083285,0.01819849
5,1597335508788963000,1597335508788866500,-0.68175578,-0.18325913,-0.70825511,0.95949781,-0.72256172,0.32021326,0.61267287,1.32624221,0.11451477,0.92945129,-0.35072321,0.01808405
5,1597335508797998700,1597335508797964800,-0.68194568,-0.18308654,-0.70811695,0.95952594,-0.72239166,0.32011086,0.61292684,1.32560229,0.11445728,0.92952061,-0.35055840,0.02003622
5,1597335508806868600,1597335508806804000,-0.68206340,-0.18308929,-0.70800281,0.95940936,-0.72224265,0.32049561,0.61290139,1.32330203,0.11469607,0.92938745,-0.35083324,0.01817727
5,1597335508815947900,1597335508815909100,-0.68212998,-0.18296546,-0.70797068,0.95934093,-0.72218347,0.32040060,0.61302084,1.32164741,0.11467256,0.92944455,-0.35068953,0.01804876
5,1597335508824509600,1597335508824472600,-0.68199801,-0.18313268,-0.70805454,0.95926988,-0.72231013,0.32044497,0.61284840,1.32002544,0.11465992,0.92939639,-0.35082144,0.01793146
5,1597335508833737500,1597335508833609500,-0.68207562,-0.18287310,-0.70804691,0.95942628,-0.72223073,0.32031909,0.61300772,1.31905246,0.11469834,0.92949086,-0.35055840,0.01925182
5,1597335508842512300,1597335508842418200,-0.68246824,-0.18266082,-0.70772332,0.95939052,-0.72189283,0.32011718,0.61351097,1.31742597,0.11448999,0.92960215,-0.35033131,0.01912022
5,1597335508851773100,1597335508851707700,-0.68268937,-0.18283918,-0.70746398,0.95933616,-0.72165203,0.32067001,0.61350560,1.31498408,0.11468959,0.92937648,-0.35086423,0.01724648
5,1597335508860453300,1597335508860380500,-0.68246198,-0.18286949,-0.70767546,0.95921862,-0.72184205,0.32075366,0.61323822,1.31306601,0.11484696,0.92934167,-0.35090512,0.01693678
5,1597335508869644200,1597335508869584900,-0.68277192,-0.18248594,-0.70747542,0.95912087,-0.72156966,0.32045069,0.61371702,1.31118631,0.11471629,0.92952156,-0.35047108,0.01663041
5,1597335508878312800,1597335508878271100,-0.68310058,-0.18263939,-0.70711851,0.95931256,-0.72127312,0.32067558,0.61394811,1.31015682,0.11462453,0.92941391,-0.35078657,0.01723003
5,1597335508887604300,1597335508887517000,-0.68259501,-0.18244982,-0.70765543,0.95920265,-0.72166604,0.32088014,0.61337924,1.30791354,0.11516161,0.92938054,-0.35069901,0.01598430
5,1597335508896313000,1597335508896282700,-0.68260783,-0.18249169,-0.70763236,0.95917809,-0.72164679,0.32098246,0.61334836,1.30618191,0.11520661,0.92933697,-0.35079965,0.01557493
