6,1597335504065821900,1597335504065657400,0.04549572,-0.74130720,0.66962230,0.71170771,0.51852345,-0.55542028,-0.65010911,1.48791564,0.85385233,0.37679201,0.35911590,-0.09093916
6,1597335504075255800,1597335504075234900,0.04554009,-0.74137563,0.66954350,0.71146977,0.51848429,-0.55535203,-0.65019864,1.48956490,0.85387373,0.37675783,0.35910088,-0.09028149
6,1597335504084197800,1597335504084101300,0.04554108,-0.74119610,0.66974223,0.71163726,0.51864970,-0.55545288,-0.64998049,1.49094677,0.85377318,0.37696239,0.35912526,-0.08959782
6,1597335504092786300,1597335504092721500,0.04559997,-0.74132156,0.66959935,0.71163976,0.51866609,-0.55529869,-0.65009922,1.49212575,0.85376006,0.37694290,0.35917675,-0.08896232
6,1597335504101622500,1597335504101560500,0.04560238,-0.74147612,0.66942799,0.71118176,0.51857531,-0.55518764,-0.65026647,1.49344826,0.85381508,0.37680253,0.35919333,-0.08846700
6,1597335504110716400,1597335504110635600,0.04570058,-0.74156815,0.66931933,0.71122539,0.51862091,-0.55503595,-0.65035951,1.49491930,0.85378218,0.37684476,0.35922730,-0.08787012
6,1597335504119510000,1597335504119484900,0.04571491,-0.74164021,0.66923857,0.71119463,0.51878262,-0.55488843,-0.65035641,1.49633193,0.85368311,0.37692031,0.35938340,-0.08738315
6,1597335504128591000,1597335504128535200,0.04580587,-0.74138439,0.66951573,0.71108532,0.51861632,-0.55517137,-0.65024763,1.49777246,0.85377932,0.37700686,0.35906395,-0.08678746
6,1597335504137553300,1597335504137499100,0.04580358,-0.74148595,0.66940331,0.71120059,0.51867658,-0.55504704,-0.65030569,1.49907613,0.85374284,0.37699014,0.35916829,-0.08602452
6,1597335504146633700,1597335504146527700,0.04571459,-0.74174964,0.66911721,0.71109307,0.51886427,-0.55474609,-0.65041280,1.50058794,0.85363352,0.37691432,0.35950738,-0.08549035
6,1597335504157637600,1597335504157556800,0.04572439,-0.74176049,0.66910458,0.71108603,0.51880360,-0.55475813,-0.65045083,1.50243759,0.85366988,0.37687528,0.35946202,-0.08501744
6,1597335504166686100,1597335504166622700,0.04561579,-0.74165595,0.66922778,0.71107912,0.51898795,-0.55482495,-0.65024680,1.50386763,0.85356361,0.37698269,0.35960180,-0.08428395
6,1597335504175609600,1597335504175583200,0.04575893,-0.74172336,0.66914332,0.71124482,0.51898801,-0.55469799,-0.65035504,1.50536084,0.85355592,0.37703693,0.35956311,-0.08361268
6,1597335504184420900,1597335504184369300,0.04587945,-0.74178684,0.66906476,0.71105683,0.51898468,-0.55458599,-0.65045321,1.50686824,0.85355151,0.37707675,0.35953194,-0.08315456
6,1597335504193714200,1597335504193640300,0.04586229,-0.74176687,0.66908801,0.71109140,0.51891112,-0.55464524,-0.65046138,1.50838113,0.85359716,0.37702882,0.35947382,-0.08241296
6,1597335504202342400,1597335504202305100,0.04581138,-0.74168432,0.66918302,0.71129000,0.51900947,-0.55470389,-0.65033287,1.50975227,0.85354006,0.37710494,0.35952950,-0.08178902
6,1597335504211446200,1597335504211360900,0.04585174,-0.74181098,0.66903985,0.71124685,0.51891118,-0.55460685,-0.65049404,1.51118505,0.85359764,0.37699848,0.35950434,-0.08111799
6,1597335504220563000,1597335504220486300,0.04588851,-0.74178636,0.66906458,0.71127474,0.51904249,-0.55455697,-0.65043181,1.51263928,0.85351586,0.37712023,0.35957089,-0.08042419
6,1597335504229261300,1597335504229225800,0.04590306,-0.74182272,0.66902333,0.71122515,0.51901186,-0.55452901,-0.65048015,1.51414442,0.85353369,0.37709004,0.35956016,-0.07981944
6,1597335504238258700,1597335504238230000,0.04588866,-0.74167156,0.66919184,0.71111810,0.51905149,-0.55466455,-0.65033287,1.51559138,0.85351038,0.37718794,0.35951298,-0.07928371
6,1597335504247201600,1597335504247152100,0.04601786,-0.74185610,0.66897845,0.71099174,0.51895481,-0.55447245,-0.65057385,1.51701188,0.85356218,0.37710756,0.35947418,-0.07854044
6,1597335504256187900,1597335504256167300,0.04609802,-0.74185467,0.66897446,0.71116149,0.51898170,-0.55442744,-0.65059072,1.51839173,0.85354155,0.37717634,0.35945106,-0.07794261
6,1597335504265743800,1597335504265176800,0.04602915,-0.74177873,0.66906339,0.71081960,0.51892406,-0.55455631,-0.65052688,1.51989293,0.85358030,0.37713623,0.35940111,-0.07747936
6,1597335504274092200,1597335504274064400,0.04604849,-0.74179894,0.66903967,0.71084464,0.51896733,-0.55450928,-0.65053242,1.52114916,0.85355294,0.37716573,0.35943511,-0.07669306
6,1597335504283176700,1597335504283109400,0.04605117,-0.74165666,0.66919714,0.71081936,0.51920754,-0.55454022,-0.65031439,1.52264833,0.85340667,0.37739992,0.35953659,-0.07611108
6,1597335504292240000,1597335504292165400,0.04613367,-0.74159682,0.66925788,0.71095932,0.51919353,-0.55456913,-0.65030086,1.52425027,0.85341072,0.37747505,0.35944802,-0.07543957
6,1597335504301497000,1597335504301443500,0.04625815,-0.74145669,0.66940457,0.71076429,0.51911402,-0.55468696,-0.65026385,1.52568507,0.85345244,0.37757725,0.35924178,-0.07494044
6,1597335504310136000,1597335504310067400,0.04619852,-0.74177223,0.66905898,0.71079123,0.51889193,-0.55450410,-0.65059704,1.52695036,0.85359067,0.37722582,0.35928240,-0.07415581
6,1597335504319212300,1597335504319142300,0.04610983,-0.74187464,0.66895151,0.71068609,0.51892334,-0.55442876,-0.65063614,1.52836013,0.85357642,0.37713528,0.35941154,-0.07344317
6,1597335504327945900,1597335504327880400,0.04603407,-0.74170417,0.66914576,0.71071661,0.51886708,-0.55465192,-0.65049082,1.52990365,0.85361463,0.37714243,0.35931298,-0.07270157
6,1597335504336976700,1597335504336909200,0.04597479,-0.74161482,0.66924888,0.71067131,0.51891929,-0.55474114,-0.65037310,1.53142715,0.85358608,0.37718689,0.35933414,-0.07207584
6,1597335504345914800,1597335504345832200,0.04585677,-0.74173033,0.66912884,0.71044803,0.51892108,-0.55467868,-0.65042490,1.53291762,0.85359132,0.37705141,0.35946378,-0.07154679
6,1597335504354922000,1597335504354874700,0.04580900,-0.74186033,0.66898811,0.71049225,0.51888144,-0.55459040,-0.65053183,1.53438234,0.85361803,0.37692565,0.35953236,-0.07099402
6,1597335504364011300,1597335504363964100,0.04575121,-0.74177277,0.66908908,0.71037495,0.51896256,-0.55466449,-0.65040392,1.53584623,0.85357177,0.37698895,0.35957569,-0.07045555
6,1597335504373154400,1597335504373080000,0.04584461,-0.74185580,0.66899073,0.71027946,0.51892418,-0.55456066,-0.65052307,1.53721786,0.85359013,0.37697843,0.35954329,-0.06997466
6,1597335504381842700,1597335504381782600,0.04585722,-0.74190843,0.66893142,0.71021140,0.51889849,-0.55451542,-0.65058213,1.53855193,0.85360509,0.37694135,0.35954663,-0.06933308
6,1597335504390928200,1597335504390869400,0.04574129,-0.74184209,0.66901290,0.71013248,0.51887178,-0.55464143,-0.65049601,1.54034257,0.85362756,0.37688640,0.35955089,-0.06872535
6,1597335504399843400,1597335504399806500,0.04580271,-0.74181533,0.66903841,0.71024394,0.51884574,-0.55465263,-0.65050721,1.54182649,0.85364008,0.37692270,0.35948315,-0.06807709
6,1597335504409070100,1597335504408941900,0.04601538,-0.74178100,0.66906190,0.71022308,0.51867282,-0.55467105,-0.65062940,1.54311275,0.85373372,0.37696314,0.35921827,-0.06739187
6,1597335504417846000,1597335504417783700,0.04591835,-0.74187148,0.66896820,0.71013486,0.51863438,-0.55464166,-0.65068507,1.54464483,0.85376227,0.37682828,0.35929179,-0.06683826
6,1597335504426858900,1597335504426807100,0.04588535,-0.74199146,0.66883743,0.71009505,0.51863188,-0.55454022,-0.65077353,1.54605222,0.85376561,0.37674132,0.35937515,-0.06607783
6,1597335504435759800,1597335504435727300,0.04596153,-0.74216408,0.66864055,0.71014798,0.51851302,-0.55439192,-0.65099460,1.54747629,0.85383368,0.37661946,0.35934111,-0.06538010
6,1597335504444691800,1597335504444669400,0.04595628,-0.74217469,0.66862917,0.71022737,0.51849240,-0.55439293,-0.65101016,1.54891324,0.85384643,0.37659711,0.35933420,-0.06449020
6,1597335504453676100,1597335504453638600,0.04583207,-0.74221611,0.66859174,0.71019685,0.51846486,-0.55441809,-0.65101069,1.55037761,0.85386992,0.37647843,0.35940284,-0.06384218
6,1597335504462694400,1597335504462675600,0.04583910,-0.74220169,0.66860735,0.71003306,0.51843083,-0.55444413,-0.65101552,1.55167222,0.85389018,0.37646863,0.35936502,-0.06317997
6,1597335504471946800,1597335504471795000,0.04589111,-0.74216169,0.66864806,0.71018279,0.51852334,-0.55441993,-0.65096247,1.55312943,0.85383117,0.37658295,0.35938525,-0.06253386
6,1597335504480756300,1597335504480704700,0.04597494,-0.74234468,0.66843915,0.71007049,0.51835424,-0.55428028,-0.65121603,1.55459452,0.85392934,0.37642783,0.35931456,-0.06200254
6,1597335504489770900,1597335504489694100,0.04576457,-0.74226117,0.66854632,0.71006501,0.51862067,-0.55433452,-0.65095770,1.55596244,0.85377884,0.37651271,0.35958314,-0.06133378
6,1597335504498656800,1597335504498595600,0.04592025,-0.74226034,0.66853654,0.71006167,0.51859182,-0.55428118,-0.65102613,1.55736542,0.85378802,0.37659281,0.35947746,-0.06073439
6,1597335504507585800,1597335504507496000,0.04609272,-0.74250752,0.66825014,0.71036661,0.51839411,-0.55405343,-0.65137732,1.55887246,0.85389882,0.37644064,0.35937369,-0.06001770
6,1597335504516529500,1597335504516467200,0.04600891,-0.74236017,0.66841960,0.71036088,0.51844239,-0.55421174,-0.65120423,1.56041765,0.85387403,0.37649822,0.35937232,-0.05933619
6,1597335504525539100,1597335504525448400,0.04606062,-0.74235052,0.66842675,0.71029055,0.51829690,-0.55426300,-0.65127635,1.56173158,0.85395944,0.37644169,0.35922831,-0.05878508
6,1597335504534480500,1597335504534431500,0.04614371,-0.74221325,0.66857350,0.71024704,0.51837248,-0.55432779,-0.65116107,1.56321359,0.85390919,0.37661704,0.35916424,-0.05821979
6,1597335504543506800,1597335504543489300,0.04611817,-0.74216717,0.66862643,0.71014309,0.51848143,-0.55433559,-0.65106767,1.56477034,0.85384440,0.37669641,0.35923499,-0.05769134
6,1597335504552422700,1597335504552379000,0.04617274,-0.74220270,0.66858327,0.71019924,0.51837844,-0.55432302,-0.65116042,1.56605637,0.85390395,0.37664494,0.35914731,-0.05700040
6,1597335504561445700,1597335504561400100,0.04618856,-0.74212909,0.66866374,0.71002018,0.51837498,-0.55438936,-0.65110666,1.56748343,0.85390526,0.37669224,0.35909471,-0.05654919
6,1597335504570336500,1597335504570268300,0.04610991,-0.74203515,0.66877341,0.71003163,0.51851422,-0.55445313,-0.65094149,1.56906998,0.85382485,0.37678337,0.35919005,-0.05591559
6,1597335504579365800,1597335504579317600,0.04618600,-0.74187481,0.66894603,0.70996463,0.51839018,-0.55463129,-0.65088856,1.57031834,0.85389620,0.37683693,0.35896441,-0.05516839
6,1597335504588338300,1597335504588296700,0.04613903,-0.74196881,0.66884506,0.70999706,0.51857001,-0.55448061,-0.65087360,1.57184744,0.85378945,0.37687370,0.35917959,-0.05452824
6,1597335504597351400,1597335504597308400,0.04622352,-0.74204797,0.66875148,0.70993721,0.51835793,-0.55446088,-0.65105933,1.57334340,0.85391366,0.37674683,0.35901737,-0.05386257
6,1597335504606361700,1597335504606315600,0.04618838,-0.74205673,0.66874409,0.70998633,0.51840228,-0.55444783,-0.65103519,1.57484150,0.85388869,0.37674862,0.35907489,-0.05330169
6,1597335504615344000,1597335504615265000,0.04630291,-0.74202567,0.66877055,0.71004415,0.51850694,-0.55438262,-0.65100729,1.57625437,0.85381889,0.37690568,0.35907602,-0.05263996
6,1597335504624407200,1597335504624363000,0.04625070,-0.74212760,0.66866118,0.70989048,0.51859534,-0.55426693,-0.65103543,1.57771301,0.85376805,0.37687537,0.35922870,-0.05209553
6,1597335504633213900,1597335504633179400,0.04621595,-0.74192476,0.66888857,0.70983350,0.51845580,-0.55454081,-0.65091330,1.57923901,0.85385466,0.37687171,0.35902661,-0.05152178
6,1597335504642352400,1597335504642242400,0.04616112,-0.74199373,0.66881591,0.70963991,0.51860648,-0.55443078,-0.65088701,1.58060789,0.85376614,0.37689787,0.35920960,-0.05086470
6,1597335504651144600,1597335504651097000,0.04618490,-0.74183547,0.66898978,0.70954907,0.51867753,-0.55454314,-0.65073466,1.58218169,0.85372174,0.37704402,0.35916191,-0.05030859
6,1597335504660152100,1597335504660106800,0.04620695,-0.74176896,0.66906202,0.70965481,0.51861370,-0.55462658,-0.65071446,1.58368587,0.85375923,0.37705219,0.35906395,-0.04980576
6,1597335504669368200,1597335504669164500,0.04627517,-0.74179840,0.66902471,0.70944846,0.51852483,-0.55460787,-0.65080118,1.58508718,0.85380954,0.37702185,0.35897636,-0.04933727
6,1597335504678264900,1597335504678074000,0.04636285,-0.74188393,0.66892368,0.70940220,0.51873565,-0.55439383,-0.65081555,1.58676028,0.85367674,0.37716818,0.35913840,-0.04889417
6,1597335504687017100,1597335504686942000,0.04642263,-0.74171805,0.66910350,0.70937502,0.51878828,-0.55450630,-0.65067780,1.58820462,0.85364145,0.37732917,0.35905308,-0.04830194
6,1597335504696037000,1597335504695987900,0.04643825,-0.74179190,0.66902053,0.70930719,0.51883835,-0.55440563,-0.65072370,1.58964074,0.85361028,0.37733191,0.35912445,-0.04785717
6,1597335504704957500,1597335504704937400,0.04651433,-0.74179327,0.66901374,0.70936310,0.51889545,-0.55434632,-0.65072864,1.59110355,0.85357136,0.37741634,0.35912812,-0.04731262
6,1597335504713957600,1597335504713933100,0.04661882,-0.74197572,0.66880411,0.70932043,0.51880920,-0.55416197,-0.65095437,1.59251547,0.85361809,0.37732840,0.35910955,-0.04667389
6,1597335504722840800,1597335504722799200,0.04662684,-0.74192905,0.66885537,0.70928681,0.51878518,-0.55421460,-0.65092868,1.59392023,0.85363227,0.37734297,0.35906053,-0.04609454
6,1597335504732080100,1597335504731988700,0.04664320,-0.74181986,0.66897529,0.70933580,0.51882565,-0.55429590,-0.65082723,1.59531689,0.85360676,0.37743816,0.35902107,-0.04551029
6,1597335504740936000,1597335504740889600,0.04660210,-0.74201840,0.66875792,0.70927298,0.51900935,-0.55403912,-0.65089941,1.59676349,0.85349739,0.37742484,0.35929519,-0.04493260
6,1597335504750167800,1597335504750123100,0.04660171,-0.74199045,0.66878897,0.70922446,0.51888740,-0.55412048,-0.65092742,1.59815764,0.85357153,0.37736046,0.35918656,-0.04425037
6,1597335504758906700,1597335504758845000,0.04653439,-0.74205393,0.66872323,0.70927608,0.51887542,-0.55409288,-0.65096039,1.59945261,0.85358244,0.37727603,0.35924917,-0.04333246
6,1597335504767939400,1597335504767871100,0.04654714,-0.74207836,0.66869527,0.70928502,0.51880264,-0.55409580,-0.65101594,1.60093164,0.85362601,0.37722376,0.35920066,-0.04265153
6,1597335504776870300,1597335504776808500,0.04634050,-0.74196047,0.66884041,0.70913661,0.51891178,-0.55425119,-0.65079659,1.60233819,0.85357094,0.37722737,0.35932782,-0.04216433
6,1597335504785808000,1597335504785754900,0.04636627,-0.74205881,0.66872954,0.70917463,0.51883960,-0.55417633,-0.65091795,1.60377312,0.85361338,0.37714398,0.35931438,-0.04173243
6,1597335504794737400,1597335504794689300,0.04642534,-0.74205524,0.66872931,0.70920169,0.51871586,-0.55420905,-0.65098870,1.60533571,0.85368538,0.37710282,0.35918653,-0.04103303
6,1597335504803804600,1597335504803780900,0.04633659,-0.74195254,0.66884947,0.70927441,0.51873779,-0.55433744,-0.65086192,1.60677838,0.85367686,0.37711614,0.35919267,-0.04038882
6,1597335504812757700,1597335504812724500,0.04626402,-0.74205148,0.66874468,0.70911634,0.51879233,-0.55424827,-0.65089434,1.60834932,0.85364765,0.37705258,0.35932890,-0.04004812
6,1597335504821952500,1597335504821861100,0.04635251,-0.74211574,0.66866726,0.70902777,0.51874202,-0.55416989,-0.65100116,1.60997820,0.85367346,0.37704134,0.35927945,-0.03962290
6,1597335504830715700,1597335504830662500,0.04620203,-0.74195129,0.66886014,0.70915663,0.51889223,-0.55432826,-0.65074658,1.61141038,0.85359031,0.37713209,0.35938165,-0.03891313
6,1597335504840120200,1597335504840059600,0.04622832,-0.74183077,0.66899198,0.70891726,0.51898980,-0.55439109,-0.65061527,1.61298692,0.85352957,0.37727678,0.35937411,-0.03847361
6,1597335504848708200,1597335504848663400,0.04624191,-0.74196810,0.66883874,0.70874512,0.51883107,-0.55432177,-0.65080082,1.61442375,0.85362530,0.37710854,0.35932326,-0.03802323
6,1597335504857850300,1597335504857781700,0.04599875,-0.74187827,0.66895509,0.70893002,0.51903951,-0.55442160,-0.65054959,1.61618519,0.85351181,0.37713856,0.35956147,-0.03745711
6,1597335504866603500,1597335504866544200,0.04606816,-0.74186695,0.66896296,0.70891821,0.51891184,-0.55445921,-0.65061933,1.61770260,0.85358560,0.37710559,0.35942060,-0.03685379
6,1597335504875662600,1597335504875513300,0.04600772,-0.74202996,0.66878617,0.70871842,0.51911896,-0.55423504,-0.65064514,1.61910820,0.85346293,0.37711424,0.35970277,-0.03634727
6,1597335504884776000,1597335504884522500,0.04598328,-0.74190307,0.66892874,0.70861566,0.51901346,-0.55441570,-0.65057540,1.62066460,0.85352838,0.37709856,0.35956383,-0.03574884
6,1597335504893746800,1597335504893674600,0.04585904,-0.74195570,0.66887885,0.70839751,0.51910985,-0.55437523,-0.65053296,1.62190449,0.85347641,0.37705439,0.35973346,-0.03539717
6,1597335504902460700,1597335504902390700,0.04593685,-0.74207145,0.66874516,0.70859444,0.51905507,-0.55425346,-0.65068042,1.62344325,0.85350561,0.37700573,0.35971528,-0.03474486
6,1597335504911605600,1597335504911523800,0.04585290,-0.74201733,0.66881084,0.70866716,0.51913089,-0.55430859,-0.65057296,1.62494373,0.85346401,0.37703097,0.35978752,-0.03402042
6,1597335504920465800,1597335504920444600,0.04581043,-0.74216455,0.66865039,0.70860875,0.51912636,-0.55418569,-0.65068132,1.62659562,0.85346901,0.37692201,0.35988969,-0.03378677
6,1597335504929498000,1597335504929451700,0.04579598,-0.74209791,0.66872537,0.70865905,0.51930469,-0.55417788,-0.65054560,1.62798345,0.85336131,0.37706459,0.35999587,-0.03330469
6,1597335504938361500,1597335504938332700,0.04579753,-0.74210441,0.66871804,0.70857823,0.51919186,-0.55422080,-0.65059912,1.62947404,0.85342991,0.37698880,0.35991263,-0.03283048
6,1597335504947647500,1597335504947611700,0.04568270,-0.74228543,0.66852504,0.70874369,0.51926363,-0.55406237,-0.65067679,1.63109040,0.85339236,0.37686539,0.36013079,-0.03234065
6,1597335504956281700,1597335504956213500,0.04579973,-0.74232149,0.66847694,0.70875704,0.51932359,-0.55395043,-0.65072429,1.63262773,0.85334963,0.37695879,0.36013436,-0.03186345
6,1597335504965272300,1597335504965240900,0.04580179,-0.74224174,0.66856539,0.70853746,0.51938695,-0.55399919,-0.65063214,1.63411248,0.85331088,0.37704426,0.36013651,-0.03136206
6,1597335504974214400,1597335504974157700,0.04583782,-0.74231094,0.66848600,0.70861351,0.51934397,-0.55393529,-0.65072083,1.63551247,0.85333520,0.37700176,0.36012354,-0.03081536
6,1597335504983304500,1597335504983282600,0.04594636,-0.74241549,0.66836244,0.70855486,0.51916701,-0.55386496,-0.65092188,1.63711631,0.85343695,0.37689918,0.35998955,-0.03044641
6,1597335504992269300,1597335504992232600,0.04584482,-0.74245101,0.66833001,0.70851028,0.51918703,-0.55386525,-0.65090567,1.63844609,0.85343021,0.37682891,0.36007911,-0.03003073
6,1597335505001225200,1597335505001186700,0.04589233,-0.74243098,0.66834897,0.70856273,0.51925808,-0.55383295,-0.65087652,1.63998389,0.85338449,0.37691584,0.36009669,-0.02951777
6,1597335505010147600,1597335505010099900,0.04611519,-0.74234134,0.66843319,0.70857656,0.51923120,-0.55383617,-0.65089524,1.64154673,0.85338879,0.37708747,0.35990655,-0.02894986
6,1597335505019198400,1597335505019180900,0.04614210,-0.74225140,0.66853118,0.70858204,0.51925772,-0.55390048,-0.65081930,1.64319599,0.85337126,0.37717012,0.35986167,-0.02858353
6,1597335505028117900,1597335505028039800,0.04605749,-0.74240625,0.66836512,0.70845139,0.51934654,-0.55374688,-0.65087914,1.64456642,0.85332179,0.37709093,0.36006194,-0.02837765
6,1597335505037226000,1597335505037052500,0.04615593,-0.74226063,0.66851997,0.70848048,0.51927805,-0.55387652,-0.65082347,1.64624214,0.85335815,0.37718707,0.35987502,-0.02801383
6,1597335505046065600,1597335505046014800,0.04609752,-0.74246830,0.66829336,0.70850551,0.51918435,-0.55374086,-0.65101367,1.64790392,0.85341829,0.37697753,0.35995182,-0.02775657
6,1597335505055068500,1597335505055015800,0.04621217,-0.74241644,0.66834307,0.70843470,0.51938343,-0.55365402,-0.65092868,1.64922273,0.85329092,0.37720710,0.36001334,-0.02776158
6,1597335505064027300,1597335505063978800,0.04623818,-0.74244779,0.66830647,0.70842826,0.51945430,-0.55358100,-0.65093428,1.65084624,0.85324639,0.37725264,0.36007112,-0.02749920
6,1597335505072986900,1597335505072936400,0.04625204,-0.74212855,0.66866004,0.70837045,0.51942092,-0.55390060,-0.65068895,1.65212226,0.85326594,0.37741169,0.35985807,-0.02696931
6,1597335505082127400,1597335505082017800,0.04631555,-0.74207801,0.66871172,0.70817506,0.51934475,-0.55395615,-0.65070248,1.65371537,0.85330886,0.37742949,0.35973755,-0.02648687
6,1597335505091559100,1597335505091414200,0.04628444,-0.74220115,0.66857719,0.70823538,0.51933658,-0.55385327,-0.65079659,1.65529490,0.85331559,0.37733829,0.35981750,-0.02611685
6,1597335505099975400,1597335505099897800,0.04631263,-0.74229234,0.66847396,0.70819235,0.51929843,-0.55376923,-0.65089852,1.65682316,0.85333723,0.37728229,0.35982478,-0.02585459
6,1597335505108991500,1597335505108941200,0.04633167,-0.74218273,0.66859436,0.70830548,0.51931107,-0.55386215,-0.65080935,1.65819049,0.85332847,0.37736151,0.35976237,-0.02533340
6,1597335505117920900,1597335505117874800,0.04644033,-0.74205881,0.66872430,0.70828211,0.51926422,-0.55395675,-0.65076625,1.65978432,0.85335112,0.37746638,0.35959864,-0.02473176
6,1597335505126944100,1597335505126919700,0.04630271,-0.74201667,0.66878068,0.70803630,0.51919258,-0.55408865,-0.65071112,1.66134429,0.85340214,0.37735561,0.35959369,-0.02448940
6,1597335505135835900,1597335505135759700,0.04641989,-0.74219626,0.66857326,0.70810020,0.51917529,-0.55387104,-0.65091008,1.66275501,0.85340631,0.37732184,0.35961938,-0.02411890
6,1597335505144908600,1597335505144864900,0.04642671,-0.74221361,0.66855347,0.70826244,0.51922721,-0.55382830,-0.65090507,1.66393316,0.85337436,0.37735054,0.35966510,-0.02358961
6,1597335505153951000,1597335505153909800,0.04650617,-0.74234277,0.66840452,0.70777309,0.51916802,-0.55369443,-0.65106612,1.66563749,0.85340601,0.37729281,0.35965043,-0.02358365
6,1597335505162793900,1597335505162747800,0.04672125,-0.74221462,0.66853189,0.70810974,0.51913518,-0.55374116,-0.65105259,1.66696489,0.85341430,0.37747636,0.35943827,-0.02311015
6,1597335505171854400,1597335505171794900,0.04672539,-0.74203020,0.66873622,0.70811677,0.51920539,-0.55388784,-0.65087181,1.66833246,0.85337138,0.37762365,0.35938543,-0.02286625
6,1597335505180870400,1597335505180835400,0.04675123,-0.74200815,0.66875887,0.70791733,0.51916999,-0.55391389,-0.65087795,1.66991997,0.85339153,0.37762883,0.35933220,-0.02258492
6,1597335505189771400,1597335505189656000,0.04685539,-0.74214125,0.66860390,0.70796132,0.51903498,-0.55379909,-0.65108317,1.67151523,0.85346788,0.37753552,0.35924888,-0.02221251
6,1597335505198844100,1597335505198800800,0.04701537,-0.74215347,0.66857910,0.70807576,0.51901382,-0.55372769,-0.65116078,1.67276955,0.85347193,0.37761635,0.35915428,-0.02197456
6,1597335505207760800,1597335505207725200,0.04709280,-0.74202979,0.66871095,0.70807672,0.51910484,-0.55377448,-0.65104848,1.67394686,0.85341227,0.37779072,0.35911250,-0.02174807
6,1597335505216865900,1597335505216771200,0.04706371,-0.74221432,0.66850817,0.70808160,0.51926172,-0.55353785,-0.65112454,1.67535233,0.85331851,0.37777498,0.35935199,-0.02169824
6,1597335505225754400,1597335505225692100,0.04718414,-0.74220669,0.66850811,0.70811808,0.51892674,-0.55364162,-0.65130335,1.67658997,0.85351557,0.37763792,0.35902786,-0.02136779
6,1597335505234698800,1597335505234646000,0.04735839,-0.74223673,0.66846240,0.70808554,0.51886123,-0.55356622,-0.65141970,1.67783570,0.85354578,0.37768936,0.35890192,-0.02139878
6,1597335505243636900,1597335505243610800,0.04742688,-0.74232459,0.66836011,0.70815027,0.51907843,-0.55335492,-0.65142608,1.67889261,0.85340983,0.37782639,0.35908079,-0.02140641
6,1597335505252561600,1597335505252541300,0.04737708,-0.74231559,0.66837358,0.70814407,0.51913893,-0.55335844,-0.65137494,1.67985785,0.85337585,0.37783891,0.35914841,-0.02152061
6,1597335505261528600,1597335505261448300,0.04745236,-0.74257618,0.66807866,0.70802891,0.51884228,-0.55320311,-0.65174311,1.68111062,0.85355204,0.37755418,0.35902917,-0.02143383
6,1597335505270550900,1597335505270532600,0.04756179,-0.74263221,0.66800863,0.70824158,0.51895982,-0.55304915,-0.65178019,1.68235362,0.85347450,0.37766945,0.35909230,-0.02142119
6,1597335505279656800,1597335505279589300,0.04745707,-0.74243397,0.66823637,0.70803368,0.51902086,-0.55326074,-0.65155202,1.68350220,0.85344321,0.37774929,0.35908264,-0.02178502
6,1597335505288556900,1597335505288397400,0.04739231,-0.74241740,0.66825938,0.70803368,0.51899552,-0.55331600,-0.65152520,1.68455768,0.85346222,0.37770087,0.35908845,-0.02205420
6,1597335505297472000,1597335505297425500,0.04749233,-0.74222589,0.66846496,0.70791137,0.51888281,-0.55350941,-0.65145069,1.68579268,0.85352522,0.37779385,0.35884076,-0.02222824
6,1597335505306466300,1597335505306380900,0.04747787,-0.74239033,0.66828334,0.70798433,0.51850098,-0.55352426,-0.65174204,1.68669260,0.85375798,0.37744889,0.35864997,-0.02235341
6,1597335505315435100,1597335505315343200,0.04727438,-0.74240273,0.66828400,0.70778823,0.51820660,-0.55372995,-0.65180147,1.68741941,0.85394800,0.37712267,0.35854077,-0.02259898
6,1597335505324338600,1597335505324318700,0.04730967,-0.74233204,0.66835999,0.70760739,0.51792145,-0.55390960,-0.65187550,1.68811727,0.85411900,0.37699795,0.35826445,-0.02269697
6,1597335505333430000,1597335505333361100,0.04782394,-0.74208635,0.66859621,0.70777428,0.51731586,-0.55419511,-0.65211362,1.68843508,0.85445738,0.37706202,0.35738927,-0.02325463
6,1597335505342527500,1597335505342478300,0.04783767,-0.74201030,0.66867965,0.70779002,0.51711071,-0.55435389,-0.65214133,1.68855309,0.85458076,0.37697831,0.35718250,-0.02363324
6,1597335505351258300,1597335505351192000,0.04769590,-0.74217862,0.66850305,0.70757115,0.51711214,-0.55425012,-0.65222842,1.68858123,0.85458779,0.37679964,0.35735416,-0.02404118
6,1597335505360228700,1597335505360177500,0.04768935,-0.74236006,0.66830194,0.70748079,0.51677150,-0.55422592,-0.65251893,1.68889427,0.85479414,0.37647754,0.35719991,-0.02383757
6,1597335505369230200,1597335505369204800,0.04800114,-0.74212259,0.66854334,0.70818114,0.51657790,-0.55440903,-0.65251672,1.68906379,0.85489380,0.37667623,0.35675192,-0.02419603
6,1597335505378230700,1597335505378184900,0.04806101,-0.74218726,0.66846728,0.70782983,0.51680112,-0.55422169,-0.65249902,1.68907976,0.85475540,0.37682435,0.35692680,-0.02523935
6,1597335505387239700,1597335505387200100,0.04788396,-0.74238157,0.66826421,0.70781744,0.51680267,-0.55410755,-0.65259475,1.68874359,0.85476446,0.37660950,0.35713196,-0.02584732
6,1597335505396488900,1597335505396376400,0.04782021,-0.74240923,0.66823792,0.70799410,0.51652724,-0.55422914,-0.65270954,1.68879950,0.85493445,0.37637573,0.35697126,-0.02584326
6,1597335505405282200,1597335505405189900,0.04796118,-0.74253321,0.66809011,0.70840693,0.51639652,-0.55410498,-0.65291840,1.68806958,0.85500556,0.37631410,0.35686606,-0.02617884
6,1597335505414070800,1597335505414045600,0.04794410,-0.74256265,0.66805863,0.70808291,0.51674801,-0.55392879,-0.65278977,1.68805766,0.85479409,0.37651536,0.35716015,-0.02759576
6,1597335505423151000,1597335505423049000,0.04801774,-0.74250132,0.66812146,0.70793974,0.51651978,-0.55405754,-0.65286118,1.68746591,0.85492790,0.37644681,0.35691208,-0.02827668
6,1597335505432138900,1597335505432081100,0.04799861,-0.74257851,0.66803706,0.70857930,0.51632518,-0.55407596,-0.65299940,1.68692183,0.85504651,0.37626737,0.35681719,-0.02827728
6,1597335505441077800,1597335505440996100,0.04821748,-0.74265820,0.66793275,0.70818126,0.51633751,-0.55389851,-0.65314019,1.68666911,0.85502684,0.37637144,0.35675472,-0.02960825
6,1597335505450109000,1597335505450021700,0.04808578,-0.74267727,0.66792101,0.70818055,0.51636922,-0.55392253,-0.65309471,1.68582869,0.85501498,0.37629837,0.35685998,-0.03070915
6,1597335505459017500,1597335505458982800,0.04802209,-0.74261153,0.66799867,0.70825994,0.51635259,-0.55402154,-0.65302390,1.68539858,0.85502869,0.37628239,0.35684419,-0.03120089
6,1597335505468149800,1597335505468060200,0.04811543,-0.74268270,0.66791290,0.70848119,0.51639336,-0.55389392,-0.65309995,1.68465328,0.85499883,0.37632990,0.35686561,-0.03199065
6,1597335505476880400,1597335505476856600,0.04806682,-0.74268216,0.66791695,0.70828605,0.51656616,-0.55383927,-0.65300959,1.68395233,0.85489714,0.37641141,0.35702318,-0.03315866
6,1597335505485981000,1597335505485910600,0.04806936,-0.74255717,0.66805571,0.70826089,0.51672089,-0.55389220,-0.65284228,1.68301725,0.85480344,0.37658000,0.35706955,-0.03425169
6,1597335505494931900,1597335505494822300,0.04804286,-0.74266744,0.66793507,0.70830977,0.51666939,-0.55381852,-0.65294558,1.68235493,0.85483611,0.37647092,0.35710651,-0.03482652
6,1597335505503713800,1597335505503648400,0.04814541,-0.74264830,0.66794896,0.70857131,0.51669294,-0.55378270,-0.65295726,1.68127608,0.85481614,0.37656140,0.35705912,-0.03555989
6,1597335505512530500,1597335505512492500,0.04808965,-0.74269599,0.66789985,0.70851874,0.51673168,-0.55374295,-0.65296036,1.68013239,0.85479581,0.37652558,0.35714537,-0.03648639
6,1597335505521788700,1597335505521609800,0.04806224,-0.74277246,0.66781688,0.70855701,0.51664883,-0.55371654,-0.65304828,1.67906404,0.85484743,0.37641376,0.35713971,-0.03745592
6,1597335505530499200,1597335505530459300,0.04804638,-0.74285102,0.66773063,0.70861626,0.51655024,-0.55368996,-0.65314883,1.67826390,0.85490793,0.37629780,0.35711709,-0.03804255
6,1597335505539632300,1597335505539600500,0.04811037,-0.74282074,0.66775966,0.70888793,0.51665336,-0.55364656,-0.65310401,1.67709363,0.85484201,0.37642130,0.35714477,-0.03883040
6,1597335505548363800,1597335505548338700,0.04806086,-0.74281055,0.66777456,0.70893335,0.51671195,-0.55365205,-0.65305305,1.67624247,0.85480940,0.37643337,0.35721016,-0.03970492
6,1597335505557685300,1597335505557635300,0.04808012,-0.74278843,0.66779780,0.70889783,0.51649392,-0.55376142,-0.65313274,1.67516816,0.85494006,0.37631619,0.35702085,-0.04059470
6,1597335505566577000,1597335505566503900,0.04827321,-0.74275666,0.66781914,0.70914519,0.51658076,-0.55367106,-0.65314066,1.67413485,0.85487670,0.37651169,0.35696632,-0.04156542
6,1597335505575663700,1597335505575618100,0.04824254,-0.74264777,0.66794246,0.70912945,0.51662368,-0.55377185,-0.65302128,1.67293739,0.85485256,0.37657827,0.35695404,-0.04257011
6,1597335505584395800,1597335505584364500,0.04826903,-0.74247283,0.66813499,0.70906389,0.51660776,-0.55393845,-0.65289253,1.67182136,0.85486060,0.37667820,0.35682917,-0.04344010
6,1597335505593585600,1597335505593500900,0.04847261,-0.74248374,0.66810822,0.70905149,0.51629072,-0.55397981,-0.65310818,1.67069292,0.85504061,0.37659591,0.35648468,-0.04435503
6,1597335505602238300,1597335505602200000,0.04832429,-0.74256945,0.66802359,0.70906985,0.51653987,-0.55385011,-0.65302122,1.66945314,0.85489851,0.37661761,0.35680237,-0.04536819
6,1597335505611205900,1597335505611182100,0.04836753,-0.74249291,0.66810560,0.70914781,0.51662314,-0.55386966,-0.65293872,1.66812766,0.85484576,0.37673983,0.35679972,-0.04602396
6,1597335505620397500,1597335505620361100,0.04834720,-0.74241561,0.66819298,0.70904315,0.51653075,-0.55399466,-0.65290582,1.66679275,0.85490274,0.37670836,0.35669643,-0.04734433
6,1597335505629268200,1597335505629242900,0.04831573,-0.74256790,0.66802597,0.70916188,0.51659232,-0.55383223,-0.65299487,1.66578794,0.85486728,0.37664700,0.35684612,-0.04809868
6,1597335505638208200,1597335505638117200,0.04846039,-0.74232572,0.66828465,0.70934784,0.51654297,-0.55402833,-0.65286756,1.66458130,0.85488892,0.37683591,0.35659474,-0.04882061
6,1597335505647182300,1597335505647136700,0.04841754,-0.74240333,0.66820151,0.70934927,0.51649189,-0.55399346,-0.65293753,1.66316962,0.85492224,0.37673426,0.35662234,-0.04966724
6,1597335505656139800,1597335505656079600,0.04847556,-0.74246997,0.66812336,0.70941222,0.51649457,-0.55390227,-0.65301281,1.66193771,0.85491735,0.37673718,0.35663095,-0.05061054
6,1597335505665251700,1597335505665215100,0.04861075,-0.74230099,0.66830122,0.70945430,0.51657593,-0.55397326,-0.65288824,1.66079807,0.85486054,0.37696561,0.35652578,-0.05172110
6,1597335505674261300,1597335505674186400,0.04848370,-0.74234200,0.66826487,0.70944357,0.51675260,-0.55391002,-0.65280211,1.65956914,0.85476094,0.37697780,0.35675156,-0.05264997
6,1597335505683177800,1597335505683128300,0.04859886,-0.74241459,0.66817582,0.70954311,0.51646107,-0.55391800,-0.65302598,1.65841484,0.85493058,0.37682310,0.35650843,-0.05371118
6,1597335505692142000,1597335505692033700,0.04845619,-0.74244815,0.66814893,0.70952332,0.51669598,-0.55384308,-0.65290368,1.65729988,0.85479671,0.37686706,0.35678291,-0.05452394
6,1597335505701068300,1597335505700950100,0.04842553,-0.74233669,0.66827494,0.70960677,0.51658100,-0.55401587,-0.65284806,1.65616751,0.85486788,0.37683260,0.35664859,-0.05550718
6,1597335505710071800,1597335505709946200,0.04843226,-0.74231440,0.66829926,0.70955300,0.51623815,-0.55418581,-0.65297496,1.65515518,0.85507464,0.37662661,0.35637057,-0.05669975
6,1597335505719291100,1597335505719222100,0.04838189,-0.74244434,0.66815853,0.70955408,0.51618630,-0.55410337,-0.65308595,1.65395713,0.85510880,0.37649179,0.35643104,-0.05803919
6,1597335505727880100,1597335505727835300,0.04830378,-0.74243641,0.66817296,0.70958459,0.51616526,-0.55415392,-0.65305966,1.65284717,0.85512590,0.37643287,0.35645223,-0.05917084
6,1597335505736875700,1597335505736830200,0.04816514,-0.74234635,0.66828305,0.70961142,0.51627934,-0.55425143,-0.65288675,1.65177679,0.85506487,0.37646711,0.35656250,-0.06018305
6,1597335505745886900,1597335505745861500,0.04813623,-0.74234509,0.66828656,0.70962715,0.51620126,-0.55429953,-0.65290767,1.65067530,0.85511363,0.37639883,0.35651761,-0.06142890
6,1597335505754988200,1597335505754937200,0.04807454,-0.74244088,0.66818464,0.70961702,0.51628470,-0.55419570,-0.65292984,1.64954710,0.85506672,0.37636274,0.35666820,-0.06246686
6,1597335505763849400,1597335505763781000,0.04801720,-0.74236894,0.66826862,0.70957303,0.51635897,-0.55425793,-0.65281826,1.64847660,0.85502505,0.37641296,0.35671499,-0.06377900
6,1597335505772841700,1597335505772794300,0.04792020,-0.74235290,0.66829348,0.70963681,0.51632386,-0.55433083,-0.65278411,1.64721060,0.85505176,0.37633741,0.35673082,-0.06484687
6,1597335505781756200,1597335505781733700,0.04803371,-0.74236572,0.66827095,0.70965660,0.51615810,-0.55434233,-0.65290540,1.64612126,0.85514545,0.37629497,0.35655096,-0.06611669
6,1597335505790947700,1597335505790901200,0.04792911,-0.74276167,0.66783845,0.70975578,0.51641768,-0.55388612,-0.65308732,1.64501929,0.85499460,0.37618548,0.35702801,-0.06725287
6,1597335505799520200,1597335505799394800,0.04789340,-0.74263996,0.66797626,0.70977104,0.51636589,-0.55404323,-0.65299499,1.64411533,0.85502779,0.37619433,0.35693896,-0.06836057
6,1597335505808698000,1597335505808545600,0.04773298,-0.74270701,0.66791320,0.70970333,0.51646692,-0.55400229,-0.65294987,1.64304924,0.85497582,0.37612230,0.35713944,-0.06952167
6,1597335505817299200,1597335505817252700,0.04788783,-0.74256790,0.66805673,0.70978343,0.51625508,-0.55416483,-0.65297943,1.64231825,0.85509509,0.37615740,0.35681677,-0.07085669
6,1597335505826238100,1597335505826183700,0.04777500,-0.74254191,0.66809380,0.70974076,0.51649714,-0.55413228,-0.65281558,1.64126682,0.85495520,0.37625676,0.35704714,-0.07241440
6,1597335505835312900,1597335505835229700,0.04776201,-0.74251622,0.66812325,0.70978749,0.51635993,-0.55422330,-0.65284687,1.64033949,0.85503876,0.37617329,0.35693485,-0.07387948
6,1597335505844190900,1597335505844172600,0.04760179,-0.74266267,0.66797191,0.70985425,0.51650673,-0.55408454,-0.65284854,1.63936210,0.85495907,0.37608868,0.35721487,-0.07511210
6,1597335505853233700,1597335505853172200,0.04770017,-0.74256456,0.66807395,0.70979619,0.51644975,-0.55416316,-0.65282691,1.63853562,0.85498798,0.37616652,0.35706359,-0.07639062
6,1597335505862219000,1597335505862182300,0.04766086,-0.74272490,0.66789860,0.70983636,0.51659179,-0.55396092,-0.65288615,1.63785291,0.85490441,0.37614802,0.35728326,-0.07776141
6,1597335505871127500,1597335505871111800,0.04765022,-0.74255121,0.66809237,0.70980000,0.51665109,-0.55410910,-0.65271348,1.63712549,0.85486919,0.37627256,0.35723650,-0.07924616
6,1597335505880307500,1597335505880258400,0.04769877,-0.74244845,0.66820312,0.70992458,0.51667655,-0.55417740,-0.65263534,1.63618112,0.85485113,0.37637469,0.35717213,-0.08058047
6,1597335505889205200,1597335505889135900,0.04776710,-0.74234098,0.66831756,0.70976639,0.51662767,-0.55427444,-0.65259159,1.63541055,0.85487682,0.37644374,0.35703790,-0.08172297
6,1597335505898198200,1597335505898153700,0.04764566,-0.74228990,0.66838300,0.70985210,0.51683265,-0.55428630,-0.65241921,1.63478661,0.85475963,0.37652704,0.35723037,-0.08306420
6,1597335505907480100,1597335505907313200,0.04764807,-0.74225396,0.66842270,0.70997560,0.51666552,-0.55439395,-0.65246010,1.63406801,0.85486054,0.37643942,0.35708123,-0.08454490
6,1597335505916528400,1597335505916496600,0.04758477,-0.74228060,0.66839767,0.71002913,0.51660925,-0.55441988,-0.65248263,1.63348699,0.85489810,0.37634861,0.35708708,-0.08600819
6,1597335505925329300,1597335505925295300,0.04755709,-0.74229592,0.66838264,0.70997965,0.51644355,-0.55448973,-0.65255439,1.63279438,0.85499972,0.37621546,0.35698408,-0.08751345
6,1597335505934459400,1597335505934437800,0.04739547,-0.74215752,0.66854775,0.70997643,0.51652133,-0.55466002,-0.65234810,1.63227320,0.85496169,0.37623748,0.35705185,-0.08907020
6,1597335505943235100,1597335505943194000,0.04738733,-0.74212188,0.66858792,0.71005046,0.51631612,-0.55478859,-0.65240121,1.63171041,0.85508609,0.37611824,0.35687953,-0.09042859
6,1597335505952324800,1597335505952249800,0.04746535,-0.74214083,0.66856134,0.70999551,0.51598710,-0.55488133,-0.65258265,1.63124084,0.85528040,0.37594405,0.35659754,-0.09171319
6,1597335505961162100,1597335505961125300,0.04738340,-0.74213022,0.66857898,0.71006763,0.51603031,-0.55490780,-0.65252590,1.63079929,0.85525882,0.37592590,0.35666835,-0.09318066
6,1597335505970278100,1597335505970240900,0.04730245,-0.74214673,0.66856635,0.71004093,0.51615453,-0.55487180,-0.65245831,1.63048410,0.85518837,0.37594637,0.35681564,-0.09484458
6,1597335505979185800,1597335505979157800,0.04750621,-0.74210453,0.66859877,0.71020913,0.51570880,-0.55502152,-0.65268338,1.63016844,0.85544592,0.37580872,0.35634291,-0.09641647
6,1597335505988395800,1597335505988338400,0.04753199,-0.74196416,0.66875267,0.71026242,0.51549554,-0.55524117,-0.65266508,1.62996578,0.85557306,0.37576145,0.35608751,-0.09727907
6,1597335505997112800,1597335505997075800,0.04739726,-0.74209261,0.66861969,0.71028459,0.51554573,-0.55515146,-0.65270174,1.62976193,0.85555023,0.37564024,0.35627007,-0.09878671
6,1597335506006245600,1597335506006217500,0.04721883,-0.74191630,0.66882789,0.71020710,0.51559991,-0.55537617,-0.65246773,1.62978077,0.85552752,0.37565631,0.35630780,-0.10056949
6,1597335506015036700,1597335506015018200,0.04726073,-0.74201506,0.66871536,0.71038496,0.51534897,-0.55537200,-0.65266949,1.62959778,0.85567635,0.37546742,0.35614946,-0.10233700
6,1597335506024221200,1597335506024196400,0.04713917,-0.74191618,0.66883361,0.71026647,0.51559073,-0.55541444,-0.65244240,1.62950325,0.85553741,0.37559998,0.35634339,-0.10373414
6,1597335506033097700,1597335506033036300,0.04686818,-0.74187326,0.66890031,0.71016479,0.51579940,-0.55548072,-0.65222102,1.62963390,0.85542649,0.37558675,0.35662347,-0.10517037
6,1597335506042215700,1597335506042140800,0.04686040,-0.74201316,0.66874570,0.71028984,0.51560712,-0.55543202,-0.65241450,1.62948430,0.85554284,0.37538242,0.35655957,-0.10656440
6,1597335506050986200,1597335506050967700,0.04685196,-0.74188024,0.66889369,0.71026647,0.51559788,-0.55556929,-0.65230489,1.62962246,0.85554886,0.37544191,0.35648239,-0.10794175
6,1597335506060095300,1597335506060012800,0.04688731,-0.74188447,0.66888654,0.71035361,0.51569629,-0.55550683,-0.65228027,1.62967777,0.85548764,0.37552595,0.35654089,-0.10964715
6,1597335506068908500,1597335506068860400,0.04680324,-0.74186593,0.66891301,0.71021390,0.51582688,-0.55550361,-0.65217978,1.63008428,0.85541350,0.37556738,0.35667503,-0.11123931
