0,1598330912740913200,1598330912740830800,-0.99985027,0.00955591,0.01443414,-0.01351678,-0.01529672,-0.09738180,-0.99512947,1.83123171,-0.00810373,-0.99520123,0.09751340,0.99806905
0,1598330912750324500,1598330912750228200,-0.99984694,0.00972474,0.01454925,-0.01068902,-0.01542564,-0.09712765,-0.99515235,1.83122993,-0.00826448,-0.99522448,0.09726279,0.99814034
0,1598330912759211300,1598330912759156700,-0.99984598,0.00982088,0.01455147,-0.00797045,-0.01543723,-0.09713050,-0.99515188,1.83120584,-0.00835988,-0.99522328,0.09726716,0.99815559
0,1598330912768242000,1598330912768172800,-0.99984497,0.00984687,0.01460114,-0.00524485,-0.01548949,-0.09716603,-0.99514759,1.83122134,-0.00838035,-0.99521953,0.09730349,0.99826694
0,1598330912777143100,1598330912777073700,-0.99984324,0.00985503,0.01471394,-0.00254238,-0.01560248,-0.09715728,-0.99514669,1.83120966,-0.00837761,-0.99522030,0.09729582,0.99830294
0,1598330912786185600,1598330912786121600,-0.99984366,0.00983688,0.01470044,0.00014591,-0.01558758,-0.09719346,-0.99514341,1.83120143,-0.00836030,-0.99521691,0.09733161,0.99834347
0,1598330912795260900,1598330912795176100,-0.99984241,0.00981876,0.01479307,0.00292182,-0.01567675,-0.09704289,-0.99515671,1.83125746,-0.00833562,-0.99523175,0.09718153,0.99840117
0,1598330912804251700,1598330912804155700,-0.99984211,0.00988653,0.01476965,0.00564253,-0.01566210,-0.09728955,-0.99513286,1.83127463,-0.00840148,-0.99520701,0.09742904,0.99845076
0,1598330912813141800,1598330912813069300,-0.99984026,0.00991926,0.01487518,0.00834405,-0.01576869,-0.09709622,-0.99515003,1.83125401,-0.00842682,-0.99522555,0.09723713,0.99850750
0,1598330912822128500,1598330912822056400,-0.99984193,0.00981602,0.01482918,0.01106727,-0.01571268,-0.09707421,-0.99515307,1.83126998,-0.00832888,-0.99522877,0.09721310,0.99852633
0,1598330912831146600,1598330912831067800,-0.99984092,0.00976482,0.01493152,0.01379371,-0.01581117,-0.09726750,-0.99513263,1.83125865,-0.00826493,-0.99521035,0.09740642,0.99857521
0,1598330912840097400,1598330912840022900,-0.99984276,0.00949043,0.01498183,0.01649237,-0.01583169,-0.09691552,-0.99516666,1.83124685,-0.00799257,-0.99524736,0.09705054,0.99866962
0,1598330912849127300,1598330912849000400,-0.99984217,0.00948185,0.01503147,0.01919818,-0.01588096,-0.09700100,-0.99515754,1.83125401,-0.00797787,-0.99523920,0.09713627,0.99869204
0,1598330912858044200,1598330912857969700,-0.99984109,0.00956756,0.01504719,0.02187800,-0.01590684,-0.09723699,-0.99513412,1.83119857,-0.00805783,-0.99521530,0.09737373,0.99873853
0,1598330912866949300,1598330912866864800,-0.99983996,0.00954533,0.01513283,0.02456713,-0.01598566,-0.09671098,-0.99518406,1.83120477,-0.00803581,-0.99526680,0.09684810,0.99883866
0,1598330912875970900,1598330912875893100,-0.99983990,0.00942644,0.01521200,0.02728629,-0.01605638,-0.09714271,-0.99514091,1.83116174,-0.00790292,-0.99522591,0.09727852,0.99887991
0,1598330912884930400,1598330912884849100,-0.99984109,0.00938094,0.01516322,0.02987242,-0.01600159,-0.09691300,-0.99516416,1.83112919,-0.00786605,-0.99524868,0.09704772,0.99892139
0,1598330912893895300,1598330912893824500,-0.99983776,0.00945881,0.01533066,0.03258371,-0.01617406,-0.09669471,-0.99518263,1.83116007,-0.00793082,-0.99526918,0.09683202,0.99896407
0,1598330912902817600,1598330912902768000,-0.99983835,0.00953051,0.01525415,0.03527653,-0.01610855,-0.09715486,-0.99513888,1.83113718,-0.00800213,-0.99522364,0.09729268,0.99907565
0,1598330912911901300,1598330912911829800,-0.99983621,0.00954470,0.01538125,0.03803277,-0.01623149,-0.09653957,-0.99519676,1.83114386,-0.00801396,-0.99528337,0.09667869,0.99913430
0,1598330912920757600,1598330912920697800,-0.99983525,0.00957689,0.01542413,0.04063451,-0.01628103,-0.09700426,-0.99515074,1.83115828,-0.00803420,-0.99523795,0.09714420,0.99910069
0,1598330912929796600,1598330912929720500,-0.99983525,0.00961220,0.01540133,0.04340720,-0.01626074,-0.09687690,-0.99516350,1.83121991,-0.00807372,-0.99524999,0.09701724,0.99919105
0,1598330912938792500,1598330912938727100,-0.99983317,0.00969708,0.01548100,0.04613006,-0.01634833,-0.09688362,-0.99516141,1.83123696,-0.00815028,-0.99524856,0.09702601,0.99922371
0,1598330912947904500,1598330912947823500,-0.99983132,0.00982156,0.01552483,0.04889607,-0.01640528,-0.09703483,-0.99514574,1.83127093,-0.00826740,-0.99523258,0.09717960,0.99920869
0,1598330912956722600,1598330912956670600,-0.99983019,0.00987417,0.01556483,0.05146515,-0.01644927,-0.09692265,-0.99515593,1.83126926,-0.00831771,-0.99524295,0.09706862,0.99922252
0,1598330912965719000,1598330912965652300,-0.99982804,0.01004928,0.01559068,0.05418444,-0.01649301,-0.09704094,-0.99514371,1.83125496,-0.00848749,-0.99522966,0.09719000,0.99928474
0,1598330912974645300,1598330912974592200,-0.99982548,0.01014456,0.01569409,0.05691409,-0.01660320,-0.09680936,-0.99516439,1.83125961,-0.00857612,-0.99525130,0.09696090,0.99933648
0,1598330912983810600,1598330912983647900,-0.99982536,0.01024544,0.01563881,0.05955791,-0.01656006,-0.09705046,-0.99514163,1.83124542,-0.00867790,-0.99522680,0.09720317,0.99935699
0,1598330912992643200,1598330912992556300,-0.99982291,0.01028898,0.01575664,0.06223655,-0.01667973,-0.09683848,-0.99516028,1.83122945,-0.00871333,-0.99524701,0.09699295,0.99940443
0,1598330913001638000,1598330913001567300,-0.99982256,0.01036435,0.01573619,0.06495988,-0.01666755,-0.09693734,-0.99515086,1.83120489,-0.00878865,-0.99523658,0.09709289,0.99949551
0,1598330913010555700,1598330913010494900,-0.99982041,0.01037923,0.01586219,0.06762815,-0.01679417,-0.09690952,-0.99515146,1.83123064,-0.00879174,-0.99523914,0.09706642,0.99952078
0,1598330913019625700,1598330913019558300,-0.99982023,0.01038593,0.01586756,0.07028067,-0.01679973,-0.09686091,-0.99515611,1.83121729,-0.00879866,-0.99524379,0.09701798,0.99953580
0,1598330913028500600,1598330913028402000,-0.99981916,0.01045167,0.01589272,0.07294321,-0.01683232,-0.09699225,-0.99514276,1.83121538,-0.00885946,-0.99523032,0.09715063,0.99958730
0,1598330913037619400,1598330913037521100,-0.99981749,0.01052448,0.01594876,0.07568455,-0.01689412,-0.09687510,-0.99515313,1.83122528,-0.00892845,-0.99524093,0.09703523,0.99968600
0,1598330913046494000,1598330913046383300,-0.99981654,0.01049027,0.01603079,0.07835042,-0.01697224,-0.09685212,-0.99515402,1.83124876,-0.00888675,-0.99524355,0.09701239,0.99969840
0,1598330913055450900,1598330913055401000,-0.99981809,0.01041991,0.01598029,0.08105230,-0.01691572,-0.09691733,-0.99514866,1.83124042,-0.00882056,-0.99523795,0.09707597,0.99971485
0,1598330913064429900,1598330913064387000,-0.99981642,0.01037151,0.01611707,0.08375728,-0.01704606,-0.09679132,-0.99515867,1.83125198,-0.00876126,-0.99525070,0.09695034,0.99976563
0,1598330913073610400,1598330913073506800,-0.99981821,0.01032671,0.01603341,0.08650863,-0.01696018,-0.09698892,-0.99514091,1.83124876,-0.00872144,-0.99523187,0.09714642,0.99982882
0,1598330913082427200,1598330913082362700,-0.99981683,0.01025814,0.01616029,0.08916831,-0.01707925,-0.09692632,-0.99514496,1.83123899,-0.00864196,-0.99523878,0.09708377,0.99989247
0,1598330913091507600,1598330913091399800,-0.99981880,0.00996992,0.01621996,0.09183526,-0.01710943,-0.09677801,-0.99515891,1.83129120,-0.00835189,-0.99525607,0.09693106,0.99992108
0,1598330913100367700,1598330913100325500,-0.99981773,0.01003715,0.01624556,0.09450793,-0.01714359,-0.09703508,-0.99513328,1.83126032,-0.00841191,-0.99523044,0.09718947,0.99999380
0,1598330913109311900,1598330913109243400,-0.99981660,0.01002249,0.01632236,0.09718275,-0.01721574,-0.09669392,-0.99516523,1.83126760,-0.00839576,-0.99526376,0.09684873,1.00002837
0,1598330913118312800,1598330913118207400,-0.99981606,0.01004523,0.01634389,0.09983695,-0.01724090,-0.09687630,-0.99514705,1.83125949,-0.00841311,-0.99524575,0.09703168,1.00004840
0,1598330913127351600,1598330913127283600,-0.99981523,0.01008397,0.01636993,0.10253835,-0.01727062,-0.09688019,-0.99514616,1.83121860,-0.00844908,-0.99524498,0.09703645,1.00008130
0,1598330913136298900,1598330913136193700,-0.99981445,0.01012042,0.01639440,0.10523415,-0.01729708,-0.09671248,-0.99516201,1.83124495,-0.00848588,-0.99526089,0.09686960,1.00013566
0,1598330913145204900,1598330913145159300,-0.99981201,0.01009336,0.01656071,0.10793579,-0.01746151,-0.09689105,-0.99514174,1.83124352,-0.00843978,-0.99524385,0.09704907,1.00015092
0,1598330913154102600,1598330913154062100,-0.99981380,0.01014712,0.01641606,0.11056316,-0.01732217,-0.09682284,-0.99515086,1.83122253,-0.00850847,-0.99524999,0.09698059,1.00016379
0,1598330913163229700,1598330913163160900,-0.99981022,0.01018581,0.01661334,0.11330998,-0.01752132,-0.09671164,-0.99515820,1.83127785,-0.00852972,-0.99526036,0.09687176,1.00022554
0,1598330913172170300,1598330913172091300,-0.99981058,0.01026350,0.01654394,0.11600304,-0.01746161,-0.09692264,-0.99513870,1.83127952,-0.00861013,-0.99523902,0.09708349,1.00022268
0,1598330913181249100,1598330913181177400,-0.99980956,0.01028222,0.01659052,0.11875153,-0.01750834,-0.09675657,-0.99515402,1.83128166,-0.00862712,-0.99525499,0.09691817,1.00025415
0,1598330913190073800,1598330913189998800,-0.99980545,0.01040605,0.01676166,0.12137938,-0.01769061,-0.09674736,-0.99515170,1.83127499,-0.00873396,-0.99525458,0.09691263,1.00027227
0,1598330913199213500,1598330913199121000,-0.99980688,0.01045829,0.01664082,0.12411022,-0.01757518,-0.09672303,-0.99515611,1.83124352,-0.00879806,-0.99525642,0.09688815,1.00028539
0,1598330913207984100,1598330913207934400,-0.99980515,0.01054353,0.01669309,0.12677443,-0.01763540,-0.09671548,-0.99515575,1.83125424,-0.00887793,-0.99525630,0.09688257,1.00034738
0,1598330913217268800,1598330913217176700,-0.99980205,0.01062918,0.01682424,0.12952220,-0.01777419,-0.09671098,-0.99515373,1.83126390,-0.00895053,-0.99525583,0.09688076,1.00035596
0,1598330913226165300,1598330913226105500,-0.99980313,0.01065710,0.01674005,0.13223779,-0.01769428,-0.09684106,-0.99514252,1.83129442,-0.00898421,-0.99524283,0.09701057,1.00043225
0,1598330913235105700,1598330913235059500,-0.99980158,0.01066697,0.01682886,0.13486350,-0.01778305,-0.09677676,-0.99514717,1.83128631,-0.00898653,-0.99524897,0.09694725,1.00043583
0,1598330913244070500,1598330913244026000,-0.99980021,0.01064113,0.01692720,0.13755429,-0.01787852,-0.09678654,-0.99514455,1.83128250,-0.00895113,-0.99524838,0.09695745,1.00046444
0,1598330913253155000,1598330913253080100,-0.99980003,0.01071626,0.01688708,0.14023054,-0.01784691,-0.09690171,-0.99513388,1.83129525,-0.00902769,-0.99523628,0.09707358,1.00048018
0,1598330913262174000,1598330913262085000,-0.99979848,0.01072252,0.01697778,0.14289510,-0.01793700,-0.09681363,-0.99514085,1.83132505,-0.00902668,-0.99524480,0.09698644,1.00054741
0,1598330913271175900,1598330913271107600,-0.99979800,0.01071686,0.01700892,0.14558363,-0.01796662,-0.09672266,-0.99514914,1.83131838,-0.00901973,-0.99525374,0.09689567,1.00054693
0,1598330913279974300,1598330913279906400,-0.99979645,0.01070964,0.01710230,0.14822376,-0.01805939,-0.09678038,-0.99514186,1.83131123,-0.00900245,-0.99524820,0.09695410,1.00058746
0,1598330913288995100,1598330913288919200,-0.99979591,0.01069877,0.01714051,0.15090466,-0.01809696,-0.09684597,-0.99513483,1.83133233,-0.00898668,-0.99524188,0.09701982,1.00060868
0,1598330913297988600,1598330913297939500,-0.99979591,0.01058373,0.01721508,0.15360773,-0.01815976,-0.09681636,-0.99513656,1.83132768,-0.00886554,-0.99524605,0.09698880,1.00060010
0,1598330913306954700,1598330913306895100,-0.99979645,0.01040274,0.01729067,0.15624249,-0.01821886,-0.09698018,-0.99511951,1.83134997,-0.00867510,-0.99523199,0.09714997,1.00053620
0,1598330913315933300,1598330913315801900,-0.99979639,0.01030141,0.01735386,0.15894067,-0.01826937,-0.09668492,-0.99514729,1.83133316,-0.00857350,-0.99526179,0.09685344,1.00059247
0,1598330913324878200,1598330913324821200,-0.99979895,0.01014394,0.01730006,0.16161811,-0.01820319,-0.09699444,-0.99511838,1.83135605,-0.00841638,-0.99523324,0.09715959,1.00059295
0,1598330913333786300,1598330913333721400,-0.99979955,0.01002556,0.01733491,0.16426814,-0.01822578,-0.09692306,-0.99512494,1.83133566,-0.00829649,-0.99524140,0.09708636,1.00059891
0,1598330913342826900,1598330913342772300,-0.99979812,0.00999442,0.01743391,0.16700935,-0.01831857,-0.09659546,-0.99515510,1.83131385,-0.00826192,-0.99527359,0.09675904,1.00063753
0,1598330913351786700,1598330913351711900,-0.99979854,0.00999922,0.01740908,0.16963172,-0.01829785,-0.09701975,-0.99511421,1.83130980,-0.00826132,-0.99523228,0.09718317,1.00066400
0,1598330913360796400,1598330913360710800,-0.99979800,0.00996217,0.01745924,0.17232871,-0.01834198,-0.09675436,-0.99513924,1.83130312,-0.00822449,-0.99525845,0.09691755,1.00070238
0,1598330913369760400,1598330913369708200,-0.99979687,0.00996053,0.01752472,0.17499256,-0.01840706,-0.09676243,-0.99513721,1.83130419,-0.00821635,-0.99525768,0.09692612,1.00065231
0,1598330913378695300,1598330913378634300,-0.99979645,0.00995088,0.01755736,0.17764997,-0.01844053,-0.09699502,-0.99511397,1.83132672,-0.00819924,-0.99523515,0.09715878,1.00065112
0,1598330913387755200,1598330913387638100,-0.99979496,0.01000270,0.01760952,0.18034613,-0.01849584,-0.09679708,-0.99513221,1.83133280,-0.00824946,-0.99525392,0.09696225,1.00065804
0,1598330913396755000,1598330913396683500,-0.99979460,0.01000962,0.01762722,0.18308079,-0.01851509,-0.09691411,-0.99512047,1.83140230,-0.00825244,-0.99524242,0.09707955,1.00073099
0,1598330913405616800,1598330913405535400,-0.99979460,0.01003635,0.01761271,0.18568790,-0.01850344,-0.09693586,-0.99511856,1.83138096,-0.00828001,-0.99524003,0.09710167,1.00073624
0,1598330913414634400,1598330913414550600,-0.99979186,0.01011145,0.01772273,0.18839085,-0.01861805,-0.09667596,-0.99514174,1.83135772,-0.00834894,-0.99526459,0.09684410,1.00079226
0,1598330913423162200,1598330913423118900,-0.99979103,0.01020348,0.01771994,0.19089305,-0.01862594,-0.09688228,-0.99512148,1.83136487,-0.00843695,-0.99524361,0.09705209,1.00080562
0,1598330913432195300,1598330913432119900,-0.99979150,0.01028100,0.01764673,0.19354391,-0.01856043,-0.09686333,-0.99512458,1.83138061,-0.00852156,-0.99524456,0.09703395,1.00077915
0,1598330913441169900,1598330913441091200,-0.99978805,0.01043063,0.01775093,0.19620550,-0.01867869,-0.09686627,-0.99512208,1.83137584,-0.00866023,-0.99524283,0.09704059,1.00082731
0,1598330913450157900,1598330913450097100,-0.99978685,0.01047784,0.01779212,0.19889164,-0.01872380,-0.09681302,-0.99512643,1.83139944,-0.00870425,-0.99524748,0.09698857,1.00077534
0,1598330913459142300,1598330913459060400,-0.99978697,0.01050258,0.01777542,0.20155025,-0.01871006,-0.09686679,-0.99512142,1.83134687,-0.00872949,-0.99524200,0.09704265,1.00077152
0,1598330913468142000,1598330913468081800,-0.99978560,0.01058432,0.01779999,0.20419371,-0.01874266,-0.09689083,-0.99511850,1.83135438,-0.00880796,-0.99523878,0.09706844,1.00074697
0,1598330913477120700,1598330913477060300,-0.99978614,0.01052272,0.01780914,0.20688617,-0.01874469,-0.09676675,-0.99513054,1.83131766,-0.00874814,-0.99525148,0.09694330,1.00074840
0,1598330913486100100,1598330913486034100,-0.99978501,0.01056170,0.01784877,0.20957994,-0.01878851,-0.09683469,-0.99512309,1.83132362,-0.00878179,-0.99524444,0.09701231,1.00075150
0,1598330913495013300,1598330913494923600,-0.99978447,0.01060331,0.01784977,0.21225357,-0.01879447,-0.09693798,-0.99511290,1.83138418,-0.00882119,-0.99523395,0.09711638,1.00083208
0,1598330913504045200,1598330913503959200,-0.99978423,0.01055959,0.01788933,0.21494663,-0.01882829,-0.09679023,-0.99512666,1.83136153,-0.00877661,-0.99524885,0.09696818,1.00083685
0,1598330913512907600,1598330913512838500,-0.99978304,0.01057592,0.01795076,0.21759999,-0.01889097,-0.09678446,-0.99512601,1.83136821,-0.00878701,-0.99524921,0.09696324,1.00082278
0,1598330913522010400,1598330913521940100,-0.99978191,0.01057610,0.01801167,0.22028506,-0.01895282,-0.09692223,-0.99511147,1.83133972,-0.00877869,-0.99523580,0.09710155,1.00084472
0,1598330913530953700,1598330913530860500,-0.99978316,0.01051211,0.01798068,0.22300112,-0.01891437,-0.09676321,-0.99512768,1.83137131,-0.00872102,-0.99525195,0.09694106,1.00093937
0,1598330913539910700,1598330913539835100,-0.99978381,0.01042676,0.01799303,0.22566974,-0.01891886,-0.09681747,-0.99512231,1.83135247,-0.00863385,-0.99524760,0.09699380,1.00094843
0,1598330913548914100,1598330913548785300,-0.99978477,0.01003021,0.01816251,0.22836351,-0.01904785,-0.09666789,-0.99513435,1.83129346,-0.00822568,-0.99526620,0.09683815,1.00104427
0,1598330913557956800,1598330913557870400,-0.99978387,0.01022232,0.01811059,0.23113263,-0.01901552,-0.09675445,-0.99512661,1.83134806,-0.00842020,-0.99525583,0.09692792,1.00113606
0,1598330913566814800,1598330913566761700,-0.99978507,0.01022023,0.01804323,0.23376906,-0.01894819,-0.09674659,-0.99512863,1.83131480,-0.00842482,-0.99525660,0.09691945,1.00116444
0,1598330913575858700,1598330913575798800,-0.99978334,0.01008588,0.01821326,0.23645556,-0.01910283,-0.09655673,-0.99514413,1.83131385,-0.00827828,-0.99527645,0.09672847,1.00118279
0,1598330913584694100,1598330913584650900,-0.99978417,0.01004112,0.01819147,0.23912203,-0.01907742,-0.09663027,-0.99513745,1.83129120,-0.00823444,-0.99526978,0.09680097,1.00120640
0,1598330913593903700,1598330913593763100,-0.99978304,0.01013225,0.01820404,0.24184525,-0.01909718,-0.09644151,-0.99515539,1.83129251,-0.00832751,-0.99528712,0.09661409,1.00127959
0,1598330913602716900,1598330913602646200,-0.99978256,0.01018021,0.01820385,0.24448717,-0.01910234,-0.09652751,-0.99514693,1.83130825,-0.00837362,-0.99527830,0.09670099,1.00128222
0,1598330913611718700,1598330913611641600,-0.99977922,0.01026604,0.01834112,0.24715745,-0.01924813,-0.09662701,-0.99513447,1.83129752,-0.00844380,-0.99526775,0.09680328,1.00130892
0,1598330913620642400,1598330913620577700,-0.99977905,0.01027831,0.01833866,0.24984944,-0.01924632,-0.09656364,-0.99514067,1.83127022,-0.00845751,-0.99527383,0.09674014,1.00133276
0,1598330913629998500,1598330913629921500,-0.99977648,0.01035562,0.01843693,0.25260341,-0.01935218,-0.09662911,-0.99513227,1.83131742,-0.00852364,-0.99526668,0.09680793,1.00139761
0,1598330913638726400,1598330913638650500,-0.99977708,0.01037741,0.01838963,0.25525737,-0.01930762,-0.09667776,-0.99512839,1.83127737,-0.00854897,-0.99526167,0.09685658,1.00146151
0,1598330913647703300,1598330913647606900,-0.99977642,0.01035845,0.01843628,0.25790477,-0.01935085,-0.09651740,-0.99514312,1.83128870,-0.00852874,-0.99527746,0.09669627,1.00146937
0,1598330913656600900,1598330913656554800,-0.99977380,0.01047564,0.01851187,0.26059568,-0.01943754,-0.09653011,-0.99514019,1.83130980,-0.00863779,-0.99527502,0.09671190,1.00149345
0,1598330913665627800,1598330913665539900,-0.99977362,0.01053789,0.01848544,0.26332581,-0.01941743,-0.09655087,-0.99513859,1.83136785,-0.00870183,-0.99527228,0.09673364,1.00164056
0,1598330913674506900,1598330913674456800,-0.99977326,0.01061207,0.01846441,0.26599705,-0.01940334,-0.09651351,-0.99514246,1.83135653,-0.00877845,-0.99527514,0.09669754,1.00169063
0,1598330913683574300,1598330913683442200,-0.99977040,0.01060227,0.01862392,0.26867795,-0.01956064,-0.09645390,-0.99514520,1.83137834,-0.00875437,-0.99528098,0.09663915,1.00169897
0,1598330913692463300,1598330913692405700,-0.99977195,0.01064202,0.01851722,0.27142024,-0.01945853,-0.09648141,-0.99514455,1.83142602,-0.00880378,-0.99527794,0.09666649,1.00179529
0,1598330913701540600,1598330913701487100,-0.99977052,0.01069888,0.01856266,0.27418292,-0.01950792,-0.09633166,-0.99515808,1.83146071,-0.00885889,-0.99529177,0.09651827,1.00189590
0,1598330913710468000,1598330913710417400,-0.99976814,0.01081255,0.01862300,0.27687252,-0.01957998,-0.09644643,-0.99514556,1.83149338,-0.00896394,-0.99527949,0.09663579,1.00193143
0,1598330913719261300,1598330913719188100,-0.99976933,0.01072058,0.01861333,0.27952766,-0.01956043,-0.09633029,-0.99515718,1.83148944,-0.00887564,-0.99529171,0.09651777,1.00197840
0,1598330913728174500,1598330913728098800,-0.99977148,0.01070425,0.01850937,0.28221464,-0.01945439,-0.09621972,-0.99516994,1.83148479,-0.00887156,-0.99530256,0.09640597,1.00199080
0,1598330913737152500,1598330913737089000,-0.99976850,0.01078755,0.01862146,0.28494084,-0.01957628,-0.09647389,-0.99514294,1.83148098,-0.00893861,-0.99527705,0.09666273,1.00212288
0,1598330913746077300,1598330913746033900,-0.99976748,0.01086193,0.01863543,0.28766513,-0.01959342,-0.09603773,-0.99518478,1.83144045,-0.00901991,-0.99531847,0.09622822,1.00222826
0,1598330913755121100,1598330913755035500,-0.99976939,0.01072377,0.01861016,0.29042435,-0.01955765,-0.09633826,-0.99515647,1.83145666,-0.00887895,-0.99529094,0.09652577,1.00223064
0,1598330913764079100,1598330913763996700,-0.99976635,0.01084182,0.01870597,0.29306328,-0.01966498,-0.09640025,-0.99514830,1.83141124,-0.00898588,-0.99528360,0.09659094,1.00227714
0,1598330913773068100,1598330913772973500,-0.99976707,0.01079002,0.01869726,0.29580879,-0.01964823,-0.09605686,-0.99518186,1.83142352,-0.00894204,-0.99531740,0.09624649,1.00240445
0,1598330913781993100,1598330913781927500,-0.99976593,0.01066804,0.01882473,0.29848111,-0.01976693,-0.09646052,-0.99514049,1.83144641,-0.00880033,-0.99527967,0.09664883,1.00241089
0,1598330913791042500,1598330913790959800,-0.99976397,0.01073232,0.01889226,0.30114758,-0.01983786,-0.09617824,-0.99516636,1.83138466,-0.00886345,-0.99530625,0.09636845,1.00242066
0,1598330913799968200,1598330913799892600,-0.99976528,0.01052928,0.01893967,0.30388796,-0.01986595,-0.09623234,-0.99516058,1.83142185,-0.00865567,-0.99530321,0.09641893,1.00251913
0,1598330913809009700,1598330913808938000,-0.99976611,0.01031390,0.01901399,0.30656517,-0.01992267,-0.09664690,-0.99511927,1.83140600,-0.00842592,-0.99526531,0.09682978,1.00261259
0,1598330913817920100,1598330913817862300,-0.99976742,0.01026186,0.01897098,0.30923879,-0.01986985,-0.09605716,-0.99517745,1.83145475,-0.00839004,-0.99532294,0.09623872,1.00266266
0,1598330913826503400,1598330913826408500,-0.99976480,0.01030022,0.01908818,0.31175125,-0.01999345,-0.09643975,-0.99513793,1.83142710,-0.00840926,-0.99528557,0.09662301,1.00268841
0,1598330913835369300,1598330913835295500,-0.99976772,0.01021144,0.01898512,0.31447458,-0.01988163,-0.09636240,-0.99514771,1.83140063,-0.00833243,-0.99529397,0.09654304,1.00285006
0,1598330913844466000,1598330913844372100,-0.99976498,0.01020089,0.01913111,0.31716621,-0.02002368,-0.09609290,-0.99517089,1.83140576,-0.00831321,-0.99532008,0.09627458,1.00287843
0,1598330913853398700,1598330913853342500,-0.99976373,0.01025137,0.01917205,0.31979048,-0.02007332,-0.09657340,-0.99512339,1.83141375,-0.00834984,-0.99527311,0.09675638,1.00296974
0,1598330913862356100,1598330913862266300,-0.99976540,0.01020417,0.01910828,0.32248521,-0.02000040,-0.09598819,-0.99518150,1.83138120,-0.00832081,-0.99533021,0.09616976,1.00302076
0,1598330913871270700,1598330913871223900,-0.99976349,0.01024184,0.01918841,0.32520247,-0.02008661,-0.09632495,-0.99514723,1.83135295,-0.00834382,-0.99529731,0.09650790,1.00317407
0,1598330913880303500,1598330913880223700,-0.99976134,0.01024219,0.01929917,0.32789493,-0.02019378,-0.09595468,-0.99518079,1.83132505,-0.00834095,-0.99533302,0.09613861,1.00328398
0,1598330913889321600,1598330913889210900,-0.99976045,0.01026106,0.01933458,0.33052695,-0.02023105,-0.09597894,-0.99517769,1.83132899,-0.00835583,-0.99533051,0.09616355,1.00333095
0,1598330913898308600,1598330913898240100,-0.99976051,0.01024023,0.01934370,0.33322239,-0.02023950,-0.09614377,-0.99516159,1.83130181,-0.00833085,-0.99531484,0.09632801,1.00338721
0,1598330913907207200,1598330913907114600,-0.99975920,0.01032397,0.01936633,0.33590198,-0.02026782,-0.09587478,-0.99518698,1.83131957,-0.00841755,-0.99533987,0.09606094,1.00349212
0,1598330913916150900,1598330913916076700,-0.99975955,0.01025793,0.01938538,0.33863473,-0.02028242,-0.09611087,-0.99516392,1.83132434,-0.00834516,-0.99531782,0.09629581,1.00348926
0,1598330913924722300,1598330913924622700,-0.99975723,0.01032758,0.01946459,0.34115326,-0.02036651,-0.09593661,-0.99517900,1.83127856,-0.00841039,-0.99533391,0.09612367,1.00347304
0,1598330913933698700,1598330913933608300,-0.99975789,0.01040730,0.01939394,0.34389126,-0.02030515,-0.09609033,-0.99516547,1.83128297,-0.00849336,-0.99531829,0.09627838,1.00354409
0,1598330913942636500,1598330913942556800,-0.99975353,0.01044163,0.01959605,0.34655106,-0.02050675,-0.09575266,-0.99519384,1.83130574,-0.00851503,-0.99535042,0.09594318,1.00354719
0,1598330913951663700,1598330913951562700,-0.99975604,0.01050359,0.01943416,0.34934270,-0.02035420,-0.09605990,-0.99516737,1.83125949,-0.00858596,-0.99532020,0.09625025,1.00357580
0,1598330913960574400,1598330913960525300,-0.99975371,0.01060799,0.01949749,0.35201752,-0.02042468,-0.09576118,-0.99519473,1.83126926,-0.00868988,-0.99534786,0.09595426,1.00360990
0,1598330913969776700,1598330913969633600,-0.99975133,0.01067013,0.01958237,0.35478008,-0.02051674,-0.09594375,-0.99517524,1.83125579,-0.00873986,-0.99532962,0.09613881,1.00368309
0,1598330913978576400,1598330913978460300,-0.99975240,0.01059839,0.01956923,0.35742915,-0.02049623,-0.09588228,-0.99518162,1.83124053,-0.00867093,-0.99533629,0.09607577,1.00370073
0,1598330913987650000,1598330913987573300,-0.99974930,0.01070243,0.01967206,0.36019588,-0.02060829,-0.09584849,-0.99518251,1.83122027,-0.00876534,-0.99533844,0.09604502,1.00374365
0,1598330913996518700,1598330913996423100,-0.99975014,0.01072443,0.01961729,0.36283934,-0.02055594,-0.09585553,-0.99518293,1.83116329,-0.00879231,-0.99533749,0.09605203,1.00378942
0,1598330914005519900,1598330914005429500,-0.99974930,0.01073545,0.01965178,0.36552894,-0.02059090,-0.09580696,-0.99518687,1.83114338,-0.00880098,-0.99534208,0.09600399,1.00385809
0,1598330914014392400,1598330914014333800,-0.99974811,0.01072052,0.01972216,0.36818480,-0.02065966,-0.09582156,-0.99518406,1.83113241,-0.00877908,-0.99534082,0.09601890,1.00388765
0,1598330914022973500,1598330914022903300,-0.99974662,0.01075077,0.01977961,0.37073386,-0.02071764,-0.09558368,-0.99520576,1.83112156,-0.00880858,-0.99536335,0.09578221,1.00393820
0,1598330914031932100,1598330914031854600,-0.99974805,0.01082584,0.01966645,0.37341964,-0.02061476,-0.09587206,-0.99518013,1.83112478,-0.00888816,-0.99533480,0.09607108,1.00398540
0,1598330914041016500,1598330914040885200,-0.99974328,0.01078725,0.01992965,0.37605488,-0.02087262,-0.09582212,-0.99517959,1.83116388,-0.00882554,-0.99534005,0.09602267,1.00395513
0,1598330914049892300,1598330914049777600,-0.99974519,0.01077440,0.01984010,0.37871981,-0.02078294,-0.09590100,-0.99517387,1.83117259,-0.00881970,-0.99533260,0.09610049,1.00399184
0,1598330914058857700,1598330914058795000,-0.99974304,0.01077855,0.01994492,0.38139725,-0.02088642,-0.09575990,-0.99518526,1.83119881,-0.00881669,-0.99534613,0.09596042,1.00404739
0,1598330914067813300,1598330914067741000,-0.99974525,0.01067787,0.01988739,0.38407481,-0.02082047,-0.09587058,-0.99517602,1.83120286,-0.00871977,-0.99533659,0.09606848,1.00409317
0,1598330914076867900,1598330914076812400,-0.99974108,0.01062304,0.02012844,0.38672781,-0.02105558,-0.09592009,-0.99516630,1.83122540,-0.00864094,-0.99533236,0.09611893,1.00411749
0,1598330914085809900,1598330914085713300,-0.99974221,0.01051319,0.02012822,0.38945091,-0.02104364,-0.09578503,-0.99517953,1.83121037,-0.00853449,-0.99534655,0.09598158,1.00416493
0,1598330914094783900,1598330914094708700,-0.99974459,0.01039582,0.02006985,0.39212334,-0.02097392,-0.09574317,-0.99518502,1.83114767,-0.00842419,-0.99535179,0.09593677,1.00419927
0,1598330914103685800,1598330914103640900,-0.99974173,0.01053900,0.02013502,0.39477170,-0.02105374,-0.09588404,-0.99516976,1.83112276,-0.00855741,-0.99533677,0.09608117,1.00423622
0,1598330914112690800,1598330914112616500,-0.99973893,0.01055473,0.02026935,0.39742196,-0.02118741,-0.09570291,-0.99518436,1.83110547,-0.00856408,-0.99535406,0.09590156,1.00425744
0,1598330914121717000,1598330914121642600,-0.99973965,0.01059458,0.02021435,0.40017068,-0.02113684,-0.09574509,-0.99518138,1.83105683,-0.00860807,-0.99534953,0.09594409,1.00429487
0,1598330914130767700,1598330914130677400,-0.99973929,0.01064533,0.02020219,0.40291011,-0.02112918,-0.09569561,-0.99518633,1.83111477,-0.00866079,-0.99535376,0.09589559,1.00439811
0,1598330914139606600,1598330914139506200,-0.99973500,0.01066446,0.02040265,0.40550280,-0.02133140,-0.09579148,-0.99517280,1.83109260,-0.00865856,-0.99534428,0.09599359,1.00436258
0,1598330914148677600,1598330914148592400,-0.99973559,0.01072934,0.02033867,0.40824306,-0.02127217,-0.09558964,-0.99519348,1.83105397,-0.00873360,-0.99536300,0.09579261,1.00440645
0,1598330914157628800,1598330914157548300,-0.99973321,0.01074556,0.02044777,0.41094327,-0.02138407,-0.09578847,-0.99517196,1.83104181,-0.00873497,-0.99534380,0.09599271,1.00442457
0,1598330914166684500,1598330914166599300,-0.99973434,0.01079860,0.02036488,0.41362906,-0.02130567,-0.09567686,-0.99518436,1.83103466,-0.00879815,-0.99535394,0.09588152,1.00444579
0,1598330914175584300,1598330914175509600,-0.99973226,0.01070583,0.02051609,0.41629100,-0.02144727,-0.09567412,-0.99518156,1.83103144,-0.00869143,-0.99535513,0.09587812,1.00441527
0,1598330914184536900,1598330914184492200,-0.99972993,0.01072016,0.02062274,0.41900468,-0.02155745,-0.09597780,-0.99514997,1.83100939,-0.00868884,-0.99532574,0.09618298,1.00444388
0,1598330914193509800,1598330914193431500,-0.99973017,0.01084477,0.02054540,0.42174351,-0.02148918,-0.09560850,-0.99518698,1.83111501,-0.00882825,-0.99535996,0.09581575,1.00456476
0,1598330914202488200,1598330914202422200,-0.99972630,0.01096863,0.02066613,0.42438793,-0.02162471,-0.09599543,-0.99514681,1.83114040,-0.00893155,-0.99532139,0.09620635,1.00454664
0,1598330914211516800,1598330914211411000,-0.99972528,0.01098585,0.02070977,0.42706406,-0.02166852,-0.09585225,-0.99515963,1.83110476,-0.00894758,-0.99533498,0.09606396,1.00454807
0,1598330914220532300,1598330914220450200,-0.99972320,0.01110789,0.02074400,0.42981136,-0.02171191,-0.09558793,-0.99518412,1.83108568,-0.00907153,-0.99535906,0.09580265,1.00456071
0,1598330914229308200,1598330914229262000,-0.99972212,0.01125467,0.02071514,0.43246806,-0.02170158,-0.09605647,-0.99513924,1.83120286,-0.00921014,-0.99531227,0.09627403,1.00473523
0,1598330914238422000,1598330914238341800,-0.99972093,0.01126990,0.02076357,0.43517303,-0.02174878,-0.09578881,-0.99516404,1.83119631,-0.00922650,-0.99533796,0.09600719,1.00473475
0,1598330914247396900,1598330914247314100,-0.99971968,0.01128370,0.02081658,0.43781579,-0.02180361,-0.09587000,-0.99515498,1.83117497,-0.00923330,-0.99532992,0.09608915,1.00476289
0,1598330914256432000,1598330914256348600,-0.99971974,0.01129124,0.02080883,0.44042718,-0.02179492,-0.09568607,-0.99517286,1.83115292,-0.00924560,-0.99534756,0.09590536,1.00483537
0,1598330914265257900,1598330914265184200,-0.99971527,0.01152593,0.02089883,0.44303834,-0.02190828,-0.09581799,-0.99515772,1.83120775,-0.00946763,-0.99533212,0.09604322,1.00490451
0,1598330914274406200,1598330914274296300,-0.99971712,0.01153070,0.02080574,0.44574630,-0.02181504,-0.09570970,-0.99517018,1.83118403,-0.00948370,-0.99534255,0.09593417,1.00496197
0,1598330914283290300,1598330914283220100,-0.99971575,0.01150361,0.02088620,0.44847703,-0.02189349,-0.09580962,-0.99515885,1.83116758,-0.00944683,-0.99533325,0.09603424,1.00499845
0,1598330914292360900,1598330914292274500,-0.99971420,0.01157880,0.02091686,0.45113695,-0.02193162,-0.09585043,-0.99515408,1.83111465,-0.00951776,-0.99532843,0.09607699,1.00505972
0,1598330914301195000,1598330914301109300,-0.99971414,0.01161841,0.02090160,0.45376170,-0.02191801,-0.09562006,-0.99517655,1.83111191,-0.00956371,-0.99535012,0.09584738,1.00506544
0,1598330914310216700,1598330914310119100,-0.99971342,0.01152360,0.02098426,0.45643079,-0.02199313,-0.09582184,-0.99515545,1.83109331,-0.00945702,-0.99533182,0.09604783,1.00511169
0,1598330914319144200,1598330914319040600,-0.99971133,0.01143831,0.02113282,0.45909989,-0.02213301,-0.09584166,-0.99515045,1.83108246,-0.00935742,-0.99533093,0.09606715,1.00515676
0,1598330914328217000,1598330914328162700,-0.99971265,0.01139706,0.02109340,0.46185648,-0.02208656,-0.09549556,-0.99518478,1.83111930,-0.00932783,-0.99536461,0.09571984,1.00524259
0,1598330914337137400,1598330914337046900,-0.99971235,0.01138812,0.02111096,0.46449840,-0.02210667,-0.09586775,-0.99514854,1.83113277,-0.00930902,-0.99532896,0.09609193,1.00520873
0,1598330914346164800,1598330914346095000,-0.99971116,0.01134062,0.02119300,0.46719754,-0.02218402,-0.09589470,-0.99514419,1.83111513,-0.00925323,-0.99532688,0.09611858,1.00527620
0,1598330914355064700,1598330914354985300,-0.99971163,0.01120892,0.02124060,0.46988404,-0.02221558,-0.09554999,-0.99517667,1.83110869,-0.00912532,-0.99536157,0.09577146,1.00530481
0,1598330914364071300,1598330914363987700,-0.99971491,0.01100931,0.02119087,0.47261798,-0.02214928,-0.09580875,-0.99515325,1.83117521,-0.00892565,-0.99533892,0.09602529,1.00537777
0,1598330914373019400,1598330914372942400,-0.99971128,0.01105747,0.02133483,0.47530758,-0.02229575,-0.09564766,-0.99516547,1.83118367,-0.00896335,-0.99535382,0.09586658,1.00538683
0,1598330914382042900,1598330914381889900,-0.99971318,0.01092112,0.02131928,0.47805190,-0.02226514,-0.09541484,-0.99518853,1.83117855,-0.00883442,-0.99537766,0.09563062,1.00537777
0,1598330914391030300,1598330914390927300,-0.99971157,0.01092595,0.02139190,0.48074436,-0.02234224,-0.09590448,-0.99513972,1.83126235,-0.00882128,-0.99533057,0.09612094,1.00536895
0,1598330914400137100,1598330914400013000,-0.99971211,0.01092678,0.02136569,0.48344660,-0.02231420,-0.09567665,-0.99516231,1.83126426,-0.00882968,-0.99535251,0.09589293,1.00542212
0,1598330914408922300,1598330914408837000,-0.99970734,0.01094216,0.02157974,0.48605812,-0.02252463,-0.09521083,-0.99520224,1.83125317,-0.00883502,-0.99539703,0.09542944,1.00538993
0,1598330914418013500,1598330914417939900,-0.99970973,0.01094386,0.02146643,0.48881125,-0.02241983,-0.09609388,-0.99511969,1.83126771,-0.00882766,-0.99531209,0.09631135,1.00543451
0,1598330914426854400,1598330914426801200,-0.99970698,0.01100135,0.02156612,0.49143815,-0.02251729,-0.09527538,-0.99519622,1.83130431,-0.00889379,-0.99539018,0.09549518,1.00556993
0,1598330914435992400,1598330914435935300,-0.99970734,0.01110101,0.02149618,0.49415815,-0.02245948,-0.09553014,-0.99517310,1.83131242,-0.00899386,-0.99536467,0.09575152,1.00555539
0,1598330914444826000,1598330914444754000,-0.99970329,0.01116303,0.02165143,0.49675858,-0.02262282,-0.09584385,-0.99513924,1.83129358,-0.00903359,-0.99533379,0.09606797,1.00565934
0,1598330914453870100,1598330914453800500,-0.99970412,0.01124224,0.02157358,0.49942338,-0.02254669,-0.09516306,-0.99520630,1.83128095,-0.00913531,-0.99539822,0.09538838,1.00574064
0,1598330914462788900,1598330914462737700,-0.99970257,0.01122737,0.02165448,0.50207150,-0.02262862,-0.09546971,-0.99517506,1.83132899,-0.00910583,-0.99536902,0.09569537,1.00580287
0,1598330914471848300,1598330914471751500,-0.99970222,0.01139957,0.02157899,0.50476611,-0.02257039,-0.09551740,-0.99517179,1.83131027,-0.00928330,-0.99536252,0.09574626,1.00589037
0,1598330914480711200,1598330914480641300,-0.99969757,0.01145709,0.02176088,0.50739419,-0.02275512,-0.09531923,-0.99518663,1.83125889,-0.00932771,-0.99538088,0.09555112,1.00593328
0,1598330914489685400,1598330914489605600,-0.99970007,0.01143160,0.02166201,0.51010692,-0.02265324,-0.09521023,-0.99519938,1.83124769,-0.00931430,-0.99539161,0.09544064,1.00600004
0,1598330914498682700,1598330914498603500,-0.99969459,0.01168549,0.02177769,0.51281297,-0.02279565,-0.09552508,-0.99516594,1.83122277,-0.00954866,-0.99535847,0.09576228,1.00605822
0,1598330914507738700,1598330914507625800,-0.99969387,0.01166537,0.02182122,0.51551604,-0.02283528,-0.09534018,-0.99518275,1.83116817,-0.00952876,-0.99537641,0.09557738,1.00610900
0,1598330914516585100,1598330914516500000,-0.99969196,0.01175630,0.02186301,0.51820254,-0.02288234,-0.09500490,-0.99521375,1.83114243,-0.00962293,-0.99540746,0.09524465,1.00615525
0,1598330914525684000,1598330914525594000,-0.99969053,0.01189983,0.02185012,0.52095377,-0.02288968,-0.09566866,-0.99514997,1.83112693,-0.00975171,-0.99534214,0.09591144,1.00624847
0,1598330914534644700,1598330914534561700,-0.99968845,0.01203403,0.02186925,0.52368069,-0.02291582,-0.09508621,-0.99520522,1.83109713,-0.00989684,-0.99539632,0.09533236,1.00635481
0,1598330914543562800,1598330914543495300,-0.99968600,0.01203948,0.02197832,0.52634704,-0.02302668,-0.09526406,-0.99518561,1.83107138,-0.00988775,-0.99537927,0.09551138,1.00632429
0,1598330914552521200,1598330914552433800,-0.99968612,0.01211840,0.02192788,0.52905190,-0.02298671,-0.09553374,-0.99516070,1.83106482,-0.00996488,-0.99535239,0.09578233,1.00639153
0,1598330914561620200,1598330914561557200,-0.99968183,0.01220989,0.02207385,0.53178036,-0.02313793,-0.09525052,-0.99518436,1.83107960,-0.01004854,-0.99537849,0.09550273,1.00647140
0,1598330914570693600,1598330914570541400,-0.99968398,0.01227134,0.02194257,0.53448439,-0.02301502,-0.09543880,-0.99516916,1.83104789,-0.01011789,-0.99535966,0.09569108,1.00652075
0,1598330914579576300,1598330914579494200,-0.99967837,0.01229027,0.02218786,0.53709996,-0.02325895,-0.09523574,-0.99518293,1.83111262,-0.01011792,-0.99537891,0.09549097,1.00648904
0,1598330914588632600,1598330914588408900,-0.99967706,0.01236534,0.02220121,0.53983009,-0.02328767,-0.09604290,-0.99510467,1.83111775,-0.01017249,-0.99530041,0.09629985,1.00649571
0,1598330914597409500,1598330914597342800,-0.99967611,0.01235354,0.02225011,0.54249740,-0.02332735,-0.09527413,-0.99517769,1.83114469,-0.01017410,-0.99537444,0.09553146,1.00667191
0,1598330914606446600,1598330914606352500,-0.99967593,0.01241720,0.02222643,0.54519010,-0.02331320,-0.09559831,-0.99514693,1.83116889,-0.01023212,-0.99534261,0.09585681,1.00667000
0,1598330914615507100,1598330914615427800,-0.99967134,0.01246202,0.02240826,0.54782879,-0.02350380,-0.09611274,-0.99509287,1.83117688,-0.01024711,-0.99529248,0.09637405,1.00673342
0,1598330914624327700,1598330914624253200,-0.99967366,0.01248348,0.02229068,0.55054641,-0.02337890,-0.09515222,-0.99518812,1.83108950,-0.01030239,-0.99538445,0.09541302,1.00683761
0,1598330914633524500,1598330914633457100,-0.99967229,0.01257753,0.02229881,0.55321646,-0.02339916,-0.09545797,-0.99515837,1.83106661,-0.01038805,-0.99535406,0.09572100,1.00686884
0,1598330914642273000,1598330914642202900,-0.99966919,0.01254851,0.02245067,0.55585051,-0.02354911,-0.09560822,-0.99514043,1.83102047,-0.01034105,-0.99533993,0.09587211,1.00693154
0,1598330914651337200,1598330914651291500,-0.99967182,0.01265031,0.02227903,0.55862403,-0.02338412,-0.09523837,-0.99517977,1.83093071,-0.01046750,-0.99537408,0.09550294,1.00703359
0,1598330914660287800,1598330914660219500,-0.99966931,0.01268050,0.02237548,0.56133187,-0.02348027,-0.09497713,-0.99520248,1.83100009,-0.01049447,-0.99539870,0.09524347,1.00712752
0,1598330914669308600,1598330914669188300,-0.99967468,0.01237267,0.02230355,0.56403375,-0.02338662,-0.09568740,-0.99513662,1.83092785,-0.01017833,-0.99533463,0.09594565,1.00715160
0,1598330914678095500,1598330914678049700,-0.99967217,0.01255396,0.02231953,0.56667161,-0.02340874,-0.09461374,-0.99523878,1.83088851,-0.01038241,-0.99543494,0.09487659,1.00715971
0,1598330914687247200,1598330914687131700,-0.99967086,0.01246446,0.02242583,0.56939590,-0.02351128,-0.09511941,-0.99518812,1.83091533,-0.01027137,-0.99538791,0.09538117,1.00704265
0,1598330914696120500,1598330914696046700,-0.99967349,0.01244143,0.02232233,0.57206118,-0.02341127,-0.09562559,-0.99514198,1.83092713,-0.01024643,-0.99533963,0.09588564,1.00704408
0,1598330914705237100,1598330914705142000,-0.99967360,0.01244774,0.02231374,0.57476389,-0.02338997,-0.09433153,-0.99526596,1.83097529,-0.01028389,-0.99546301,0.09459189,1.00689077
0,1598330914714058400,1598330914713976500,-0.99966776,0.01231703,0.02264401,0.57733357,-0.02371733,-0.09540580,-0.99515581,1.83106446,-0.01009697,-0.99536228,0.09566623,1.00658321
0,1598330914723171400,1598330914723086800,-0.99967170,0.01238304,0.02243511,0.58006942,-0.02351674,-0.09550846,-0.99515074,1.83113205,-0.01018026,-0.99535155,0.09576832,1.00643754
