0,1598328679967928400,1598328679967798500,-0.99998498,0.00503445,0.00221250,-0.65061533,-0.00260707,-0.07976706,-0.99681008,1.83630896,-0.00484186,-0.99680084,0.07977898,-1.11928248
0,1598328679976725200,1598328679976644000,-0.99998528,0.00496921,0.00220447,-0.65068734,-0.00259186,-0.07935050,-0.99684340,1.83629239,-0.00477859,-0.99683446,0.07936221,-1.11715519
0,1598328679985559900,1598328679985516400,-0.99998540,0.00496086,0.00219914,-0.65056586,-0.00258633,-0.07944283,-0.99683607,1.83635175,-0.00477046,-0.99682713,0.07945450,-1.11499560
0,1598328679994625200,1598328679994559300,-0.99998599,0.00490692,0.00202235,-0.65054399,-0.00240597,-0.07947583,-0.99683386,1.83651268,-0.00473061,-0.99682474,0.07948653,-1.11240470
0,1598328680003507100,1598328680003435500,-0.99998623,0.00482962,0.00207211,-0.65062183,-0.00244764,-0.07909247,-0.99686426,1.83658338,-0.00465062,-0.99685568,0.07910321,-1.10989809
0,1598328680012655500,1598328680012591600,-0.99998653,0.00481832,0.00197928,-0.65076524,-0.00235475,-0.07920977,-0.99685520,1.83664656,-0.00464639,-0.99684638,0.07922005,-1.10727310
0,1598328680021498600,1598328680021443400,-0.99998689,0.00477231,0.00191857,-0.65066922,-0.00229039,-0.07916861,-0.99685860,1.83672690,-0.00460544,-0.99684989,0.07917850,-1.10450923
0,1598328680030554600,1598328680030475900,-0.99998724,0.00470880,0.00186953,-0.65070724,-0.00223515,-0.07887705,-0.99688184,1.83680975,-0.00454670,-0.99687326,0.07888657,-1.10146487
0,1598328680039478300,1598328680039406500,-0.99998760,0.00463736,0.00183097,-0.65077645,-0.00219136,-0.07893840,-0.99687707,1.83681190,-0.00447837,-0.99686873,0.07894759,-1.09847391
0,1598328680048531800,1598328680048453200,-0.99998808,0.00452843,0.00185492,-0.65082169,-0.00220658,-0.07892849,-0.99687785,1.83678293,-0.00436789,-0.99687004,0.07893754,-1.09516430
0,1598328680057489900,1598328680057393700,-0.99998868,0.00446302,0.00170613,-0.65076780,-0.00205226,-0.07873658,-0.99689335,1.83675289,-0.00431481,-0.99688554,0.07874484,-1.09190798
0,1598328680066520800,1598328680066462500,-0.99998856,0.00445113,0.00182567,-0.65081894,-0.00217147,-0.07896432,-0.99687505,1.83675134,-0.00429302,-0.99686754,0.07897308,-1.08836734
0,1598328680074914300,1598328680074860500,-0.99998951,0.00430477,0.00160208,-0.65086061,-0.00193767,-0.07912001,-0.99686319,1.83680201,-0.00416455,-0.99685585,0.07912753,-1.08501470
0,1598328680084022800,1598328680083956900,-0.99998963,0.00420085,0.00176704,-0.65095520,-0.00209168,-0.07857522,-0.99690598,1.83672500,-0.00404900,-0.99689943,0.07858321,-1.08125806
0,1598328680092953100,1598328680092857700,-0.99998945,0.00430503,0.00163853,-0.65090477,-0.00197482,-0.07930990,-0.99684805,1.83682418,-0.00416154,-0.99684083,0.07931757,-1.07737565
0,1598328680101948400,1598328680101878000,-0.99998963,0.00426826,0.00168083,-0.65097386,-0.00201131,-0.07864232,-0.99690086,1.83685744,-0.00412279,-0.99689382,0.07865009,-1.07336497
0,1598328680110867900,1598328680110781300,-0.99999005,0.00419980,0.00156723,-0.65116036,-0.00189283,-0.07867970,-0.99689811,1.83706522,-0.00406349,-0.99689114,0.07868686,-1.06956971
0,1598328680119920800,1598328680119845200,-0.99999070,0.00406179,0.00151486,-0.65121377,-0.00183101,-0.07899396,-0.99687338,1.83715117,-0.00392944,-0.99686688,0.07900066,-1.06537962
0,1598328680128765100,1598328680128721400,-0.99999082,0.00402102,0.00149501,-0.65123218,-0.00180528,-0.07829867,-0.99692827,1.83723438,-0.00389159,-0.99692184,0.07830521,-1.06104684
0,1598328680137800700,1598328680137749700,-0.99999076,0.00405967,0.00144953,-0.65126216,-0.00176461,-0.07871569,-0.99689555,1.83736110,-0.00393298,-0.99688888,0.07872213,-1.05674803
0,1598328680146759500,1598328680146682000,-0.99999136,0.00397012,0.00131450,-0.65140688,-0.00162054,-0.07809360,-0.99694473,1.83745015,-0.00385535,-0.99693817,0.07809936,-1.05258965
0,1598328680155739200,1598328680155665000,-0.99999100,0.00405192,0.00130953,-0.65147352,-0.00162390,-0.07857864,-0.99690658,1.83748591,-0.00393647,-0.99689972,0.07858451,-1.04835749
0,1598328680164667000,1598328680164597500,-0.99999064,0.00414112,0.00127671,-0.65156233,-0.00159707,-0.07830340,-0.99692827,1.83744788,-0.00402841,-0.99692100,0.07830930,-1.04404545
0,1598328680173785000,1598328680173666700,-0.99999022,0.00424910,0.00128038,-0.65161675,-0.00160890,-0.07823283,-0.99693382,1.83738148,-0.00413588,-0.99692613,0.07823890,-1.03977418
0,1598328680182751000,1598328680182659800,-0.99998993,0.00434050,0.00121501,-0.65176851,-0.00155399,-0.07896587,-0.99687612,1.83739340,-0.00423101,-0.99686795,0.07897182,-1.03556895
0,1598328680191691200,1598328680191596100,-0.99998951,0.00440505,0.00130420,-0.65188289,-0.00164483,-0.07822933,-0.99693400,1.83729458,-0.00428951,-0.99692571,0.07823576,-1.03129303
0,1598328680200579500,1598328680200494900,-0.99998862,0.00461072,0.00130051,-0.65193367,-0.00166116,-0.07910103,-0.99686521,1.83727980,-0.00449339,-0.99685603,0.07910778,-1.02699864
0,1598328680209653000,1598328680209552100,-0.99998862,0.00461775,0.00125614,-0.65202212,-0.00161545,-0.07864706,-0.99690121,1.83721161,-0.00450465,-0.99689186,0.07865362,-1.02262795
0,1598328680218515600,1598328680218446100,-0.99998826,0.00469014,0.00128331,-0.65221727,-0.00164894,-0.07880326,-0.99688882,1.83724546,-0.00457442,-0.99687922,0.07881006,-1.01845646
0,1598328680227665300,1598328680227561600,-0.99998856,0.00461224,0.00129808,-0.65228736,-0.00165879,-0.07908534,-0.99686646,1.83724427,-0.00449511,-0.99685723,0.07909209,-1.01383746
0,1598328680236505200,1598328680236454100,-0.99998856,0.00465417,0.00118980,-0.65234923,-0.00155186,-0.07857942,-0.99690664,1.83724546,-0.00454631,-0.99689710,0.07858574,-1.00955379
0,1598328680245508000,1598328680245462700,-0.99998873,0.00461477,0.00118613,-0.65237617,-0.00154764,-0.07913952,-0.99686235,1.83719432,-0.00450641,-0.99685299,0.07914577,-1.00493670
0,1598328680254455700,1598328680254378800,-0.99998915,0.00453022,0.00111303,-0.65254050,-0.00146514,-0.07847937,-0.99691463,1.83719110,-0.00442889,-0.99690551,0.07848517,-1.00050795
0,1598328680263481000,1598328680263412700,-0.99998868,0.00459430,0.00126050,-0.65260983,-0.00161952,-0.07899669,-0.99687356,1.83725548,-0.00448036,-0.99686438,0.07900324,-0.99599612
0,1598328680272443800,1598328680272368400,-0.99998868,0.00465846,0.00101358,-0.65264833,-0.00137726,-0.07873970,-0.99689424,1.83721721,-0.00456417,-0.99688435,0.07874524,-0.99154735
0,1598328680281500600,1598328680281434200,-0.99998927,0.00451526,0.00114325,-0.65279621,-0.00149521,-0.07872830,-0.99689496,1.83723557,-0.00441125,-0.99688596,0.07873420,-0.98715627
0,1598328680290501800,1598328680290378600,-0.99998963,0.00445020,0.00109709,-0.65295321,-0.00144563,-0.07908604,-0.99686670,1.83724105,-0.00434950,-0.99685794,0.07909164,-0.98274577
0,1598328680299396100,1598328680299296800,-0.99998945,0.00445363,0.00114321,-0.65296990,-0.00148917,-0.07846779,-0.99691552,1.83727157,-0.00435019,-0.99690670,0.07847358,-0.97823465
0,1598328680308327400,1598328680308261300,-0.99999028,0.00429806,0.00105936,-0.65298295,-0.00139647,-0.07920311,-0.99685752,1.83726859,-0.00420064,-0.99684930,0.07920834,-0.97376156
0,1598328680317353200,1598328680317308400,-0.99999058,0.00424212,0.00100817,-0.65312994,-0.00133913,-0.07875258,-0.99689329,1.83730745,-0.00414953,-0.99688518,0.07875752,-0.96920431
0,1598328680326291800,1598328680326209200,-0.99999094,0.00414288,0.00105263,-0.65318924,-0.00137467,-0.07851262,-0.99691218,1.83732605,-0.00404742,-0.99690455,0.07851762,-0.96477163
0,1598328680335382300,1598328680335303100,-0.99999201,0.00391179,0.00092090,-0.65323114,-0.00122813,-0.07927701,-0.99685186,1.83742666,-0.00382644,-0.99684501,0.07928118,-0.96024048
0,1598328680344190200,1598328680344105900,-0.99999219,0.00384635,0.00096591,-0.65332741,-0.00126450,-0.07839996,-0.99692118,1.83747983,-0.00375876,-0.99691463,0.07840422,-0.95588553
0,1598328680353173400,1598328680353132400,-0.99999148,0.00400540,0.00103186,-0.65345573,-0.00134408,-0.07874504,-0.99689388,1.83754802,-0.00391173,-0.99688685,0.07874976,-0.95141983
0,1598328680362243200,1598328680362184500,-0.99999213,0.00390965,0.00075509,-0.65349036,-0.00106137,-0.07893920,-0.99687886,1.83758938,-0.00383782,-0.99687189,0.07894273,-0.94686973
0,1598328680371173800,1598328680371120900,-0.99999225,0.00386584,0.00087121,-0.65356618,-0.00117161,-0.07839724,-0.99692148,1.83763075,-0.00378561,-0.99691474,0.07840116,-0.94247651
0,1598328680380238100,1598328680380131700,-0.99999213,0.00391757,0.00082891,-0.65359652,-0.00113544,-0.07890064,-0.99688184,1.83755636,-0.00383991,-0.99687481,0.07890445,-0.93789232
0,1598328680389203600,1598328680389142700,-0.99999183,0.00399083,0.00074552,-0.65374470,-0.00105652,-0.07850153,-0.99691343,1.83758605,-0.00391996,-0.99690604,0.07850510,-0.93338621
0,1598328680398102300,1598328680398000500,-0.99999177,0.00399119,0.00078299,-0.65383488,-0.00109391,-0.07850212,-0.99691331,1.83753395,-0.00391740,-0.99690604,0.07850584,-0.92901611
0,1598328680407080000,1598328680406995000,-0.99999207,0.00392133,0.00079463,-0.65393835,-0.00110160,-0.07890993,-0.99688113,1.83751118,-0.00384641,-0.99687409,0.07891363,-0.92464149
0,1598328680416106000,1598328680415938700,-0.99999160,0.00404626,0.00074639,-0.65393245,-0.00106241,-0.07866903,-0.99690020,1.83749580,-0.00397503,-0.99689263,0.07867267,-0.92007422
0,1598328680425052300,1598328680424973300,-0.99999106,0.00419730,0.00073463,-0.65415305,-0.00106257,-0.07866941,-0.99690020,1.83746755,-0.00412646,-0.99689198,0.07867317,-0.91561508
0,1598328680433906900,1598328680433865700,-0.99999124,0.00415850,0.00069002,-0.65426296,-0.00101641,-0.07900184,-0.99687392,1.83746362,-0.00409099,-0.99686587,0.07900538,-0.91117954
0,1598328680442938400,1598328680442894800,-0.99999148,0.00409505,0.00065149,-0.65430981,-0.00097206,-0.07877090,-0.99689227,1.83747661,-0.00403103,-0.99688441,0.07877421,-0.90671754
0,1598328680451905000,1598328680451821300,-0.99999011,0.00440377,0.00067862,-0.65448469,-0.00102365,-0.07882704,-0.99688774,1.83748484,-0.00433654,-0.99687862,0.07883078,-0.90229046
0,1598328680460969000,1598328680460895600,-0.99999011,0.00442249,0.00062111,-0.65454471,-0.00096888,-0.07907262,-0.99686837,1.83749259,-0.00435951,-0.99685913,0.07907613,-0.89772081
0,1598328680469873200,1598328680469796700,-0.99999022,0.00440979,0.00057321,-0.65461892,-0.00091933,-0.07888869,-0.99688298,1.83759630,-0.00435081,-0.99687374,0.07889198,-0.89333713
0,1598328680478860700,1598328680478817000,-0.99999040,0.00437728,0.00044093,-0.65466774,-0.00078409,-0.07870518,-0.99689764,1.83767617,-0.00432900,-0.99688840,0.07870786,-0.88884056
0,1598328680487788600,1598328680487746400,-0.99998999,0.00445232,0.00054838,-0.65486717,-0.00089806,-0.07892141,-0.99688041,1.83774149,-0.00439513,-0.99687099,0.07892463,-0.88436198
0,1598328680496881700,1598328680496780900,-0.99999034,0.00440374,0.00034415,-0.65487880,-0.00068976,-0.07871924,-0.99689656,1.83782077,-0.00436297,-0.99688715,0.07872152,-0.87979329
0,1598328680505773400,1598328680505708300,-0.99999022,0.00443059,0.00035997,-0.65494317,-0.00070698,-0.07856820,-0.99690849,1.83783138,-0.00438860,-0.99689901,0.07857056,-0.87531579
0,1598328680514885900,1598328680514790500,-0.99999034,0.00439137,0.00024950,-0.65493518,-0.00059502,-0.07885493,-0.99688590,1.83781314,-0.00435805,-0.99687654,0.07885679,-0.87068045
0,1598328680523756400,1598328680523687500,-0.99999046,0.00437185,0.00032939,-0.65506518,-0.00067208,-0.07861733,-0.99690461,1.83786321,-0.00433242,-0.99689531,0.07861952,-0.86627042
0,1598328680532803700,1598328680532667700,-0.99999040,0.00440416,0.00015760,-0.65509677,-0.00050373,-0.07870065,-0.99689817,1.83789790,-0.00437811,-0.99688864,0.07870211,-0.86179280
0,1598328680541694400,1598328680541621300,-0.99999171,0.00407347,0.00026190,-0.65517712,-0.00058207,-0.07879633,-0.99689054,1.83785689,-0.00404015,-0.99688244,0.07879806,-0.85740268
0,1598328680550856900,1598328680550772300,-0.99999225,0.00395420,0.00015275,-0.65524179,-0.00046411,-0.07886006,-0.99688560,1.83789742,-0.00392979,-0.99687791,0.07886129,-0.85292768
0,1598328680559848000,1598328680559658400,-0.99999207,0.00399426,0.00016169,-0.65539247,-0.00047535,-0.07864947,-0.99690223,1.83794141,-0.00396916,-0.99689436,0.07865075,-0.84846056
0,1598328680568656500,1598328680568594100,-0.99999213,0.00398150,0.00005572,-0.65545601,-0.00036999,-0.07897561,-0.99687648,1.83800554,-0.00396466,-0.99686867,0.07897647,-0.84403932
0,1598328680577558900,1598328680577482900,-0.99999279,0.00381359,0.00008116,-0.65554923,-0.00038110,-0.07871489,-0.99689710,1.83794975,-0.00379539,-0.99688995,0.07871578,-0.83957279
0,1598328680586592400,1598328680586549600,-0.99999285,0.00380397,0.00013909,-0.65575325,-0.00043902,-0.07896066,-0.99687761,1.83805227,-0.00378111,-0.99687052,0.07896177,-0.83509851
0,1598328680595572400,1598328680595439500,-0.99999303,0.00375831,-0.00005105,-0.65579957,-0.00024473,-0.07865662,-0.99690175,1.83806705,-0.00375065,-0.99689478,0.07865699,-0.83062124
0,1598328680604519500,1598328680604461000,-0.99999285,0.00381458,0.00000622,-0.65587997,-0.00030674,-0.07878541,-0.99689156,1.83809960,-0.00380224,-0.99688441,0.07878602,-0.82615829
0,1598328680613562700,1598328680613462800,-0.99999309,0.00374746,-0.00010207,-0.65593851,-0.00019413,-0.07895339,-0.99687827,1.83807087,-0.00374380,-0.99687135,0.07895357,-0.82157779
0,1598328680622550100,1598328680622434000,-0.99999261,0.00385496,-0.00009398,-0.65613073,-0.00020947,-0.07863796,-0.99690318,1.83811903,-0.00385037,-0.99689591,0.07863819,-0.81717014
0,1598328680631419200,1598328680631342000,-0.99999207,0.00398472,-0.00015577,-0.65618646,-0.00015959,-0.07902052,-0.99687296,1.83810711,-0.00398457,-0.99686509,0.07902054,-0.81276608
0,1598328680640538500,1598328680640427200,-0.99999213,0.00398669,-0.00026562,-0.65626365,-0.00004997,-0.07895131,-0.99687845,1.83809817,-0.00399521,-0.99687052,0.07895089,-0.80831838
0,1598328680649389600,1598328680649308000,-0.99999189,0.00404769,-0.00020074,-0.65633529,-0.00011960,-0.07898650,-0.99687564,1.83808172,-0.00405088,-0.99686754,0.07898634,-0.80388188
0,1598328680658483100,1598328680658398000,-0.99999136,0.00415823,-0.00035709,-0.65650028,0.00002759,-0.07897046,-0.99687696,1.83814287,-0.00417343,-0.99686837,0.07896966,-0.79941154
0,1598328680667327900,1598328680667243100,-0.99999046,0.00436100,-0.00046225,-0.65652573,0.00011686,-0.07887074,-0.99688482,1.83819437,-0.00438386,-0.99687541,0.07886948,-0.79494941
0,1598328680676437900,1598328680676332200,-0.99999017,0.00440857,-0.00059292,-0.65657562,0.00024278,-0.07900330,-0.99687433,1.83821774,-0.00444165,-0.99686468,0.07900146,-0.79040337
0,1598328680685368000,1598328680685312100,-0.99999046,0.00433922,-0.00058144,-0.65674663,0.00023810,-0.07870908,-0.99689758,1.83827615,-0.00437152,-0.99688828,0.07870730,-0.78594363
0,1598328680694356100,1598328680694286800,-0.99999082,0.00425288,-0.00070779,-0.65679151,0.00037003,-0.07890131,-0.99688232,1.83835518,-0.00429547,-0.99687338,0.07889900,-0.78141546
0,1598328680703349400,1598328680703269100,-0.99999046,0.00431097,-0.00079516,-0.65682346,0.00045273,-0.07885856,-0.99688572,1.83843088,-0.00436023,-0.99687654,0.07885586,-0.77693987
0,1598328680712323100,1598328680712196500,-0.99999017,0.00437614,-0.00077812,-0.65688992,0.00043166,-0.07861936,-0.99690461,1.83842623,-0.00442380,-0.99689519,0.07861671,-0.77244687
0,1598328680721244400,1598328680721180400,-0.99999082,0.00421658,-0.00082871,-0.65704387,0.00049384,-0.07880522,-0.99688989,1.83851123,-0.00426877,-0.99688119,0.07880242,-0.76803029
0,1598328680730196100,1598328680730100500,-0.99999106,0.00410590,-0.00108002,-0.65709162,0.00075409,-0.07857024,-0.99690831,1.83855891,-0.00417802,-0.99690020,0.07856644,-0.76353335
0,1598328680739422800,1598328680739317100,-0.99999249,0.00375208,-0.00101005,-0.65715295,0.00071166,-0.07869069,-0.99689883,1.83855295,-0.00381991,-0.99689209,0.07868742,-0.75902426
0,1598328680748264200,1598328680748219400,-0.99999249,0.00375083,-0.00105504,-0.65720165,0.00075684,-0.07863242,-0.99690336,1.83854067,-0.00382218,-0.99689674,0.07862899,-0.75450861
0,1598328680757144400,1598328680757066500,-0.99999243,0.00373802,-0.00116314,-0.65736550,0.00086569,-0.07861236,-0.99690485,1.83854592,-0.00381789,-0.99689829,0.07860854,-0.75019765
0,1598328680766163800,1598328680766102600,-0.99999243,0.00371760,-0.00120064,-0.65743470,0.00090414,-0.07875515,-0.99689358,1.83856869,-0.00380057,-0.99688709,0.07875119,-0.74566114
0,1598328680775136300,1598328680775033300,-0.99999303,0.00357294,-0.00116176,-0.65750587,0.00087769,-0.07850384,-0.99691343,1.83858752,-0.00365308,-0.99690747,0.07850015,-0.74119997
0,1598328680784112300,1598328680784047000,-0.99999338,0.00341579,-0.00130855,-0.65757543,0.00103576,-0.07867699,-0.99689960,1.83858943,-0.00350812,-0.99689436,0.07867293,-0.73668289
0,1598328680793082800,1598328680793005600,-0.99999279,0.00357619,-0.00135406,-0.65775204,0.00106862,-0.07864264,-0.99690229,1.83858645,-0.00367159,-0.99689651,0.07863825,-0.73224592
0,1598328680802261800,1598328680802172800,-0.99999255,0.00364107,-0.00134479,-0.65782106,0.00105479,-0.07850718,-0.99691296,1.83862364,-0.00373539,-0.99690700,0.07850274,-0.72778010
0,1598328680811013200,1598328680810919900,-0.99999273,0.00350636,-0.00154451,-0.65784240,0.00126424,-0.07857196,-0.99690765,1.83860326,-0.00361687,-0.99690235,0.07856696,-0.72324634
0,1598328680820069900,1598328680819982000,-0.99999267,0.00355029,-0.00149903,-0.65802401,0.00121595,-0.07843225,-0.99691868,1.83865070,-0.00365689,-0.99691319,0.07842736,-0.71879005
0,1598328680829048900,1598328680828983000,-0.99999201,0.00366002,-0.00164212,-0.65807110,0.00135034,-0.07834418,-0.99692541,1.83864141,-0.00377741,-0.99691975,0.07833862,-0.71430278
0,1598328680838079900,1598328680837931300,-0.99999130,0.00385302,-0.00165572,-0.65812391,0.00134839,-0.07844122,-0.99691778,1.83861375,-0.00397101,-0.99691135,0.07843534,-0.70995522
0,1598328680846887800,1598328680846787800,-0.99999094,0.00389323,-0.00179173,-0.65818501,0.00147950,-0.07876997,-0.99689168,1.83862376,-0.00402227,-0.99688524,0.07876350,-0.70553839
0,1598328680855914000,1598328680855850300,-0.99999046,0.00400677,-0.00175969,-0.65835994,0.00144050,-0.07831607,-0.99692750,1.83861613,-0.00413227,-0.99692065,0.07830956,-0.70113909
0,1598328680864834300,1598328680864764800,-0.99998999,0.00408429,-0.00189594,-0.65839577,0.00156859,-0.07871204,-0.99689615,1.83866322,-0.00422081,-0.99688911,0.07870483,-0.69666421
0,1598328680874106500,1598328680874003500,-0.99999046,0.00396270,-0.00187088,-0.65844613,0.00155330,-0.07867981,-0.99689871,1.83863807,-0.00409764,-0.99689209,0.07867292,-0.69213617
0,1598328680882842700,1598328680882749500,-0.99999017,0.00400677,-0.00192655,-0.65855813,0.00160534,-0.07867784,-0.99689877,1.83870602,-0.00414592,-0.99689209,0.07867064,-0.68776965
0,1598328680891944100,1598328680891881100,-0.99999034,0.00396100,-0.00194069,-0.65875024,0.00162367,-0.07852371,-0.99691093,1.83873975,-0.00410113,-0.99690443,0.07851653,-0.68336332
0,1598328680900718600,1598328680900615200,-0.99999022,0.00392553,-0.00208441,-0.65875983,0.00176893,-0.07872038,-0.99689513,1.83884096,-0.00407740,-0.99688911,0.07871267,-0.67882848
0,1598328680909736800,1598328680909677200,-0.99999177,0.00352663,-0.00206633,-0.65882337,0.00178360,-0.07836897,-0.99692279,1.83890986,-0.00367770,-0.99691820,0.07836204,-0.67422593
0,1598328680918656200,1598328680918582000,-0.99999148,0.00357160,-0.00211241,-0.65900147,0.00182597,-0.07838270,-0.99692166,1.83894265,-0.00372621,-0.99691701,0.07837551,-0.66985929
0,1598328680927751100,1598328680927659900,-0.99999142,0.00357917,-0.00211491,-0.65904123,0.00182736,-0.07851557,-0.99691117,1.83900762,-0.00373414,-0.99690652,0.07850837,-0.66525531
0,1598328680936637200,1598328680936572200,-0.99999267,0.00312981,-0.00223289,-0.65906525,0.00198080,-0.07835383,-0.99692363,1.83907592,-0.00329512,-0.99692076,0.07834706,-0.66078615
0,1598328680945701000,1598328680945635800,-0.99999213,0.00318408,-0.00239805,-0.65907711,0.00214159,-0.07823828,-0.99693239,1.83910584,-0.00336194,-0.99692965,0.07823086,-0.65625012
0,1598328680954586500,1598328680954518200,-0.99999183,0.00340119,-0.00222305,-0.65924704,0.00194941,-0.07844121,-0.99691683,1.83912599,-0.00356504,-0.99691302,0.07843395,-0.65192699
0,1598328680963616300,1598328680963541300,-0.99999070,0.00346765,-0.00258727,-0.65926176,0.00230715,-0.07848212,-0.99691284,1.83916450,-0.00365999,-0.99690962,0.07847339,-0.64742517
0,1598328680972551500,1598328680972479100,-0.99999106,0.00348076,-0.00245075,-0.65932161,0.00217029,-0.07840936,-0.99691886,1.83918786,-0.00366220,-0.99691522,0.07840110,-0.64304137
0,1598328680981550100,1598328680981442800,-0.99998999,0.00364777,-0.00260749,-0.65932697,0.00231285,-0.07856511,-0.99690628,1.83910072,-0.00384131,-0.99690241,0.07855588,-0.63847971
0,1598328680990449100,1598328680990389800,-0.99998963,0.00377411,-0.00259786,-0.65948653,0.00229319,-0.07859799,-0.99690372,1.83915114,-0.00396657,-0.99689937,0.07858852,-0.63405979
0,1598328680999532500,1598328680999451600,-0.99998915,0.00380245,-0.00271482,-0.65954649,0.00240877,-0.07829998,-0.99692690,1.83918476,-0.00400335,-0.99692261,0.07828998,-0.62947309
0,1598328681008457600,1598328681008397700,-0.99998885,0.00385186,-0.00273791,-0.65960056,0.00242710,-0.07850251,-0.99691093,1.83922267,-0.00405487,-0.99690652,0.07849229,-0.62499523
0,1598328681017467900,1598328681017390200,-0.99998915,0.00377560,-0.00276099,-0.65970987,0.00245547,-0.07865807,-0.99689859,1.83923006,-0.00398102,-0.99689454,0.07864794,-0.62045586
0,1598328681026394200,1598328681026306900,-0.99998897,0.00377589,-0.00281873,-0.65987873,0.00251461,-0.07825507,-0.99693018,1.83930290,-0.00398487,-0.99692625,0.07824472,-0.61597109
0,1598328681035435500,1598328681035325300,-0.99998915,0.00371388,-0.00283711,-0.65994227,0.00253754,-0.07831925,-0.99692506,1.83933806,-0.00392470,-0.99692148,0.07830898,-0.61146498
0,1598328681044334200,1598328681044231300,-0.99998927,0.00353408,-0.00303776,-0.65999842,0.00275094,-0.07850768,-0.99690968,1.83935940,-0.00376162,-0.99690735,0.07849711,-0.60698760
0,1598328681053481800,1598328681053356900,-0.99999154,0.00307378,-0.00277154,-0.66012412,0.00252302,-0.07810015,-0.99694228,1.83935213,-0.00328085,-0.99694079,0.07809173,-0.60246897
0,1598328681062336700,1598328681062290900,-0.99999034,0.00320196,-0.00302275,-0.66014099,0.00276220,-0.07846557,-0.99691296,1.83939660,-0.00342926,-0.99691176,0.07845598,-0.59804451
0,1598328681071377800,1598328681071330800,-0.99999058,0.00306261,-0.00308386,-0.66019905,0.00283315,-0.07873801,-0.99689132,1.83944941,-0.00329590,-0.99689066,0.07872860,-0.59364688
0,1598328681079912600,1598328681079840100,-0.99999034,0.00317264,-0.00306338,-0.66025233,0.00280503,-0.07845683,-0.99691355,1.83938587,-0.00340319,-0.99691254,0.07844717,-0.58938909
0,1598328681088899600,1598328681088858100,-0.99999058,0.00323609,-0.00292449,-0.66038549,0.00266117,-0.07857797,-0.99690443,1.83937037,-0.00345585,-0.99690270,0.07856862,-0.58499348
0,1598328681097856900,1598328681097791700,-0.99998999,0.00312635,-0.00321598,-0.66042149,0.00295935,-0.07888394,-0.99687940,1.83946180,-0.00337031,-0.99687898,0.07887390,-0.58053815
0,1598328681106977800,1598328681106877700,-0.99999005,0.00316030,-0.00317734,-0.66049421,0.00291949,-0.07849141,-0.99691051,1.83947647,-0.00339988,-0.99690986,0.07848141,-0.57601130
0,1598328681115830600,1598328681115761600,-0.99998945,0.00323725,-0.00328212,-0.66058886,0.00301709,-0.07872624,-0.99689168,1.83952236,-0.00348556,-0.99689102,0.07871564,-0.57162404
0,1598328681124847700,1598328681124754600,-0.99998927,0.00337520,-0.00319884,-0.66075659,0.00292336,-0.07868668,-0.99689507,1.83950853,-0.00361642,-0.99689370,0.07867596,-0.56717217
0,1598328681133747600,1598328681133683800,-0.99998891,0.00337148,-0.00330915,-0.66081846,0.00303294,-0.07886912,-0.99688035,1.83952248,-0.00362197,-0.99687934,0.07885802,-0.56259429
0,1598328681142800500,1598328681142731800,-0.99998873,0.00340161,-0.00334129,-0.66088665,0.00306444,-0.07837321,-0.99691939,1.83952463,-0.00365299,-0.99691838,0.07836190,-0.55804527
0,1598328681151785800,1598328681151717100,-0.99998808,0.00347957,-0.00343799,-0.66098732,0.00315271,-0.07891031,-0.99687672,1.83959889,-0.00373998,-0.99687570,0.07889841,-0.55359042
0,1598328681160868000,1598328681160773600,-0.99998826,0.00342903,-0.00345177,-0.66105556,0.00317156,-0.07860548,-0.99690074,1.83959842,-0.00368974,-0.99689996,0.07859369,-0.54905379
0,1598328681169638300,1598328681169585000,-0.99998850,0.00337464,-0.00343007,-0.66108322,0.00315420,-0.07860564,-0.99690080,1.83963072,-0.00363380,-0.99690020,0.07859410,-0.54464197
0,1598328681178718100,1598328681178629000,-0.99998814,0.00331205,-0.00358722,-0.66110754,0.00331485,-0.07886776,-0.99687958,1.83965755,-0.00358462,-0.99687964,0.07885585,-0.54014361
0,1598328681187600400,1598328681187528200,-0.99998850,0.00310725,-0.00367066,-0.66120470,0.00341407,-0.07889755,-0.99687690,1.83970845,-0.00338715,-0.99687791,0.07888605,-0.53573942
0,1598328681196595000,1598328681196548100,-0.99998927,0.00296110,-0.00357424,-0.66124821,0.00333069,-0.07852539,-0.99690652,1.83968949,-0.00323260,-0.99690777,0.07851469,-0.53124809
0,1598328681205599300,1598328681205534900,-0.99998891,0.00294355,-0.00369205,-0.66128492,0.00344753,-0.07913823,-0.99685770,1.83970678,-0.00322646,-0.99685937,0.07912721,-0.52682173
0,1598328681214602400,1598328681214524300,-0.99998856,0.00295308,-0.00378276,-0.66132581,0.00353827,-0.07881049,-0.99688333,1.83971477,-0.00324202,-0.99688530,0.07879914,-0.52221072
0,1598328681223498500,1598328681223409900,-0.99998832,0.00303882,-0.00377669,-0.66145808,0.00352610,-0.07862037,-0.99689835,1.83974111,-0.00332630,-0.99690008,0.07860874,-0.51782012
0,1598328681232515700,1598328681232431700,-0.99998724,0.00318804,-0.00393859,-0.66151118,0.00367398,-0.07913286,-0.99685729,1.83982849,-0.00348973,-0.99685901,0.07912013,-0.51325893
0,1598328681241478600,1598328681241424600,-0.99998707,0.00325656,-0.00392281,-0.66158664,0.00365536,-0.07842209,-0.99691355,1.83985150,-0.00355411,-0.99691498,0.07840918,-0.50869691
0,1598328681250567600,1598328681250474600,-0.99998623,0.00333446,-0.00406582,-0.66166556,0.00378956,-0.07903920,-0.99686432,1.83989310,-0.00364539,-0.99686599,0.07902548,-0.50421476
0,1598328681259392700,1598328681259282900,-0.99998575,0.00346047,-0.00407821,-0.66174752,0.00379265,-0.07885592,-0.99687880,1.83994365,-0.00377122,-0.99688005,0.07884169,-0.49978173
0,1598328681268427800,1598328681268358600,-0.99998564,0.00337821,-0.00417834,-0.66180229,0.00389962,-0.07867862,-0.99689239,1.83993292,-0.00369647,-0.99689436,0.07866431,-0.49536526
0,1598328681277368900,1598328681277273800,-0.99998581,0.00334165,-0.00416260,-0.66183037,0.00388532,-0.07908075,-0.99686062,1.83994949,-0.00366035,-0.99686265,0.07906665,-0.49082124
0,1598328681286514600,1598328681286444800,-0.99998522,0.00333539,-0.00432105,-0.66192132,0.00404483,-0.07879376,-0.99688274,1.83996713,-0.00366551,-0.99688542,0.07877910,-0.48628950
0,1598328681295442700,1598328681295375400,-0.99998665,0.00287235,-0.00431960,-0.66200060,0.00407879,-0.07912691,-0.99685621,1.83998585,-0.00320512,-0.99686050,0.07911414,-0.48187339
0,1598328681304303400,1598328681304257900,-0.99998707,0.00260684,-0.00437867,-0.66202837,0.00415931,-0.07891259,-0.99687284,1.84004939,-0.00294420,-0.99687815,0.07890074,-0.47749889
0,1598328681313295100,1598328681313210300,-0.99998641,0.00260377,-0.00453666,-0.66207147,0.00431626,-0.07917935,-0.99685103,1.84014976,-0.00295481,-0.99685705,0.07916704,-0.47303343
0,1598328681322286200,1598328681322226200,-0.99998653,0.00258499,-0.00451781,-0.66220671,0.00429908,-0.07913889,-0.99685431,1.84016299,-0.00293443,-0.99686027,0.07912671,-0.46854746
0,1598328681331189800,1598328681331104600,-0.99998599,0.00266075,-0.00458748,-0.66230524,0.00436258,-0.07912207,-0.99685538,1.84012449,-0.00301537,-0.99686146,0.07910936,-0.46416426
0,1598328681340385600,1598328681340254900,-0.99998564,0.00277427,-0.00461172,-0.66236752,0.00437776,-0.07912592,-0.99685502,1.84008765,-0.00313047,-0.99686086,0.07911264,-0.45953238
0,1598328681349181200,1598328681349125500,-0.99998504,0.00303870,-0.00455983,-0.66241062,0.00430451,-0.07930074,-0.99684143,1.84000957,-0.00339073,-0.99684620,0.07928648,-0.45498121
0,1598328681358239000,1598328681358160300,-0.99998337,0.00328302,-0.00476666,-0.66250360,0.00449200,-0.07911395,-0.99685544,1.84005725,-0.00364983,-0.99686027,0.07909788,-0.45049369
0,1598328681367194900,1598328681367079200,-0.99998391,0.00314787,-0.00474342,-0.66258663,0.00447911,-0.07923304,-0.99684602,1.83999217,-0.00351378,-0.99685121,0.07921766,-0.44610345
0,1598328681376151200,1598328681376078500,-0.99998373,0.00303167,-0.00484347,-0.66262412,0.00458743,-0.07941575,-0.99683100,1.84005094,-0.00340670,-0.99683702,0.07940056,-0.44159102
0,1598328681385144400,1598328681384988700,-0.99998355,0.00301173,-0.00488238,-0.66266966,0.00462836,-0.07924990,-0.99684399,1.84012139,-0.00338915,-0.99685031,0.07923467,-0.43715966
0,1598328681393875000,1598328681393817800,-0.99998325,0.00309446,-0.00490950,-0.66279638,0.00464842,-0.07936919,-0.99683446,1.84008241,-0.00347432,-0.99684054,0.07935348,-0.43279552
0,1598328681402834300,1598328681402766200,-0.99998546,0.00241542,-0.00485214,-0.66286480,0.00464459,-0.07956365,-0.99681896,1.84009755,-0.00279376,-0.99682695,0.07955128,-0.42830157
0,1598328681411892100,1598328681411807900,-0.99998373,0.00265595,-0.00506563,-0.66289455,0.00483918,-0.07926445,-0.99684185,1.84013546,-0.00304914,-0.99685013,0.07925031,-0.42377448
0,1598328681420915600,1598328681420802500,-0.99998343,0.00262281,-0.00514011,-0.66297865,0.00491493,-0.07963381,-0.99681205,1.84015441,-0.00302377,-0.99682075,0.07961959,-0.41931307
0,1598328681429832800,1598328681429745000,-0.99998319,0.00286672,-0.00504997,-0.66305161,0.00480621,-0.07946565,-0.99682599,1.84009767,-0.00325894,-0.99683356,0.07945054,-0.41485512
0,1598328681438860300,1598328681438738300,-0.99998248,0.00288144,-0.00518634,-0.66310292,0.00494061,-0.07957831,-0.99681634,1.84013379,-0.00328499,-0.99682450,0.07956268,-0.41042125
0,1598328681447771600,1598328681447686500,-0.99998194,0.00292420,-0.00527112,-0.66311359,0.00502176,-0.07956397,-0.99681711,1.84003627,-0.00333428,-0.99682552,0.07954784,-0.40580261
0,1598328681456779900,1598328681456620000,-0.99998176,0.00302956,-0.00524707,-0.66323400,0.00498934,-0.07958560,-0.99681556,1.83997202,-0.00343746,-0.99682343,0.07956903,-0.40137398
0,1598328681465718700,1598328681465649600,-0.99998081,0.00343114,-0.00517704,-0.66331518,0.00488668,-0.07982010,-0.99679726,1.83997107,-0.00383335,-0.99680340,0.07980181,-0.39679372
0,1598328681474703800,1598328681474582800,-0.99997997,0.00330907,-0.00540759,-0.66334587,0.00512725,-0.07954807,-0.99681783,1.83999419,-0.00372872,-0.99682564,0.07952952,-0.39233494
0,1598328681483729800,1598328681483652300,-0.99998069,0.00317392,-0.00535101,-0.66350937,0.00508008,-0.07997074,-0.99678427,1.84002185,-0.00359160,-0.99679220,0.07995307,-0.38793564
0,1598328681492670700,1598328681492556600,-0.99998051,0.00309414,-0.00542809,-0.66356933,0.00516342,-0.07993609,-0.99678659,1.84000659,-0.00351810,-0.99679524,0.07991856,-0.38348889
0,1598328681501561600,1598328681501524500,-0.99998069,0.00299203,-0.00545901,-0.66359109,0.00520267,-0.07985646,-0.99679279,1.84008288,-0.00341836,-0.99680191,0.07983935,-0.37894511
0,1598328681510567500,1598328681510492900,-0.99998093,0.00272983,-0.00556003,-0.66365266,0.00532337,-0.08014947,-0.99676865,1.84015942,-0.00316662,-0.99677914,0.08013341,-0.37455380
0,1598328681519554900,1598328681519487100,-0.99998099,0.00276375,-0.00553683,-0.66376883,0.00529740,-0.08018559,-0.99676585,1.84013164,-0.00319874,-0.99677616,0.08016942,-0.37009048
0,1598328681528537400,1598328681528414400,-0.99998069,0.00294137,-0.00548463,-0.66383171,0.00523107,-0.08020580,-0.99676460,1.84015393,-0.00337175,-0.99677408,0.08018886,-0.36558425
0,1598328681537774000,1598328681537676500,-0.99998021,0.00288415,-0.00560268,-0.66386694,0.00535321,-0.08024020,-0.99676114,1.84017694,-0.00332436,-0.99677145,0.08022317,-0.36099660
0,1598328681546477400,1598328681546419600,-0.99997908,0.00317037,-0.00565125,-0.66392505,0.00537788,-0.08045677,-0.99674356,1.84021521,-0.00361469,-0.99675310,0.08043803,-0.35657716
0,1598328681555463500,1598328681555418700,-0.99997818,0.00338191,-0.00569219,-0.66415137,0.00540164,-0.08046471,-0.99674278,1.84024072,-0.00382888,-0.99675179,0.08044469,-0.35214710
0,1598328681564492000,1598328681564378400,-0.99997926,0.00320232,-0.00561030,-0.66425973,0.00533371,-0.08067118,-0.99672651,1.84017158,-0.00364447,-0.99673569,0.08065242,-0.34773707
0,1598328681573481100,1598328681573435700,-0.99997860,0.00313413,-0.00575648,-0.66430420,0.00548590,-0.08039598,-0.99674791,1.84019852,-0.00358671,-0.99675816,0.08037707,-0.34325004
0,1598328681582468200,1598328681582380300,-0.99997813,0.00311798,-0.00583831,-0.66438961,0.00556664,-0.08098695,-0.99669963,1.84028625,-0.00358051,-0.99671030,0.08096782,-0.33887887
0,1598328681591425900,1598328681591362400,-0.99997795,0.00302473,-0.00592537,-0.66452199,0.00566194,-0.08070987,-0.99672157,1.84029365,-0.00349304,-0.99673319,0.08069096,-0.33440578
0,1598328681600454500,1598328681600344700,-0.99997962,0.00272119,-0.00579780,-0.66462314,0.00555820,-0.08104884,-0.99669462,1.84020293,-0.00318205,-0.99670649,0.08103206,-0.33004785
0,1598328681609377100,1598328681609307400,-0.99997926,0.00255412,-0.00592703,-0.66469324,0.00570037,-0.08110740,-0.99668908,1.84020197,-0.00302637,-0.99670219,0.08109117,-0.32561076
0,1598328681618330100,1598328681618232400,-0.99997807,0.00298697,-0.00591898,-0.66479313,0.00565717,-0.08112473,-0.99668789,1.84024167,-0.00345725,-0.99669957,0.08110605,-0.32114303
0,1598328681627268300,1598328681627203200,-0.99997616,0.00313687,-0.00616790,-0.66483581,0.00589261,-0.08126528,-0.99667507,1.84025276,-0.00362766,-0.99668765,0.08124485,-0.31668723
0,1598328681636255000,1598328681636158500,-0.99997628,0.00331610,-0.00604957,-0.66492552,0.00576033,-0.08120528,-0.99668074,1.84027350,-0.00379634,-0.99669194,0.08118425,-0.31220794
0,1598328681645319300,1598328681645246200,-0.99997520,0.00320616,-0.00627673,-0.66499513,0.00599534,-0.08129641,-0.99667192,1.84029484,-0.00370580,-0.99668491,0.08127517,-0.30774260
0,1598328681654271700,1598328681654223800,-0.99997467,0.00338545,-0.00627378,-0.66505671,0.00597662,-0.08160615,-0.99664670,1.84031224,-0.00388604,-0.99665892,0.08158386,-0.30325723
0,1598328681663204200,1598328681663090700,-0.99997479,0.00316507,-0.00636643,-0.66510814,0.00608794,-0.08133414,-0.99666828,1.84032404,-0.00367230,-0.99668193,0.08131282,-0.29884100
0,1598328681672105700,1598328681672032800,-0.99997652,0.00260091,-0.00635689,-0.66517138,0.00612363,-0.08155183,-0.99665028,1.84035265,-0.00311062,-0.99666578,0.08153398,-0.29446888
0,1598328681681128900,1598328681681075600,-0.99997461,0.00291350,-0.00652024,-0.66522729,0.00626013,-0.08178673,-0.99663019,1.84041011,-0.00343695,-0.99664563,0.08176641,-0.28996754
0,1598328681690209400,1598328681690127800,-0.99997479,0.00279084,-0.00654186,-0.66533154,0.00629160,-0.08182070,-0.99662721,1.84043324,-0.00331664,-0.99664319,0.08180108,-0.28545427
0,1598328681699143900,1598328681699077600,-0.99997413,0.00294447,-0.00657596,-0.66538668,0.00631310,-0.08179508,-0.99662918,1.84038842,-0.00347242,-0.99664485,0.08177438,-0.28100967
0,1598328681708106600,1598328681708022400,-0.99997413,0.00305006,-0.00652281,-0.66547215,0.00625080,-0.08199042,-0.99661350,1.84041488,-0.00357455,-0.99662852,0.08196924,-0.27660882
0,1598328681717037100,1598328681716970100,-0.99997228,0.00320992,-0.00673838,-0.66551936,0.00645241,-0.08202436,-0.99660945,1.84043694,-0.00375175,-0.99662519,0.08200137,-0.27215731
0,1598328681726059900,1598328681725919300,-0.99997282,0.00333443,-0.00659883,-0.66571897,0.00630284,-0.08209946,-0.99660420,1.84050047,-0.00386482,-0.99661863,0.08207621,-0.26776302
0,1598328681734999900,1598328681734933800,-0.99997151,0.00329876,-0.00680151,-0.66576803,0.00650690,-0.08232202,-0.99658453,1.84047174,-0.00384742,-0.99660039,0.08229820,-0.26323879
0,1598328681743934200,1598328681743876200,-0.99997336,0.00309360,-0.00662639,-0.66586137,0.00634943,-0.08227712,-0.99658924,1.84049630,-0.00362822,-0.99660468,0.08225528,-0.25880408
0,1598328681752931100,1598328681752886200,-0.99997187,0.00315949,-0.00681572,-0.66586947,0.00653219,-0.08241013,-0.99657708,1.84051478,-0.00371033,-0.99659353,0.08238718,-0.25426209
0,1598328681761936200,1598328681761886200,-0.99997288,0.00298229,-0.00675096,-0.66594732,0.00648198,-0.08248767,-0.99657100,1.84052098,-0.00352892,-0.99658775,0.08246609,-0.24984097
0,1598328681770912900,1598328681770817600,-0.99997258,0.00282824,-0.00685241,-0.66598618,0.00659559,-0.08254465,-0.99656552,1.84052062,-0.00338417,-0.99658340,0.08252374,-0.24538195
0,1598328681779919000,1598328681779857300,-0.99997205,0.00297388,-0.00687510,-0.66603196,0.00660648,-0.08246045,-0.99657243,1.84051049,-0.00353065,-0.99658990,0.08243849,-0.24084830
0,1598328681788864900,1598328681788791200,-0.99996984,0.00323114,-0.00707451,-0.66603488,0.00678260,-0.08282826,-0.99654073,1.84054267,-0.00380597,-0.99655867,0.08280385,-0.23636973
0,1598328681797847900,1598328681797774600,-0.99996877,0.00342900,-0.00712561,-0.66609251,0.00681794,-0.08263256,-0.99655676,1.84052837,-0.00400597,-0.99657422,0.08260661,-0.23194790
0,1598328681806948600,1598328681806839500,-0.99996877,0.00334013,-0.00717649,-0.66615301,0.00687503,-0.08287503,-0.99653620,1.84053373,-0.00392327,-0.99655437,0.08284947,-0.22741318
0,1598328681815760100,1598328681815690600,-0.99996758,0.00338119,-0.00731998,-0.66619676,0.00701441,-0.08292725,-0.99653089,1.84049058,-0.00397646,-0.99654996,0.08290084,-0.22296941
0,1598328681824732700,1598328681824653100,-0.99997097,0.00272354,-0.00713352,-0.66629046,0.00688319,-0.08290441,-0.99653369,1.84046209,-0.00330549,-0.99655390,0.08288325,-0.21847725
0,1598328681833647600,1598328681833598400,-0.99996990,0.00278288,-0.00725062,-0.66637939,0.00699419,-0.08313634,-0.99651361,1.84045005,-0.00337592,-0.99653435,0.08311438,-0.21405554
0,1598328681842644100,1598328681842564800,-0.99996948,0.00307012,-0.00719187,-0.66643369,0.00691200,-0.08307216,-0.99651957,1.84038591,-0.00365686,-0.99653888,0.08304840,-0.20955110
0,1598328681851662300,1598328681851577700,-0.99996769,0.00327429,-0.00735620,-0.66651714,0.00705708,-0.08351869,-0.99648118,1.84038687,-0.00387716,-0.99650085,0.08349288,-0.20506585
0,1598328681860652200,1598328681860606100,-0.99996740,0.00335994,-0.00735349,-0.66659451,0.00704769,-0.08339912,-0.99649131,1.84042203,-0.00396144,-0.99651062,0.08337272,-0.20057416
0,1598328681869640100,1598328681869558500,-0.99996680,0.00325987,-0.00747797,-0.66663450,0.00718043,-0.08331082,-0.99649775,1.84045255,-0.00387144,-0.99651831,0.08328465,-0.19608676
0,1598328681878640000,1598328681878560800,-0.99996567,0.00336954,-0.00757366,-0.66669703,0.00726561,-0.08357292,-0.99647516,1.84047878,-0.00399062,-0.99649608,0.08354557,-0.19159782
0,1598328681887558300,1598328681887468300,-0.99996591,0.00341246,-0.00752960,-0.66676188,0.00721764,-0.08369114,-0.99646556,1.84047568,-0.00403053,-0.99648595,0.08366365,-0.18713427
0,1598328681896547800,1598328681896485200,-0.99996638,0.00290164,-0.00767872,-0.66678882,0.00740940,-0.08356936,-0.99647439,1.84050190,-0.00353312,-0.99649775,0.08354505,-0.18265569
0,1598328681905479100,1598328681905422000,-0.99996775,0.00278780,-0.00753842,-0.66684330,0.00727804,-0.08387969,-0.99644929,1.84050655,-0.00341022,-0.99647200,0.08385670,-0.17829859
0,1598328681914548500,1598328681914464300,-0.99996448,0.00311586,-0.00784339,-0.66688395,0.00755376,-0.08405778,-0.99643224,1.84049296,-0.00376403,-0.99645615,0.08403125,-0.17372847
0,1598328681923424700,1598328681923364600,-0.99996448,0.00329387,-0.00776355,-0.66695398,0.00746071,-0.08368503,-0.99646431,1.84047079,-0.00393191,-0.99648690,0.08365748,-0.16925311
