6,1597238498778624400,1597238498778495300,-0.93007129,-0.36704960,-0.01556280,-0.06219697,0.36685243,-0.93017149,0.01414827,1.81624365,-0.01966918,0.00744966,0.99977881,0.83224225
6,1597238498787848400,1597238498787726100,-0.93007016,-0.36705515,-0.01549995,-0.06136882,0.36685818,-0.93016905,0.01416213,1.81623173,-0.01961580,0.00748551,0.99977958,0.83228350
6,1597238498796632700,1597238498796534600,-0.93004119,-0.36712891,-0.01548734,-0.06058824,0.36693135,-0.93013960,0.01419878,1.81625473,-0.01961818,0.00752266,0.99977928,0.83222914
6,1597238498805609000,1597238498805551200,-0.93002665,-0.36716452,-0.01551881,-0.05986345,0.36696571,-0.93012524,0.01425114,1.81625736,-0.01966691,0.00755908,0.99977803,0.83221149
6,1597238498814842300,1597238498814764800,-0.93004024,-0.36713088,-0.01550093,-0.05912852,0.36693221,-0.93013853,0.01424815,1.81626844,-0.01964894,0.00756355,0.99977839,0.83218670
6,1597238498823783600,1597238498823682400,-0.93004978,-0.36710581,-0.01552045,-0.05843127,0.36690632,-0.93014818,0.01428235,1.81626785,-0.01967946,0.00758874,0.99977756,0.83215451
6,1597238498832568700,1597238498832524800,-0.93002844,-0.36715689,-0.01559386,-0.05777752,0.36695740,-0.93012846,0.01425584,1.81634402,-0.01973841,0.00753605,0.99977678,0.83230305
6,1597238498841828500,1597238498841781900,-0.93004954,-0.36710384,-0.01558062,-0.05709779,0.36690643,-0.93015015,0.01415342,1.81634343,-0.01968810,0.00744675,0.99977845,0.83226347
6,1597238498850591200,1597238498850383100,-0.93007469,-0.36704090,-0.01556513,-0.05648375,0.36684310,-0.93017471,0.01417929,1.81632340,-0.01968268,0.00747785,0.99977833,0.83225989
6,1597238498859980300,1597238498859862700,-0.93006134,-0.36707124,-0.01564416,-0.05577612,0.36687344,-0.93016320,0.01415010,1.81632543,-0.01974571,0.00742103,0.99977756,0.83224678
6,1597238498868477400,1597238498868302600,-0.93006480,-0.36706060,-0.01568595,-0.05515671,0.36686394,-0.93016803,0.01407860,1.81630564,-0.01975825,0.00733940,0.99977785,0.83232617
6,1597238498877721800,1597238498877599200,-0.93007505,-0.36703441,-0.01569191,-0.05447936,0.36683723,-0.93017823,0.01409903,1.81628489,-0.01977110,0.00735679,0.99977756,0.83233857
6,1597238498886664300,1597238498886460700,-0.93008065,-0.36701664,-0.01577523,-0.05389524,0.36681971,-0.93018579,0.01405826,1.81624985,-0.01983348,0.00728863,0.99977672,0.83232045
6,1597238498895589600,1597238498895488000,-0.93006867,-0.36704636,-0.01579246,-0.05323613,0.36685023,-0.93017447,0.01401067,1.81626892,-0.01983231,0.00723743,0.99977720,0.83235478
6,1597238498904608300,1597238498904486900,-0.93007749,-0.36702192,-0.01584038,-0.05259025,0.36682519,-0.93018413,0.01402463,1.81627238,-0.01988181,0.00723334,0.99977618,0.83234429
6,1597238498913432200,1597238498913312200,-0.93008482,-0.36700457,-0.01581204,-0.05188012,0.36680964,-0.93019146,0.01394302,1.81622529,-0.01982543,0.00716817,0.99977773,0.83235312
6,1597238498922279800,1597238498922194200,-0.93010163,-0.36696154,-0.01582146,-0.05121696,0.36676636,-0.93020844,0.01395140,1.81622362,-0.01983687,0.00717343,0.99977756,0.83235121
6,1597238498931638100,1597238498931563400,-0.93008983,-0.36698776,-0.01590815,-0.05051386,0.36679119,-0.93019801,0.01399068,1.81617153,-0.01993212,0.00717761,0.99977559,0.83227706
6,1597238498940195500,1597238498940147500,-0.93011749,-0.36691228,-0.01603034,-0.04988730,0.36671734,-0.93022907,0.01386369,1.81615400,-0.01999864,0.00701624,0.99977541,0.83239913
6,1597238498949616500,1597238498949517400,-0.93012941,-0.36687982,-0.01608238,-0.04914701,0.36668435,-0.93024194,0.01387257,1.81614566,-0.02005005,0.00700615,0.99977446,0.83236313
6,1597238498958358600,1597238498958271700,-0.93007481,-0.36701763,-0.01609460,-0.04832220,0.36682230,-0.93018770,0.01386310,1.81622744,-0.02005899,0.00698987,0.99977440,0.83249545
6,1597238498967278700,1597238498967251400,-0.93007618,-0.36700547,-0.01629129,-0.04760969,0.36680940,-0.93019325,0.01383223,1.81623375,-0.02023056,0.00688924,0.99977165,0.83248520
6,1597238498976845600,1597238498976089200,-0.93011236,-0.36692330,-0.01607317,-0.04690230,0.36672944,-0.93022531,0.01379653,1.81620848,-0.02001396,0.00693782,0.99977559,0.83253765
6,1597238498985476600,1597238498985198500,-0.93011534,-0.36691719,-0.01604271,-0.04619026,0.36672446,-0.93022794,0.01374886,1.81620014,-0.01996806,0.00690478,0.99977684,0.83256841
6,1597238498994117900,1597238498994065000,-0.93009186,-0.36697179,-0.01615587,-0.04557300,0.36677825,-0.93020672,0.01375275,1.81623363,-0.02007514,0.00686570,0.99977493,0.83267188
6,1597238499003258800,1597238499003233600,-0.93011814,-0.36691201,-0.01599953,-0.04487729,0.36671993,-0.93022996,0.01373286,1.81623852,-0.01992196,0.00690585,0.99977773,0.83271551
6,1597238499012238500,1597238499012136500,-0.93013841,-0.36686000,-0.01601654,-0.04421544,0.36666831,-0.93025070,0.01370651,1.81625915,-0.01992774,0.00687620,0.99977785,0.83270168
6,1597238499021343500,1597238499021258500,-0.93015516,-0.36681578,-0.01605523,-0.04353273,0.36662444,-0.93026847,0.01367497,1.81624460,-0.01995188,0.00683358,0.99977762,0.83277464
6,1597238499029992300,1597238499029940600,-0.93014622,-0.36684081,-0.01599956,-0.04293013,0.36664948,-0.93025833,0.01369441,1.81628537,-0.01990739,0.00687160,0.99977827,0.83283234
6,1597238499039068800,1597238499039000700,-0.93014121,-0.36685270,-0.01601884,-0.04230511,0.36666030,-0.93025339,0.01374046,1.81627357,-0.01994228,0.00690712,0.99977732,0.83283019
6,1597238499047905000,1597238499047828600,-0.93016136,-0.36681023,-0.01582268,-0.04169989,0.36662060,-0.93027008,0.01366901,1.81626213,-0.01973328,0.00691347,0.99978143,0.83287644
6,1597238499057153400,1597238499057067300,-0.93015355,-0.36682060,-0.01603830,-0.04100001,0.36662993,-0.93026668,0.01364761,1.81627035,-0.01992610,0.00681426,0.99977833,0.83291030
6,1597238499065918000,1597238499065846400,-0.93018246,-0.36675274,-0.01591602,-0.04049420,0.36655992,-0.93029207,0.01379753,1.81605887,-0.01986679,0.00700006,0.99977815,0.83264542
6,1597238499075024400,1597238499074955600,-0.93019176,-0.36672854,-0.01592195,-0.03983355,0.36653593,-0.93030173,0.01378544,1.81601977,-0.01986775,0.00698712,0.99977827,0.83263159
6,1597238499083915100,1597238499083785200,-0.93021119,-0.36667919,-0.01592866,-0.03914535,0.36648661,-0.93032122,0.01378131,1.81605685,-0.01987204,0.00698189,0.99977821,0.83260441
6,1597238499092973700,1597238499092889200,-0.93020052,-0.36670873,-0.01586965,-0.03841293,0.36651760,-0.93030977,0.01373092,1.81605470,-0.01979890,0.00695603,0.99977982,0.83261251
6,1597238499101956000,1597238499101888900,-0.93019414,-0.36672461,-0.01587692,-0.03772748,0.36653343,-0.93030357,0.01372842,1.81602991,-0.01980489,0.00695068,0.99977970,0.83269477
6,1597238499111124800,1597238499111030900,-0.93023562,-0.36662242,-0.01580685,-0.03703237,0.36643124,-0.93034345,0.01375354,1.81606495,-0.01974812,0.00700192,0.99978048,0.83264494
6,1597238499119892000,1597238499119837300,-0.93024230,-0.36660460,-0.01582557,-0.03623950,0.36641473,-0.93035102,0.01367956,1.81608295,-0.01973832,0.00692660,0.99978119,0.83270121
6,1597238499129002400,1597238499128904600,-0.93020660,-0.36669731,-0.01577908,-0.03548539,0.36650789,-0.93031442,0.01367399,1.81613994,-0.01969367,0.00693649,0.99978203,0.83280706
6,1597238499137971800,1597238499137869800,-0.93020964,-0.36668816,-0.01580977,-0.03478742,0.36649877,-0.93031818,0.01366178,1.81615961,-0.01971772,0.00691406,0.99978173,0.83290148
6,1597238499147068900,1597238499147003400,-0.93023044,-0.36663789,-0.01575345,-0.03409302,0.36644861,-0.93033773,0.01367533,1.81621146,-0.01966986,0.00694840,0.99978244,0.83292794
6,1597238499155891200,1597238499155794200,-0.93022960,-0.36663795,-0.01580080,-0.03344500,0.36644760,-0.93033755,0.01371411,1.81625521,-0.01972815,0.00696710,0.99978113,0.83299708
6,1597238499165148800,1597238499165092500,-0.93021345,-0.36667916,-0.01579440,-0.03274989,0.36648881,-0.93032134,0.01371420,1.81629288,-0.01972252,0.00696866,0.99978125,0.83303666
6,1597238499173749500,1597238499173712200,-0.93019748,-0.36671987,-0.01579222,-0.03208268,0.36652786,-0.93030465,0.01380280,1.81634521,-0.01975334,0.00705102,0.99978006,0.83302522
6,1597238499183362300,1597238499183055900,-0.93021691,-0.36667073,-0.01578802,-0.03136361,0.36648098,-0.93032479,0.01368697,1.81630671,-0.01970655,0.00694585,0.99978173,0.83316517
6,1597238499191909700,1597238499191777200,-0.93023652,-0.36662245,-0.01575142,-0.03084517,0.36643121,-0.93034309,0.01377620,1.81618750,-0.01970491,0.00704332,0.99978101,0.83304358
6,1597238499200856500,1597238499200832100,-0.93023044,-0.36663651,-0.01578534,-0.03020501,0.36644599,-0.93033803,0.01372711,1.81619167,-0.01971853,0.00698492,0.99978119,0.83305216
6,1597238499209847900,1597238499209748100,-0.93022585,-0.36665073,-0.01572120,-0.02953780,0.36645946,-0.93033183,0.01378832,1.81618536,-0.01968139,0.00706507,0.99978137,0.83302879
6,1597238499218831800,1597238499218736000,-0.93022883,-0.36664242,-0.01573879,-0.02889061,0.36645156,-0.93033528,0.01376154,1.81618047,-0.01968792,0.00703388,0.99978149,0.83305311
6,1597238499227729200,1597238499227690900,-0.93022490,-0.36664945,-0.01581007,-0.02832103,0.36645716,-0.93033242,0.01380657,1.81617105,-0.01977077,0.00704950,0.99977970,0.83302617
6,1597238499236857000,1597238499236791500,-0.93021524,-0.36667475,-0.01578900,-0.02760041,0.36648291,-0.93032253,0.01379201,1.81607366,-0.01974604,0.00704314,0.99978024,0.83299971
6,1597238499245666300,1597238499245631600,-0.93021381,-0.36667773,-0.01580635,-0.02690840,0.36648390,-0.93032068,0.01388797,1.81605494,-0.01979735,0.00712600,0.99977863,0.83290219
6,1597238499254720200,1597238499254692700,-0.93021417,-0.36668089,-0.01571456,-0.02615333,0.36648959,-0.93031985,0.01379306,1.81595469,-0.01967725,0.00707127,0.99978143,0.83298421
6,1597238499263616100,1597238499263524500,-0.93021727,-0.36666954,-0.01579645,-0.02549911,0.36647686,-0.93032426,0.01383298,1.81593692,-0.01976797,0.00707863,0.99977952,0.83296061
6,1597238499272721200,1597238499272652800,-0.93018883,-0.36674678,-0.01567551,-0.02470446,0.36655703,-0.93029428,0.01372766,1.81600690,-0.01961735,0.00702335,0.99978292,0.83306813
6,1597238499281565700,1597238499281483600,-0.93018675,-0.36675304,-0.01565108,-0.02404165,0.36656031,-0.93029058,0.01388942,1.81602371,-0.01965407,0.00718269,0.99978107,0.83295465
6,1597238499290599300,1597238499290546300,-0.93018985,-0.36674502,-0.01565501,-0.02336216,0.36655217,-0.93029368,0.01389378,1.81600976,-0.01965922,0.00718547,0.99978089,0.83289814
6,1597238499299569200,1597238499299508100,-0.93015504,-0.36683077,-0.01571080,-0.02262449,0.36663830,-0.93026036,0.01385299,1.81610811,-0.01969683,0.00712524,0.99978065,0.83298326
6,1597238499308749200,1597238499308706600,-0.93015015,-0.36684060,-0.01577538,-0.02196670,0.36664656,-0.93025625,0.01391050,1.81610107,-0.01977804,0.00715487,0.99977887,0.83305883
6,1597238499317577800,1597238499317478300,-0.93019909,-0.36672044,-0.01568183,-0.02126753,0.36652786,-0.93030363,0.01386959,1.81615257,-0.01967511,0.00715366,0.99978089,0.83295655
6,1597238499326585900,1597238499326500500,-0.93017995,-0.36677352,-0.01557425,-0.02065170,0.36658153,-0.93028235,0.01387848,1.81616306,-0.01957873,0.00720026,0.99978244,0.83299327
6,1597238499335566300,1597238499335448100,-0.93017215,-0.36678955,-0.01566762,-0.02003777,0.36659569,-0.93027586,0.01393968,1.81616771,-0.01968813,0.00722262,0.99978012,0.83299351
6,1597238499344589600,1597238499344547700,-0.93017805,-0.36677364,-0.01568568,-0.01933372,0.36658117,-0.93028271,0.01386403,1.81611967,-0.01967704,0.00714594,0.99978089,0.83304739
6,1597238499353499100,1597238499353433700,-0.93017650,-0.36677766,-0.01568517,-0.01868117,0.36658630,-0.93028158,0.01380576,1.81611073,-0.01965523,0.00709182,0.99978167,0.83304572
6,1597238499362536600,1597238499362484900,-0.93018937,-0.36674544,-0.01567051,-0.01802194,0.36655274,-0.93029368,0.01387978,1.81603444,-0.01966849,0.00716677,0.99978089,0.83300591
6,1597238499371347300,1597238499371300300,-0.93020087,-0.36671162,-0.01578110,-0.01741111,0.36651799,-0.93030727,0.01388571,1.81603193,-0.01977333,0.00713244,0.99977905,0.83303022
6,1597238499380510900,1597238499380366800,-0.93020827,-0.36669183,-0.01580337,-0.01676261,0.36649850,-0.93031532,0.01386260,1.81602967,-0.01978537,0.00710322,0.99977905,0.83306170
6,1597238499389437500,1597238499389351000,-0.93021399,-0.36667788,-0.01579291,-0.01612329,0.36648479,-0.93032080,0.01385622,1.81603551,-0.01977322,0.00710139,0.99977928,0.83309317
6,1597238499398407100,1597238499398198200,-0.93020904,-0.36669198,-0.01575685,-0.01547742,0.36649874,-0.93031502,0.01387495,1.81608450,-0.01974666,0.00713173,0.99977958,0.83319521
6,1597238499407266400,1597238499407109100,-0.93019712,-0.36671945,-0.01581830,-0.01479316,0.36652392,-0.93030369,0.01396900,1.81610978,-0.01983854,0.00719613,0.99977732,0.83319020
6,1597238499416268200,1597238499416205700,-0.93022138,-0.36666003,-0.01577145,-0.01405299,0.36646444,-0.93032682,0.01398929,1.81615484,-0.01980188,0.00723346,0.99977779,0.83321452
6,1597238499425235100,1597238499425076100,-0.93023074,-0.36663419,-0.01581958,-0.01339483,0.36643803,-0.93033707,0.01399918,1.81605446,-0.01985011,0.00722557,0.99977684,0.83315277
6,1597238499434648800,1597238499434540000,-0.93020177,-0.36670738,-0.01583096,-0.01263213,0.36650893,-0.93030745,0.01411108,1.81604910,-0.01990232,0.00732397,0.99977517,0.83304596
6,1597238499443422800,1597238499443229700,-0.93021286,-0.36667806,-0.01585478,-0.01196551,0.36648071,-0.93031955,0.01404826,1.81605220,-0.01990119,0.00725742,0.99977571,0.83303404
6,1597238499452293700,1597238499452207200,-0.93022752,-0.36664423,-0.01578054,-0.01124620,0.36644793,-0.93033290,0.01402083,1.81603670,-0.01982179,0.00725982,0.99977720,0.83304429
6,1597238499461175400,1597238499461145800,-0.93019497,-0.36672524,-0.01581094,-0.01050961,0.36652842,-0.93030095,0.01403571,1.81609154,-0.01985615,0.00726080,0.99977648,0.83311296
6,1597238499470182500,1597238499470138400,-0.93019676,-0.36671564,-0.01592779,-0.00983942,0.36651772,-0.93030494,0.01404869,1.81614542,-0.01996955,0.00723024,0.99977446,0.83318996
6,1597238499478928900,1597238499478884500,-0.93020356,-0.36670202,-0.01584885,-0.00915658,0.36650568,-0.93031043,0.01399887,1.81610322,-0.01987773,0.00721310,0.99977648,0.83327055
6,1597238499488102200,1597238499487999700,-0.93021220,-0.36667812,-0.01589039,-0.00853622,0.36648288,-0.93032050,0.01392832,1.81606770,-0.01989034,0.00713272,0.99977672,0.83331847
6,1597238499497038200,1597238499496967400,-0.93021142,-0.36667863,-0.01592332,-0.00785911,0.36648157,-0.93031985,0.01400736,1.81603599,-0.01994994,0.00719421,0.99977517,0.83327770
6,1597238499506096200,1597238499506064100,-0.93020451,-0.36669150,-0.01602957,-0.00722563,0.36649260,-0.93031466,0.01406263,1.81603897,-0.02006918,0.00720640,0.99977261,0.83326626
6,1597238499514973700,1597238499514890500,-0.93021405,-0.36666900,-0.01599199,-0.00660217,0.36647230,-0.93032408,0.01396504,1.81602180,-0.01999828,0.00712985,0.99977469,0.83328342
6,1597238499524178700,1597238499524155900,-0.93024135,-0.36659697,-0.01605755,-0.00602496,0.36639911,-0.93035245,0.01399932,1.81604385,-0.02007130,0.00713927,0.99977309,0.83331180
6,1597238499532830500,1597238499532767600,-0.93022567,-0.36663345,-0.01613125,-0.00540161,0.36643493,-0.93033820,0.01400623,1.81603670,-0.02014261,0.00711790,0.99977177,0.83325434
6,1597238499541980700,1597238499541904700,-0.93025249,-0.36656550,-0.01612973,-0.00474656,0.36636811,-0.93036538,0.01394962,1.81600237,-0.02011997,0.00706726,0.99977261,0.83325696
6,1597238499550802900,1597238499550738700,-0.93024176,-0.36658749,-0.01625010,-0.00397038,0.36638975,-0.93035722,0.01392424,1.81602454,-0.02022284,0.00699903,0.99977106,0.83331013
6,1597238499559867200,1597238499559788200,-0.93024021,-0.36658803,-0.01632771,-0.00326419,0.36639020,-0.93035740,0.01390359,1.81598878,-0.02028751,0.00695135,0.99977005,0.83328199
6,1597238499568796700,1597238499568689400,-0.93022847,-0.36661428,-0.01640382,-0.00260782,0.36641422,-0.93034661,0.01398830,1.81599081,-0.02038956,0.00700173,0.99976766,0.83325553
6,1597238499577895700,1597238499577840600,-0.93025213,-0.36655861,-0.01630697,-0.00188756,0.36635971,-0.93036848,0.01396200,1.81598866,-0.02028939,0.00701395,0.99976963,0.83322430
6,1597238499586761700,1597238499586594300,-0.93023986,-0.36658520,-0.01640752,-0.00110388,0.36638734,-0.93035889,0.01387686,1.81599045,-0.02035189,0.00689732,0.99976915,0.83319688
6,1597238499595877900,1597238499595757400,-0.93022782,-0.36661556,-0.01641273,-0.00040758,0.36641753,-0.93034691,0.01388368,1.81598186,-0.02035946,0.00690109,0.99976897,0.83322835
6,1597238499604728200,1597238499604619300,-0.93023920,-0.36658716,-0.01640043,0.00029421,0.36638987,-0.93035823,0.01385223,1.81597328,-0.02033630,0.00687695,0.99976957,0.83330321
6,1597238499613937000,1597238499613859500,-0.93026078,-0.36653411,-0.01636162,0.00103545,0.36633888,-0.93037963,0.01376471,1.81596792,-0.02026775,0.00681087,0.99977136,0.83328509
6,1597238499622799000,1597238499622664900,-0.93027782,-0.36649215,-0.01633617,0.00171995,0.36629769,-0.93039632,0.01373238,1.81598234,-0.02023193,0.00679103,0.99977231,0.83330464
6,1597238499631832700,1597238499631762400,-0.93028587,-0.36647284,-0.01630959,0.00242043,0.36627752,-0.93040347,0.01378594,1.81601894,-0.02022663,0.00685103,0.99977195,0.83334160
6,1597238499640795900,1597238499640641000,-0.93029493,-0.36645070,-0.01628953,0.00307739,0.36625502,-0.93041199,0.01380936,1.81604433,-0.02021644,0.00688066,0.99977201,0.83329511
6,1597238499649660000,1597238499649638100,-0.93027848,-0.36649323,-0.01627156,0.00373971,0.36629701,-0.93039495,0.01384272,1.81606257,-0.02021223,0.00691736,0.99977183,0.83329558
6,1597238499658599900,1597238499658475000,-0.93029672,-0.36644384,-0.01634255,0.00442064,0.36624801,-0.93041492,0.01379820,1.81608081,-0.02026159,0.00685099,0.99977130,0.83330441
6,1597238499667683000,1597238499667559300,-0.93029064,-0.36646020,-0.01632252,0.00500298,0.36626396,-0.93040824,0.01382482,1.81611645,-0.02025282,0.00688276,0.99977124,0.83335805
6,1597238499676591200,1597238499676499400,-0.93029171,-0.36645934,-0.01627675,0.00568938,0.36626559,-0.93040919,0.01371806,1.81606221,-0.02017117,0.00680017,0.99977350,0.83339930
6,1597238499685519300,1597238499685487200,-0.93031639,-0.36639351,-0.01635116,0.00638723,0.36620000,-0.93043554,0.01368097,1.81610823,-0.02022630,0.00673984,0.99977267,0.83337212
6,1597238499694600700,1597238499694485000,-0.93031281,-0.36640510,-0.01629454,0.00708282,0.36621138,-0.93043065,0.01370968,1.81604481,-0.02018425,0.00678705,0.99977332,0.83338332
6,1597238499703570500,1597238499703529200,-0.93029070,-0.36645252,-0.01648939,0.00767303,0.36625662,-0.93041217,0.01375254,1.81607401,-0.02038160,0.00675452,0.99976951,0.83336043
6,1597238499712461000,1597238499712354500,-0.93031621,-0.36639047,-0.01643121,0.00835884,0.36619714,-0.93043721,0.01364561,1.81602550,-0.02028781,0.00667766,0.99977195,0.83341146
6,1597238499721570800,1597238499721423400,-0.93032408,-0.36636698,-0.01650727,0.00908136,0.36617237,-0.93044639,0.01368202,1.81602550,-0.02037176,0.00668420,0.99977016,0.83340859
6,1597238499730426700,1597238499730304700,-0.93029732,-0.36643708,-0.01645973,0.00977588,0.36624339,-0.93041885,0.01365473,1.81601310,-0.02031800,0.00667469,0.99977136,0.83342481
6,1597238499739435300,1597238499739397700,-0.93030232,-0.36642185,-0.01651353,0.01045477,0.36622822,-0.93042511,0.01363337,1.81600511,-0.02036017,0.00663543,0.99977076,0.83349729
6,1597238499748277000,1597238499748226900,-0.93032956,-0.36635500,-0.01646274,0.01112831,0.36616257,-0.93045163,0.01359049,1.81598949,-0.02029672,0.00661559,0.99977213,0.83347583
6,1597238499757453600,1597238499757376600,-0.93035233,-0.36629453,-0.01652274,0.01175833,0.36610246,-0.93047577,0.01355411,1.81594908,-0.02033880,0.00656107,0.99977165,0.83344555
6,1597238499766405700,1597238499766309500,-0.93032330,-0.36636734,-0.01654062,0.01248193,0.36617446,-0.93044698,0.01358744,1.81592560,-0.02036816,0.00658397,0.99977088,0.83350444
6,1597238499775547100,1597238499775393200,-0.93032348,-0.36637408,-0.01638582,0.01325464,0.36618131,-0.93044358,0.01363347,1.81589866,-0.02024102,0.00668335,0.99977285,0.83348489
6,1597238499784163200,1597238499784086600,-0.93035400,-0.36629477,-0.01642370,0.01389313,0.36610410,-0.93047565,0.01351672,1.81587815,-0.02023295,0.00656256,0.99977374,0.83349538
6,1597238499793613000,1597238499793526900,-0.93034852,-0.36630774,-0.01644486,0.01459718,0.36611733,-0.93047076,0.01349687,1.81586528,-0.02024546,0.00653604,0.99977374,0.83349943
6,1597238499802111100,1597238499802031300,-0.93032521,-0.36636591,-0.01646703,0.01519573,0.36617380,-0.93044746,0.01357179,1.81573820,-0.02029398,0.00659637,0.99977231,0.83340240
6,1597238499811387400,1597238499811215300,-0.93039811,-0.36618790,-0.01630694,0.01580107,0.36599752,-0.93051732,0.01353846,1.81580353,-0.02013147,0.00662787,0.99977541,0.83327794
6,1597238499820108300,1597238499820054800,-0.93038261,-0.36622578,-0.01634100,0.01652384,0.36603653,-0.93050295,0.01346938,1.81581664,-0.02013814,0.00655028,0.99977577,0.83330441
6,1597238499829258300,1597238499829141200,-0.93034995,-0.36630389,-0.01644847,0.01713896,0.36611414,-0.93047249,0.01346269,1.81575382,-0.02023625,0.00650299,0.99977410,0.83333397
6,1597238499838005800,1597238499837941500,-0.93032515,-0.36635894,-0.01662409,0.01771927,0.36616790,-0.93045121,0.01347062,1.81576860,-0.02040297,0.00644484,0.99977112,0.83335304
6,1597238499847785600,1597238499847722900,-0.93037015,-0.36624816,-0.01654661,0.01836479,0.36605856,-0.93049496,0.01342385,1.81576169,-0.02031299,0.00643212,0.99977303,0.83333302
6,1597238499857099500,1597238499857015400,-0.93037564,-0.36623356,-0.01656038,0.01907766,0.36604515,-0.93050110,0.01336101,1.81576157,-0.02030265,0.00636894,0.99977362,0.83335042
6,1597238499866016700,1597238499865952600,-0.93034202,-0.36632463,-0.01643690,0.01978314,0.36613640,-0.93046480,0.01339123,1.81586480,-0.02019948,0.00644027,0.99977529,0.83348155
6,1597238499875007700,1597238499874907300,-0.93031341,-0.36638999,-0.01659811,0.02038622,0.36620164,-0.93043977,0.01334713,1.81586921,-0.02033380,0.00633876,0.99977326,0.83350325
6,1597238499883992600,1597238499883917300,-0.93034101,-0.36632004,-0.01659802,0.02117479,0.36613443,-0.93046814,0.01321105,1.81585860,-0.02028334,0.00621369,0.99977493,0.83346987
6,1597238499893003600,1597238499892926000,-0.93030971,-0.36640382,-0.01650035,0.02184272,0.36621997,-0.93043530,0.01315470,1.81593323,-0.02017239,0.00619520,0.99977732,0.83356094
6,1597238499902048200,1597238499901993400,-0.93029630,-0.36643663,-0.01652703,0.02251816,0.36625168,-0.93042213,0.01320080,1.81593394,-0.02021435,0.00622761,0.99977624,0.83351779
6,1597238499911007100,1597238499910950300,-0.93030167,-0.36642677,-0.01644346,0.02321780,0.36624449,-0.93042648,0.01309400,1.81591296,-0.02009737,0.00615905,0.99977911,0.83354259
6,1597238499920004600,1597238499919845600,-0.93031740,-0.36638784,-0.01641926,0.02395666,0.36620456,-0.93044138,0.01315081,1.81593037,-0.02009544,0.00622162,0.99977875,0.83357430
6,1597238499929018800,1597238499928890600,-0.93030155,-0.36643246,-0.01631978,0.02469671,0.36624986,-0.93042356,0.01315030,1.81595087,-0.02000299,0.00625664,0.99978036,0.83357930
6,1597238499937973600,1597238499937923000,-0.93031776,-0.36639670,-0.01620257,0.02536762,0.36621511,-0.93043745,0.01313528,1.81594539,-0.01988819,0.00628635,0.99978244,0.83364129
6,1597238499946750500,1597238499946686500,-0.93032926,-0.36637127,-0.01611504,0.02605963,0.36619270,-0.93044806,0.01301016,1.81593001,-0.01976073,0.00620253,0.99978554,0.83367753
6,1597238499955799400,1597238499955741500,-0.93033469,-0.36635473,-0.01617888,0.02676892,0.36617523,-0.93045455,0.01303790,1.81590486,-0.01983017,0.00620531,0.99978417,0.83371592
6,1597238499965008400,1597238499964935900,-0.93031496,-0.36641157,-0.01602292,0.02749658,0.36623269,-0.93043166,0.01305470,1.81594324,-0.01969165,0.00627686,0.99978644,0.83371377
6,1597238499973955200,1597238499973903100,-0.93031847,-0.36640629,-0.01594013,0.02830970,0.36622852,-0.93043375,0.01302430,1.81594574,-0.01960340,0.00627902,0.99978811,0.83376789
6,1597238499982880300,1597238499982715300,-0.93034482,-0.36634499,-0.01581368,0.02902281,0.36617050,-0.93045837,0.01289822,1.81592107,-0.01943913,0.00620931,0.99979180,0.83375239
6,1597238499991831600,1597238499991748300,-0.93033266,-0.36638045,-0.01570594,0.02967358,0.36620721,-0.93044430,0.01286718,1.81587338,-0.01932773,0.00621913,0.99979389,0.83375740
6,1597238500000740700,1597238500000649200,-0.93034506,-0.36635059,-0.01566741,0.03031516,0.36617750,-0.93045592,0.01287392,1.81587195,-0.01929420,0.00624014,0.99979436,0.83384085
6,1597238500009835100,1597238500009785400,-0.93038869,-0.36624715,-0.01549211,0.03094757,0.36607641,-0.93049663,0.01280588,1.81589985,-0.01910546,0.00624315,0.99979806,0.83382583
6,1597238500018683300,1597238500018599400,-0.93040544,-0.36620384,-0.01551133,0.03148425,0.36603355,-0.93051392,0.01277678,1.81588340,-0.01911241,0.00620991,0.99979806,0.83384943
6,1597238500027821200,1597238500027661800,-0.93038428,-0.36625469,-0.01557961,0.03212142,0.36608231,-0.93049353,0.01286136,1.81585026,-0.01920724,0.00626260,0.99979591,0.83386040
6,1597238500036571500,1597238500036535200,-0.93037939,-0.36626422,-0.01564929,0.03269708,0.36609155,-0.93049002,0.01285391,1.81586957,-0.01926944,0.00622995,0.99979496,0.83389688
6,1597238500045679700,1597238500045631900,-0.93042642,-0.36614484,-0.01564386,0.03331923,0.36597148,-0.93053669,0.01289311,1.81588972,-0.01927796,0.00627089,0.99979454,0.83385062
6,1597238500054549400,1597238500054520200,-0.93044311,-0.36610585,-0.01556385,0.03396332,0.36593387,-0.93055212,0.01284785,1.81586945,-0.01918665,0.00625886,0.99979639,0.83384347
6,1597238500063699300,1597238500063623800,-0.93042052,-0.36615980,-0.01564428,0.03460896,0.36598670,-0.93053091,0.01288021,1.81588113,-0.01927370,0.00625840,0.99979472,0.83386469
6,1597238500072533500,1597238500072445700,-0.93042207,-0.36615548,-0.01565376,0.03529024,0.36598089,-0.93053216,0.01295318,1.81585658,-0.01930922,0.00632294,0.99979359,0.83381200
6,1597238500081728500,1597238500081633900,-0.93044919,-0.36609077,-0.01555398,0.03597569,0.36591968,-0.93055832,0.01280176,1.81583631,-0.01916048,0.00621988,0.99979711,0.83376241
6,1597238500090514500,1597238500090363300,-0.93045104,-0.36608687,-0.01553842,0.03661895,0.36591443,-0.93055934,0.01287857,1.81582308,-0.01917410,0.00629714,0.99979633,0.83373880
6,1597238500099482900,1597238500099394900,-0.93045843,-0.36606565,-0.01559791,0.03729069,0.36589444,-0.93056834,0.01279644,1.81585431,-0.01919922,0.00619939,0.99979651,0.83387685
6,1597238500108451600,1597238500108389300,-0.93043947,-0.36611384,-0.01559770,0.03800154,0.36594406,-0.93054986,0.01272161,1.81584144,-0.01917198,0.00612879,0.99979740,0.83385277
6,1597238500117421900,1597238500117337600,-0.93044913,-0.36609414,-0.01547974,0.03870404,0.36592588,-0.93055755,0.01268027,1.81582475,-0.01904693,0.00613391,0.99979979,0.83384562
6,1597238500126350500,1597238500126320800,-0.93042707,-0.36615184,-0.01544243,0.03941882,0.36598253,-0.93053436,0.01274665,1.81580317,-0.01903692,0.00620818,0.99979955,0.83384395
6,1597238500135381200,1597238500135297100,-0.93045199,-0.36608940,-0.01542130,0.04011011,0.36592013,-0.93055886,0.01275112,1.81580210,-0.01901847,0.00622134,0.99979979,0.83388686
6,1597238500144217600,1597238500144181700,-0.93046361,-0.36606452,-0.01530918,0.04079533,0.36589709,-0.93056875,0.01268948,1.81578004,-0.01889142,0.00620551,0.99980235,0.83387899
6,1597238500153435000,1597238500153341100,-0.93044955,-0.36609682,-0.01538828,0.04143035,0.36592963,-0.93055648,0.01265285,1.81578827,-0.01895177,0.00614183,0.99980152,0.83392119
6,1597238500162164800,1597238500162117100,-0.93043870,-0.36612377,-0.01540756,0.04206359,0.36595681,-0.93054599,0.01263548,1.81579757,-0.01896358,0.00611803,0.99980152,0.83404064
6,1597238500171467000,1597238500171246500,-0.93042624,-0.36615461,-0.01542130,0.04272187,0.36598647,-0.93053359,0.01269188,1.81580782,-0.01899722,0.00616488,0.99980056,0.83400893
6,1597238500180163200,1597238500180110900,-0.93046814,-0.36604980,-0.01538858,0.04326546,0.36588353,-0.93057525,0.01260248,1.81586063,-0.01893336,0.00609575,0.99980223,0.83404279
6,1597238500189291300,1597238500189160200,-0.93046117,-0.36606121,-0.01553783,0.04392731,0.36589304,-0.93057078,0.01265648,1.81587398,-0.01909208,0.00609118,0.99979925,0.83405256
6,1597238500198214800,1597238500198077500,-0.93047273,-0.36603066,-0.01556200,0.04451740,0.36586174,-0.93058270,0.01268793,1.81581974,-0.01912591,0.00611222,0.99979842,0.83403516
6,1597238500207092500,1597238500206929700,-0.93047291,-0.36603248,-0.01551154,0.04516149,0.36586308,-0.93058163,0.01272737,1.81581950,-0.01909339,0.00616735,0.99979872,0.83391809
6,1597238500215832800,1597238500215811400,-0.93048990,-0.36598992,-0.01549295,0.04578030,0.36582011,-0.93059814,0.01275575,1.81582355,-0.01908615,0.00620148,0.99979860,0.83393669
6,1597238500225042100,1597238500224944300,-0.93049216,-0.36598009,-0.01559097,0.04645741,0.36580876,-0.93060189,0.01280374,1.81568789,-0.01919487,0.00621048,0.99979651,0.83378315
6,1597238500233622500,1597238500233564000,-0.93048179,-0.36600468,-0.01563042,0.04712045,0.36583215,-0.93059206,0.01285296,1.81567919,-0.01924980,0.00624132,0.99979526,0.83380747
6,1597238500242696500,1597238500242642400,-0.93049294,-0.36597958,-0.01555687,0.04781020,0.36580771,-0.93060178,0.01284401,1.81566286,-0.01917785,0.00626044,0.99979651,0.83381033
6,1597238500251610500,1597238500251511400,-0.93052101,-0.36591196,-0.01546925,0.04847074,0.36574078,-0.93062824,0.01283267,1.81567097,-0.01909173,0.00628333,0.99979806,0.83371806
6,1597238500260853500,1597238500260772300,-0.93050039,-0.36596480,-0.01545849,0.04921055,0.36579475,-0.93060774,0.01277899,1.81574833,-0.01906249,0.00623623,0.99979889,0.83387423
6,1597238500269422400,1597238500269387100,-0.93048126,-0.36601102,-0.01551494,0.04990327,0.36583871,-0.93058908,0.01287973,1.81574893,-0.01915213,0.00630839,0.99979675,0.83382893
6,1597238500278570900,1597238500278523100,-0.93047863,-0.36602297,-0.01538843,0.05061114,0.36585215,-0.93058431,0.01284421,1.81567740,-0.01902148,0.00632139,0.99979913,0.83392167
6,1597238500287459200,1597238500287337200,-0.93044436,-0.36610615,-0.01548505,0.05149257,0.36593619,-0.93055230,0.01276762,1.81570065,-0.01908395,0.00621301,0.99979860,0.83389497
6,1597238500296497000,1597238500296395800,-0.93045849,-0.36607108,-0.01546413,0.05224884,0.36590019,-0.93056571,0.01282229,1.81572950,-0.01908422,0.00627230,0.99979830,0.83401728
6,1597238500305456800,1597238500305352100,-0.93043309,-0.36613300,-0.01552457,0.05293190,0.36596084,-0.93054122,0.01286960,1.81572914,-0.01915821,0.00629292,0.99979675,0.83401871
6,1597238500314628400,1597238500314424500,-0.93046182,-0.36605996,-0.01552427,0.05355084,0.36588839,-0.93057013,0.01283780,1.81578732,-0.01914582,0.00626494,0.99979711,0.83396101
6,1597238500323440600,1597238500323326800,-0.93045580,-0.36607382,-0.01555997,0.05428362,0.36590186,-0.93056470,0.01284838,1.81580698,-0.01918298,0.00626142,0.99979645,0.83399677
6,1597238500332396900,1597238500332327800,-0.93043035,-0.36613530,-0.01563114,0.05496955,0.36596477,-0.93054128,0.01275073,1.81583250,-0.01921389,0.00614323,0.99979651,0.83410287
6,1597238500341655500,1597238500341553600,-0.93042189,-0.36615562,-0.01566333,0.05562019,0.36598471,-0.93053335,0.01275900,1.81585824,-0.01924700,0.00613871,0.99979597,0.83413076
6,1597238500350391500,1597238500350373500,-0.93045467,-0.36607105,-0.01569360,0.05627084,0.36590180,-0.93056726,0.01266257,1.81585526,-0.01923934,0.00603962,0.99979675,0.83412981
6,1597238500359623500,1597238500359596700,-0.93047047,-0.36602795,-0.01576036,0.05698645,0.36585873,-0.93058449,0.01263956,1.81581080,-0.01929271,0.00599468,0.99979591,0.83418441
6,1597238500368214700,1597238500368150900,-0.93044853,-0.36607838,-0.01588461,0.05758858,0.36590582,-0.93056417,0.01277544,1.81577229,-0.01945844,0.00607462,0.99979222,0.83413386
6,1597238500377362100,1597238500377259300,-0.93047482,-0.36600468,-0.01604190,0.05820179,0.36583197,-0.93059373,0.01273364,1.81577206,-0.01958907,0.00597969,0.99979031,0.83419347
6,1597238500386162500,1597238500386093200,-0.93046671,-0.36602506,-0.01604834,0.05894136,0.36585307,-0.93058604,0.01269248,1.81579208,-0.01958010,0.00593859,0.99979073,0.83416796
6,1597238500395253300,1597238500395125600,-0.93047065,-0.36601436,-0.01606104,0.05960262,0.36584252,-0.93059033,0.01268159,1.81573761,-0.01958787,0.00592405,0.99979055,0.83419847
6,1597238500404569200,1597238500404209200,-0.93049562,-0.36594793,-0.01612735,0.06027067,0.36577475,-0.93061632,0.01272990,1.81573713,-0.01966682,0.00594616,0.99978894,0.83423543
6,1597238500413178000,1597238500412987600,-0.93052149,-0.36588421,-0.01608366,0.06090736,0.36571348,-0.93064189,0.01261800,1.81578064,-0.01958480,0.00585930,0.99979103,0.83420134
6,1597238500422055800,1597238500421996900,-0.93050456,-0.36592519,-0.01612988,0.06166029,0.36575317,-0.93062562,0.01267036,1.81580615,-0.01964727,0.00589029,0.99978966,0.83426118
6,1597238500431291600,1597238500431085500,-0.93052620,-0.36586869,-0.01616421,0.06235647,0.36569571,-0.93064767,0.01270672,1.81577778,-0.01969215,0.00591274,0.99978864,0.83426929
6,1597238500440166100,1597238500440007700,-0.93048877,-0.36595911,-0.01627085,0.06309044,0.36578470,-0.93061209,0.01274930,1.81578946,-0.01980761,0.00591145,0.99978638,0.83425879
6,1597238500448953600,1597238500448910200,-0.93053359,-0.36584932,-0.01617691,0.06379318,0.36567593,-0.93065518,0.01272551,1.81578302,-0.01971075,0.00592600,0.99978822,0.83428907
6,1597238500458095300,1597238500458037900,-0.93052125,-0.36587402,-0.01632449,0.06455386,0.36569917,-0.93064564,0.01275495,1.81577229,-0.01985902,0.00589889,0.99978542,0.83433986
6,1597238500466947300,1597238500466880300,-0.93051505,-0.36589020,-0.01631966,0.06513977,0.36571413,-0.93063891,0.01281817,1.81570649,-0.01987770,0.00595920,0.99978471,0.83426929
6,1597238500475900700,1597238500475851500,-0.93051052,-0.36590031,-0.01634896,0.06587660,0.36572301,-0.93063468,0.01287030,1.81568193,-0.01992413,0.00599678,0.99978358,0.83430386
6,1597238500484846500,1597238500484782400,-0.93055648,-0.36578628,-0.01628405,0.06652427,0.36561075,-0.93067974,0.01280131,1.81574821,-0.01983777,0.00595872,0.99978548,0.83422446
6,1597238500494012800,1597238500493952200,-0.93052757,-0.36585277,-0.01644322,0.06724715,0.36567646,-0.93065405,0.01279308,1.81578064,-0.01998338,0.00589141,0.99978298,0.83428574
6,1597238500502567900,1597238500502466600,-0.93051571,-0.36588275,-0.01644629,0.06788039,0.36570662,-0.93064231,0.01278460,1.81581068,-0.01998326,0.00588176,0.99978304,0.83433318
6,1597238500511179500,1597238500511129400,-0.93049228,-0.36593837,-0.01653028,0.06853187,0.36575967,-0.93062007,0.01288696,1.81582057,-0.02009919,0.00594510,0.99978036,0.83429909
6,1597238500520321600,1597238500520115500,-0.93051988,-0.36586407,-0.01662377,0.06915164,0.36568531,-0.93064964,0.01286194,1.81584907,-0.02017659,0.00588922,0.99977911,0.83432341
6,1597238500529105600,1597238500529043500,-0.93051934,-0.36586857,-0.01655278,0.06983840,0.36568907,-0.93064731,0.01292204,1.81583261,-0.02013254,0.00597104,0.99977952,0.83433676
6,1597238500537992000,1597238500537896000,-0.93048751,-0.36594471,-0.01666102,0.07052076,0.36576360,-0.93061739,0.01296680,1.81583548,-0.02025014,0.00597146,0.99977714,0.83427715
6,1597238500547307000,1597238500547211700,-0.93051684,-0.36587027,-0.01665685,0.07120383,0.36569104,-0.93064719,0.01287404,1.81580365,-0.02021185,0.00588825,0.99977839,0.83434534
6,1597238500555982500,1597238500555866400,-0.93052804,-0.36584219,-0.01665038,0.07182086,0.36566257,-0.93065810,0.01289593,1.81578255,-0.02021363,0.00591163,0.99977821,0.83440733
6,1597238500564987900,1597238500564945200,-0.93053162,-0.36582923,-0.01673344,0.07245970,0.36564770,-0.93066293,0.01296695,1.81573033,-0.02031684,0.00594763,0.99977595,0.83428574
6,1597238500573936300,1597238500573911400,-0.93053544,-0.36581433,-0.01684675,0.07312202,0.36563241,-0.93066919,0.01295222,1.81572497,-0.02041683,0.00589278,0.99977422,0.83441067
6,1597238500583042000,1597238500582950100,-0.93057704,-0.36570650,-0.01689094,0.07379711,0.36552587,-0.93071210,0.01287514,1.81570530,-0.02042907,0.00580725,0.99977446,0.83441830
6,1597238500591811800,1597238500591784800,-0.93056411,-0.36574256,-0.01681721,0.07449687,0.36556098,-0.93069732,0.01294552,1.81568158,-0.02038646,0.00589892,0.99977487,0.83441520
6,1597238500601033500,1597238500600940100,-0.93056560,-0.36574048,-0.01678631,0.07523179,0.36555859,-0.93069792,0.01296838,1.81568515,-0.02036601,0.00593154,0.99977505,0.83442068
6,1597238500609739300,1597238500609596900,-0.93057609,-0.36571431,-0.01677531,0.07590497,0.36553285,-0.93070829,0.01295017,1.81569660,-0.02034897,0.00591920,0.99977547,0.83442235
6,1597238500618449800,1597238500618404100,-0.93058050,-0.36570328,-0.01677120,0.07660735,0.36552060,-0.93071228,0.01301068,1.81569016,-0.02036718,0.00597727,0.99977469,0.83442450
6,1597238500627685400,1597238500627534500,-0.93060023,-0.36565229,-0.01678294,0.07721019,0.36546785,-0.93073183,0.01309382,1.81552911,-0.02040818,0.00605150,0.99977344,0.83432531
6,1597238500636611500,1597238500636502100,-0.93059176,-0.36567092,-0.01684949,0.07791591,0.36548823,-0.93072528,0.01298806,1.81549537,-0.02043158,0.00592829,0.99977368,0.83439660
6,1597238500645429000,1597238500645380300,-0.93063956,-0.36555499,-0.01672474,0.07853973,0.36537087,-0.93076986,0.01309440,1.81559420,-0.02035359,0.00607543,0.99977440,0.83423543
6,1597238500654539400,1597238500654440400,-0.93066037,-0.36549720,-0.01683083,0.07925987,0.36531138,-0.93079251,0.01314520,1.81561220,-0.02047053,0.00608522,0.99977195,0.83423090
6,1597238500663358900,1597238500663230400,-0.93062520,-0.36558545,-0.01685476,0.07995141,0.36539835,-0.93075758,0.01320102,1.81568098,-0.02051377,0.00612651,0.99977082,0.83433938
6,1597238500672479600,1597238500672400700,-0.93064386,-0.36553887,-0.01683885,0.08059478,0.36535269,-0.93077606,0.01316227,1.81567907,-0.02048448,0.00609727,0.99977160,0.83435512
6,1597238500681402000,1597238500681381900,-0.93066996,-0.36547175,-0.01685047,0.08117318,0.36528587,-0.93080252,0.01314361,1.81572008,-0.02048811,0.00607711,0.99977165,0.83432031
6,1597238500690315800,1597238500690220600,-0.93067443,-0.36545202,-0.01703426,0.08182883,0.36526519,-0.93081075,0.01313637,1.81572962,-0.02065635,0.00600365,0.99976861,0.83435583
6,1597238500699201000,1597238500699144900,-0.93064404,-0.36552852,-0.01705033,0.08242643,0.36534044,-0.93078047,0.01319074,1.81567931,-0.02069166,0.00604671,0.99976766,0.83433080
6,1597238500708118900,1597238500708043000,-0.93066651,-0.36547026,-0.01707268,0.08307242,0.36528441,-0.93080407,0.01307697,1.81568027,-0.02067053,0.00593391,0.99976873,0.83429623
6,1597238500717079600,1597238500717014700,-0.93067807,-0.36544099,-0.01707044,0.08371329,0.36525440,-0.93081534,0.01311333,1.81567883,-0.02068156,0.00596924,0.99976838,0.83427858
6,1597238500726135200,1597238500726081000,-0.93064952,-0.36550850,-0.01718056,0.08447969,0.36532208,-0.93078935,0.01307362,1.81567752,-0.02076998,0.00589052,0.99976695,0.83430767
6,1597238500735088200,1597238500735002000,-0.93062818,-0.36555660,-0.01731044,0.08517444,0.36536932,-0.93077070,0.01307830,1.81567430,-0.02089289,0.00584634,0.99976468,0.83427453
6,1597238500743967900,1597238500743894900,-0.93063402,-0.36554092,-0.01732948,0.08598208,0.36535543,-0.93077743,0.01298638,1.81554663,-0.02087694,0.00575414,0.99976552,0.83439803
6,1597238500752970300,1597238500752911300,-0.93063110,-0.36554033,-0.01749712,0.08662856,0.36535463,-0.93077826,0.01295316,1.81554222,-0.02102080,0.00566196,0.99976301,0.83439517
6,1597238500762058600,1597238500762009800,-0.93058050,-0.36566684,-0.01754740,0.08745027,0.36548206,-0.93072897,0.01289572,1.81556571,-0.02104741,0.00558725,0.99976289,0.83452606
