3,1595940397941877600,1595940397941854800,0.71979499,0.07941975,-0.68962854,0.77332854,-0.69044077,-0.02115770,-0.72307938,1.34041667,-0.07201779,0.99661666,0.03960533,-0.17467153
3,1595940397951442200,1595940397951392200,0.71780485,0.07811096,-0.69184875,0.77195430,-0.69262123,-0.02112909,-0.72099185,1.35643935,-0.07093554,0.99672067,0.03893465,-0.16287351
3,1595940397960417000,1595940397960376300,0.71583873,0.07198596,-0.69454497,0.76996607,-0.69528198,-0.01836847,-0.71850222,1.37735510,-0.06447984,0.99723643,0.03690158,-0.14987898
3,1595940397969456700,1595940397969419600,0.71737587,0.07400662,-0.69274431,0.77003586,-0.69349635,-0.01918741,-0.72020453,1.39167356,-0.06659192,0.99707311,0.03755863,-0.14474893
3,1595940397978573600,1595940397978542500,0.71630460,0.07858737,-0.69334811,0.76893336,-0.69446898,-0.01650423,-0.71933329,1.40559053,-0.06797373,0.99677056,0.04275434,-0.13701499
3,1595940397987588000,1595940397987499900,0.71200413,0.07421218,-0.69824249,0.76649916,-0.69931936,-0.01464804,-0.71465915,1.42633033,-0.06326434,0.99713486,0.04146846,-0.12466633
3,1595940397996490900,1595940397996462900,0.71459687,0.07171606,-0.69585055,0.76604199,-0.69686335,-0.01389591,-0.71706921,1.43804383,-0.06109490,0.99732822,0.04004622,-0.11807013
3,1595940398005209600,1595940398005181700,0.71364135,0.07380232,-0.69661260,0.76339132,-0.69756770,-0.01619541,-0.71633571,1.44982505,-0.06414921,0.99714130,0.03992430,-0.11246836
3,1595940398014674700,1595940398014571100,0.71212298,0.07624096,-0.69790256,0.76270753,-0.69908255,-0.01436628,-0.71489656,1.46084929,-0.06453071,0.99698585,0.04306807,-0.10755062
3,1595940398023281900,1595940398023236000,0.71355069,0.07346103,-0.69674146,0.76092887,-0.69783241,-0.01384030,-0.71612728,1.47139537,-0.06225060,0.99720198,0.04138764,-0.10120821
3,1595940398032343000,1595940398032319900,0.71498132,0.07283554,-0.69533914,0.75772929,-0.69649488,-0.01228407,-0.71745652,1.48407173,-0.06079797,0.99726826,0.04194660,-0.09594750
3,1595940398041305500,1595940398041254900,0.71223205,0.07339881,-0.69809592,0.75724936,-0.69919723,-0.01371057,-0.71479726,1.49130750,-0.06203661,0.99720836,0.04155504,-0.09238124
3,1595940398050356900,1595940398050251000,0.71292776,0.07435550,-0.69728410,0.75625300,-0.69847399,-0.01289213,-0.71551919,1.49708569,-0.06219231,0.99714839,0.04274413,-0.08881676
3,1595940398059151400,1595940398059082800,0.71077198,0.07069451,-0.69986087,0.75516552,-0.70094955,-0.01216962,-0.71310693,1.50413573,-0.05892983,0.99742371,0.04090336,-0.08423007
3,1595940398068229800,1595940398068207400,0.71193135,0.07198283,-0.69854993,0.75512713,-0.69975102,-0.01110989,-0.71430033,1.50803185,-0.05917822,0.99734396,0.04246048,-0.08288872
3,1595940398077024600,1595940398076990700,0.70914143,0.07054250,-0.70152831,0.75542939,-0.70264125,-0.01174305,-0.71144730,1.51137948,-0.05842540,0.99743962,0.04123849,-0.08009493
3,1595940398086234600,1595940398086211800,0.70923507,0.07047566,-0.70144039,0.75578904,-0.70264214,-0.01015770,-0.71147084,1.51306987,-0.05726644,0.99746174,0.04231488,-0.07850564
3,1595940398095192000,1595940398095137700,0.70747197,0.06908162,-0.70335692,0.75603187,-0.70444506,-0.01123067,-0.70966959,1.51433706,-0.05692434,0.99754775,0.04071873,-0.07724142
3,1595940398104289700,1595940398104242200,0.70747006,0.06877883,-0.70338851,0.75631183,-0.70455247,-0.00966505,-0.70958596,1.51601636,-0.05560283,0.99758506,0.04162047,-0.07671106
3,1595940398113032000,1595940398112999700,0.70726973,0.06983758,-0.70348561,0.75655025,-0.70472133,-0.00919121,-0.70942461,1.51697540,-0.05601043,0.99751598,0.04271528,-0.07613778
3,1595940398122260300,1595940398122229400,0.70688838,0.06913941,-0.70393777,0.75617272,-0.70513874,-0.00930418,-0.70900822,1.51826859,-0.05557002,0.99756354,0.04217577,-0.07546139
3,1595940398131216600,1595940398131172100,0.70768583,0.06914172,-0.70313585,0.75549239,-0.70447552,-0.00673279,-0.70969623,1.52031696,-0.05380373,0.99758410,0.04394386,-0.07443810
3,1595940398140163600,1595940398139994300,0.70875549,0.06899291,-0.70207226,0.75504881,-0.70344579,-0.00592268,-0.71072417,1.52212620,-0.05319312,0.99759954,0.04433494,-0.07391119
3,1595940398149089400,1595940398148995600,0.70896649,0.06855712,-0.70190185,0.75436622,-0.70327562,-0.00554337,-0.71089560,1.52235174,-0.05262791,0.99763173,0.04428439,-0.07350409
3,1595940398158219500,1595940398158189900,0.70912564,0.06826827,-0.70176929,0.75355715,-0.70314246,-0.00530272,-0.71102911,1.52394724,-0.05226206,0.99765289,0.04424192,-0.07298160
3,1595940398167061700,1595940398166992200,0.71073586,0.06797376,-0.70016706,0.75261837,-0.70156431,-0.00450635,-0.71259177,1.52623403,-0.05159279,0.99767691,0.04448505,-0.07206595
3,1595940398176276900,1595940398176250600,0.71186024,0.06741031,-0.69907844,0.75230503,-0.70046723,-0.00412764,-0.71367252,1.52720881,-0.05099448,0.99771672,0.04428032,-0.07160759
3,1595940398185097400,1595940398185071400,0.71236861,0.06663920,-0.69863439,0.75175184,-0.69997638,-0.00435612,-0.71415257,1.52819324,-0.05063394,0.99776757,0.04354261,-0.07100368
3,1595940398194037700,1595940398193995000,0.71315324,0.06619908,-0.69787532,0.75178307,-0.69922507,-0.00378393,-0.71489155,1.52846360,-0.04996592,0.99779922,0.04358943,-0.07071888
3,1595940398202918300,1595940398202883800,0.71305782,0.06641632,-0.69795215,0.75201488,-0.69929099,-0.00419269,-0.71482474,1.52823472,-0.05040237,0.99778312,0.04345460,-0.07036769
3,1595940398212018400,1595940398211982700,0.71310228,0.06581397,-0.69796383,0.75238854,-0.69929594,-0.00380407,-0.71482205,1.52795589,-0.04970042,0.99782461,0.04331066,-0.07001686
3,1595940398220890700,1595940398220858400,0.71308446,0.06535666,-0.69802499,0.75275505,-0.69933844,-0.00378508,-0.71478063,1.52743530,-0.04935781,0.99785477,0.04300725,-0.06974959
3,1595940398230064600,1595940398229950100,0.71229941,0.06504734,-0.69885492,0.75295538,-0.70014799,-0.00396760,-0.71398664,1.52703714,-0.04921575,0.99787426,0.04271655,-0.06956303
3,1595940398239021300,1595940398238928400,0.71216816,0.06485543,-0.69900650,0.75330240,-0.70029187,-0.00396339,-0.71384555,1.52688777,-0.04906724,0.99788678,0.04259504,-0.06920385
3,1595940398247880800,1595940398247854000,0.71206945,0.06491641,-0.69910139,0.75330514,-0.70040071,-0.00373741,-0.71373999,1.52697527,-0.04894631,0.99788368,0.04280610,-0.06911016
3,1595940398256710000,1595940398256671800,0.71232587,0.06435986,-0.69889158,0.75291413,-0.70016414,-0.00378796,-0.71397179,1.52727389,-0.04859854,0.99791950,0.04236411,-0.06902003
3,1595940398265846400,1595940398265817600,0.71261078,0.06424133,-0.69861197,0.75261444,-0.69988954,-0.00356806,-0.71424210,1.52763772,-0.04837659,0.99792796,0.04241910,-0.06905401
3,1595940398274791500,1595940398274696600,0.71293259,0.06452521,-0.69825739,0.75210768,-0.69953883,-0.00372062,-0.71458483,1.52822995,-0.04870673,0.99790907,0.04248524,-0.06918991
3,1595940398283932800,1595940398283855300,0.71327478,0.06434105,-0.69792485,0.75174445,-0.69919121,-0.00385294,-0.71492428,1.52856994,-0.04868809,0.99792045,0.04223840,-0.06925559
3,1595940398292496000,1595940398292457200,0.71363479,0.06451795,-0.69754046,0.75134647,-0.69882482,-0.00361975,-0.71528363,1.52895892,-0.04867360,0.99790990,0.04250346,-0.06940639
3,1595940398301625500,1595940398301581200,0.71362758,0.06464522,-0.69753599,0.75128430,-0.69883984,-0.00333225,-0.71527034,1.52902985,-0.04856322,0.99790269,0.04279857,-0.06937599
3,1595940398310517400,1595940398310491000,0.71390957,0.06453619,-0.69725752,0.75122994,-0.69855225,-0.00340980,-0.71555084,1.52905750,-0.04855648,0.99790949,0.04264751,-0.06922591
3,1595940398319492400,1595940398319472300,0.71380860,0.06424040,-0.69738817,0.75148958,-0.69866776,-0.00346670,-0.71543777,1.52905345,-0.04837769,0.99792838,0.04240804,-0.06905425
3,1595940398328599200,1595940398328570000,0.71368450,0.06408449,-0.69752949,0.75169468,-0.69880420,-0.00343889,-0.71530467,1.52882946,-0.04823870,0.99793851,0.04232813,-0.06892562
3,1595940398338053700,1595940398338019100,0.71340495,0.06379670,-0.69784182,0.75221169,-0.69911116,-0.00330988,-0.71500528,1.52833581,-0.04792479,0.99795735,0.04223961,-0.06874347
3,1595940398347779100,1595940398347693500,0.71313006,0.06403773,-0.69810063,0.75240713,-0.69938511,-0.00322150,-0.71473771,1.52800655,-0.04801915,0.99794221,0.04248958,-0.06864429
3,1595940398356463100,1595940398356433100,0.71299750,0.06359249,-0.69827676,0.75257778,-0.69953644,-0.00335084,-0.71458900,1.52775431,-0.04778236,0.99797028,0.04209603,-0.06861436
3,1595940398365604000,1595940398365572200,0.71288890,0.06356152,-0.69839042,0.75260454,-0.69966722,-0.00297032,-0.71446264,1.52768254,-0.04748682,0.99797344,0.04235431,-0.06862020
3,1595940398374457500,1595940398374431000,0.71296608,0.06374063,-0.69829530,0.75245702,-0.69955802,-0.00341982,-0.71456754,1.52775574,-0.04793508,0.99796057,0.04215196,-0.06859481
3,1595940398383403000,1595940398383368800,0.71315444,0.06363256,-0.69811279,0.75226325,-0.69936502,-0.00353502,-0.71475589,1.52799988,-0.04794963,0.99796706,0.04198128,-0.06857407
3,1595940398392452200,1595940398392420000,0.71293217,0.06345271,-0.69835609,0.75189781,-0.69960427,-0.00347320,-0.71452200,1.52824545,-0.04776394,0.99797875,0.04191553,-0.06857097
3,1595940398401351200,1595940398401289600,0.71314329,0.06356601,-0.69813019,0.75166571,-0.69938332,-0.00345891,-0.71473837,1.52849865,-0.04784788,0.99797159,0.04199021,-0.06858599
3,1595940398410383700,1595940398410339800,0.71364015,0.06371773,-0.69760847,0.75149643,-0.69886416,-0.00351320,-0.71524566,1.52901244,-0.04802472,0.99796170,0.04202278,-0.06862795
3,1595940398419375600,1595940398419354900,0.71384025,0.06358885,-0.69741553,0.75138903,-0.69864613,-0.00391284,-0.71545660,1.52901411,-0.04822398,0.99796844,0.04163286,-0.06867170
3,1595940398428492200,1595940398428459600,0.71377963,0.06322340,-0.69751078,0.75142372,-0.69875050,-0.00340922,-0.71535730,1.52906573,-0.04760532,0.99799353,0.04174385,-0.06873751
3,1595940398437351200,1595940398437290200,0.71367347,0.06353881,-0.69759071,0.75161833,-0.69882786,-0.00374200,-0.71528006,1.52886605,-0.04805847,0.99797231,0.04173202,-0.06871152
3,1595940398446220800,1595940398446193900,0.71367133,0.06339686,-0.69760585,0.75166279,-0.69882381,-0.00401690,-0.71528250,1.52832854,-0.04814892,0.99798024,0.04143640,-0.06855738
3,1595940398455320300,1595940398455284800,0.71315587,0.06292704,-0.69817525,0.75195640,-0.69936806,-0.00416236,-0.71474952,1.52827489,-0.04788318,0.99800938,0.04104066,-0.06857467
3,1595940398464331700,1595940398464306200,0.71310312,0.06301457,-0.69822127,0.75210899,-0.69941962,-0.00412513,-0.71469933,1.52786541,-0.04791677,0.99800402,0.04113188,-0.06839848
3,1595940398473387100,1595940398473327700,0.71309000,0.06299019,-0.69823688,0.75234157,-0.69944960,-0.00380338,-0.71467173,1.52787971,-0.04767301,0.99800682,0.04134621,-0.06839466
3,1595940398482316300,1595940398482227800,0.71283180,0.06279908,-0.69851768,0.75232899,-0.69970578,-0.00416627,-0.71441889,1.52783799,-0.04777510,0.99801743,0.04097094,-0.06834078
3,1595940398491426900,1595940398491412100,0.71276563,0.06259225,-0.69860375,0.75225264,-0.69977087,-0.00443191,-0.71435356,1.52811933,-0.04780919,0.99802929,0.04064122,-0.06845081
3,1595940398500038900,1595940398499992500,0.71312022,0.06214010,-0.69828218,0.75216472,-0.69943255,-0.00438199,-0.71468508,1.52820230,-0.04747052,0.99805778,0.04033783,-0.06857371
3,1595940398509204400,1595940398509173700,0.71328515,0.06236023,-0.69809401,0.75198209,-0.69924521,-0.00454348,-0.71486735,1.52842402,-0.04775112,0.99804330,0.04036420,-0.06863749
3,1595940398518083300,1595940398518053300,0.71352553,0.06260423,-0.69782650,0.75172901,-0.69899321,-0.00441554,-0.71511459,1.52865100,-0.04785053,0.99802864,0.04060923,-0.06871176
3,1595940398527563200,1595940398527529800,0.71327955,0.06268225,-0.69807094,0.75152433,-0.69923192,-0.00461089,-0.71487993,1.52865231,-0.04802905,0.99802285,0.04054048,-0.06866860
3,1595940398537118400,1595940398537091200,0.71374208,0.06232090,-0.69763041,0.75158978,-0.69876730,-0.00478720,-0.71533293,1.52881765,-0.04791993,0.99804461,0.04013088,-0.06862032
3,1595940398546051400,1595940398546024000,0.71371061,0.06259319,-0.69763821,0.75164509,-0.69879264,-0.00465211,-0.71530908,1.52867079,-0.04801901,0.99802822,0.04041931,-0.06851542
3,1595940398555173800,1595940398555139900,0.71340340,0.06223838,-0.69798404,0.75177169,-0.69911551,-0.00484777,-0.71499223,1.52857089,-0.04788367,0.99804950,0.04005331,-0.06852007
3,1595940398563838400,1595940398563744700,0.71326929,0.06199715,-0.69814259,0.75195092,-0.69927299,-0.00467462,-0.71483940,1.52836466,-0.04758160,0.99806535,0.04001858,-0.06836605
3,1595940398572916000,1595940398572896800,0.71340054,0.06229101,-0.69798231,0.75210822,-0.69912016,-0.00475822,-0.71498829,1.52825856,-0.04785854,0.99804664,0.04015429,-0.06840181
3,1595940398581917700,1595940398581891700,0.71309626,0.06213053,-0.69830751,0.75216877,-0.69943076,-0.00494339,-0.71468318,1.52796018,-0.04785569,0.99805576,0.03993079,-0.06839681
3,1595940398590904500,1595940398590828800,0.71289670,0.06191001,-0.69853079,0.75219268,-0.69964480,-0.00496312,-0.71447355,1.52787316,-0.04770000,0.99806935,0.03977672,-0.06847870
3,1595940398599894400,1595940398599862400,0.71292919,0.06213137,-0.69847798,0.75218260,-0.69960278,-0.00491975,-0.71451497,1.52788699,-0.04783017,0.99805582,0.03995975,-0.06858087
3,1595940398608982000,1595940398608915500,0.71295863,0.06187887,-0.69847035,0.75199562,-0.69959146,-0.00478500,-0.71452695,1.52780318,-0.04755635,0.99807215,0.03987832,-0.06857693
3,1595940398617847500,1595940398617814900,0.71306354,0.06216620,-0.69833773,0.75198269,-0.69946897,-0.00480737,-0.71464670,1.52816200,-0.04778408,0.99805421,0.04005527,-0.06871521
3,1595940398626841200,1595940398626815400,0.71298635,0.06185309,-0.69844431,0.75172186,-0.69954389,-0.00521351,-0.71457058,1.52826715,-0.04783979,0.99807161,0.03955169,-0.06866860
3,1595940398635801100,1595940398635769100,0.71309286,0.06220973,-0.69830388,0.75166595,-0.69944590,-0.00461739,-0.71467054,1.52854466,-0.04768384,0.99805236,0.04021961,-0.06866443
3,1595940398644728500,1595940398644688200,0.71339321,0.06207189,-0.69800931,0.75165647,-0.69912022,-0.00513801,-0.71498555,1.52856648,-0.04796693,0.99805838,0.03973019,-0.06865525
3,1595940398653683700,1595940398653651100,0.71331948,0.06194585,-0.69809586,0.75167203,-0.69921196,-0.00492897,-0.71489733,1.52858484,-0.04772586,0.99806732,0.03979725,-0.06866860
3,1595940398662719700,1595940398662672100,0.71327031,0.06206701,-0.69813538,0.75176984,-0.69926190,-0.00481343,-0.71484929,1.52844453,-0.04772903,0.99806035,0.03996772,-0.06861317
3,1595940398671660000,1595940398671567300,0.71320814,0.06195405,-0.69820887,0.75189364,-0.69932091,-0.00502571,-0.71479011,1.52830768,-0.04779318,0.99806631,0.03974129,-0.06861675
3,1595940398680734600,1595940398680706800,0.71309608,0.06192727,-0.69832569,0.75200742,-0.69944435,-0.00487061,-0.71467042,1.52811170,-0.04765891,0.99806875,0.03984137,-0.06861854
3,1595940398689632900,1595940398689604700,0.71308118,0.06164262,-0.69836611,0.75213832,-0.69945866,-0.00518155,-0.71465415,1.52806640,-0.04767182,0.99808478,0.03942150,-0.06863701
3,1595940398698497100,1595940398698443900,0.71306634,0.06178086,-0.69836903,0.75215477,-0.69949293,-0.00463923,-0.71462435,1.52803814,-0.04739004,0.99807888,0.03990710,-0.06861889
3,1595940398707476600,1595940398707440900,0.71282852,0.06211080,-0.69858253,0.75220102,-0.69970977,-0.00485636,-0.71441060,1.52810597,-0.04776523,0.99805743,0.03999769,-0.06858599
3,1595940398716563700,1595940398716532000,0.71296084,0.06185734,-0.69847000,0.75215590,-0.69958353,-0.00492581,-0.71453381,1.52818382,-0.04763974,0.99807280,0.03976237,-0.06867635
3,1595940398725586700,1595940398725542600,0.71288514,0.06169986,-0.69856119,0.75195432,-0.69965404,-0.00523150,-0.71446258,1.52819228,-0.04773680,0.99808097,0.03943900,-0.06868505
3,1595940398734788000,1595940398734683100,0.71315551,0.06182764,-0.69827384,0.75182372,-0.69938147,-0.00501562,-0.71473092,1.52827632,-0.04769245,0.99807417,0.03966410,-0.06867278
3,1595940398743400800,1595940398743370800,0.71331310,0.06204874,-0.69809324,0.75178707,-0.69921625,-0.00486985,-0.71489352,1.52843308,-0.04775790,0.99806118,0.03991167,-0.06873500
3,1595940398752469800,1595940398752431500,0.71324897,0.06179967,-0.69818085,0.75174171,-0.69929063,-0.00494335,-0.71482027,1.52852833,-0.04762705,0.99807626,0.03969000,-0.06872559
3,1595940398761380800,1595940398761254700,0.71316832,0.06201667,-0.69824404,0.75161123,-0.69937235,-0.00473889,-0.71474171,1.52834857,-0.04763485,0.99806380,0.03999303,-0.06867254
3,1595940398770404500,1595940398770344100,0.71325594,0.06170428,-0.69818217,0.75170314,-0.69928777,-0.00495090,-0.71482307,1.52838588,-0.04756431,0.99808216,0.03961769,-0.06872153
3,1595940398779312200,1595940398779288700,0.71322519,0.06198823,-0.69818842,0.75176698,-0.69929081,-0.00525534,-0.71481794,1.52824640,-0.04797957,0.99806297,0.03959946,-0.06858182
3,1595940398788536000,1595940398788509500,0.71291173,0.06144909,-0.69855613,0.75194663,-0.69965512,-0.00489368,-0.71446389,1.52819562,-0.04732171,0.99809819,0.03950432,-0.06856108
3,1595940398797318000,1595940398797293400,0.71308696,0.06159163,-0.69836468,0.75207901,-0.69948101,-0.00463902,-0.71463603,1.52824378,-0.04725537,0.99809062,0.03977405,-0.06856060
3,1595940398806276100,1595940398806225800,0.71278995,0.06189043,-0.69864148,0.75208670,-0.69977003,-0.00464671,-0.71435302,1.52813506,-0.04745805,0.99807209,0.03999684,-0.06859171
3,1595940398815152900,1595940398815132200,0.71298027,0.06180745,-0.69845456,0.75203627,-0.69957864,-0.00466222,-0.71454030,1.52804613,-0.04742031,0.99807715,0.03991501,-0.06861973
3,1595940398824435100,1595940398824387800,0.71287119,0.06162483,-0.69858199,0.75195861,-0.69968730,-0.00490996,-0.71443230,1.52812552,-0.04745682,0.99808729,0.03961784,-0.06871688
3,1595940398833086900,1595940398833037300,0.71288484,0.06205044,-0.69853044,0.75186533,-0.69964767,-0.00501287,-0.71447039,1.52812326,-0.04783489,0.99806041,0.03983975,-0.06872153
3,1595940398842532700,1595940398842505400,0.71301800,0.06194201,-0.69840413,0.75183928,-0.69952035,-0.00493750,-0.71459556,1.52825451,-0.04771190,0.99806750,0.03980907,-0.06871629
3,1595940398851431500,1595940398851405800,0.71304959,0.06199379,-0.69836730,0.75174904,-0.69949609,-0.00471487,-0.71462077,1.52833676,-0.04759481,0.99806535,0.04000238,-0.06873870
3,1595940398860270100,1595940398860228200,0.71301472,0.06157266,-0.69844013,0.75165641,-0.69953340,-0.00511173,-0.71458155,1.52831018,-0.04756897,0.99808949,0.03942730,-0.06868482
3,1595940398869301000,1595940398869242000,0.71327752,0.06187293,-0.69814521,0.75171459,-0.69926316,-0.00483136,-0.71484792,1.52844000,-0.04760277,0.99807227,0.03981926,-0.06865442
3,1595940398878455300,1595940398878409700,0.71321470,0.06156079,-0.69823700,0.75175297,-0.69932920,-0.00511556,-0.71478134,1.52843738,-0.04757443,0.99809015,0.03940266,-0.06869173
3,1595940398887106700,1595940398887036700,0.71328509,0.06156904,-0.69816440,0.75176191,-0.69925624,-0.00512604,-0.71485269,1.52829146,-0.04759165,0.99808961,0.03939611,-0.06868124
3,1595940398896150000,1595940398896130300,0.71319395,0.06192022,-0.69822639,0.75185287,-0.69932109,-0.00536030,-0.71478748,1.52824497,-0.04800254,0.99806666,0.03947908,-0.06873071
3,1595940398905011400,1595940398904986500,0.71313637,0.06166532,-0.69830775,0.75190467,-0.69940108,-0.00518095,-0.71471053,1.52811062,-0.04769079,0.99808341,0.03943397,-0.06870639
3,1595940398914216300,1595940398914115800,0.71296370,0.06172891,-0.69847846,0.75200647,-0.69958848,-0.00489182,-0.71452916,1.52806795,-0.04752398,0.99808091,0.03969704,-0.06875587
3,1595940398922948800,1595940398922911300,0.71287125,0.06167460,-0.69857758,0.75197792,-0.69967365,-0.00514433,-0.71444398,1.52807260,-0.04765680,0.99808300,0.03948475,-0.06882584
3,1595940398932179000,1595940398932065600,0.71285611,0.06158381,-0.69860107,0.75185245,-0.69969356,-0.00514478,-0.71442449,1.52795982,-0.04759117,0.99808860,0.03942221,-0.06869614
3,1595940398940964800,1595940398940930600,0.71313125,0.06154292,-0.69832379,0.75194216,-0.69942212,-0.00497595,-0.71469140,1.52810383,-0.04745906,0.99809200,0.03949587,-0.06873429
3,1595940398950101400,1595940398950046200,0.71285653,0.06152070,-0.69860619,0.75177288,-0.69969147,-0.00524369,-0.71442580,1.52814198,-0.04761529,0.99809200,0.03930741,-0.06865573
3,1595940398958867700,1595940398958850000,0.71291155,0.06146922,-0.69855458,0.75183529,-0.69964439,-0.00510463,-0.71447295,1.52834785,-0.04748400,0.99809587,0.03936734,-0.06875992
3,1595940398968182700,1595940398968110800,0.71316332,0.06173100,-0.69827443,0.75174189,-0.69939017,-0.00476436,-0.71472412,1.52834010,-0.04744751,0.99808139,0.03977619,-0.06881356
3,1595940398976798400,1595940398976774000,0.71319902,0.06167322,-0.69824308,0.75166142,-0.69934475,-0.00501013,-0.71476686,1.52831435,-0.04758031,0.99808377,0.03955753,-0.06882739
3,1595940398986176600,1595940398986098000,0.71332711,0.06180740,-0.69810039,0.75166762,-0.69919997,-0.00515873,-0.71490747,1.52826285,-0.04778793,0.99807471,0.03953577,-0.06881380
3,1595940398994886700,1595940398994857200,0.71321791,0.06133205,-0.69825387,0.75162446,-0.69935483,-0.00474054,-0.71475887,1.52817059,-0.04714778,0.99810612,0.03951173,-0.06881022
3,1595940399003818500,1595940399003790100,0.71317178,0.06133821,-0.69830036,0.75171649,-0.69939131,-0.00496017,-0.71472168,1.52811980,-0.04730349,0.99810469,0.03936186,-0.06877792
3,1595940399012797600,1595940399012769200,0.71317923,0.06156490,-0.69827282,0.75178933,-0.69936639,-0.00509131,-0.71474510,1.52802825,-0.04755838,0.99809003,0.03942531,-0.06873870
3,1595940399021842100,1595940399021811500,0.71280974,0.06168665,-0.69863927,0.75181895,-0.69973785,-0.00510471,-0.71438140,1.52800369,-0.04763419,0.99808246,0.03952570,-0.06878746
3,1595940399030690900,1595940399030594900,0.71301180,0.06136826,-0.69846112,0.75185341,-0.69954938,-0.00504828,-0.71456635,1.52803755,-0.04737777,0.99810237,0.03933055,-0.06877220
3,1595940399039625300,1595940399039589900,0.71312571,0.06141262,-0.69834095,0.75192511,-0.69944185,-0.00481244,-0.71467322,1.52812445,-0.04725072,0.99810082,0.03952258,-0.06881809
3,1595940399048549400,1595940399048512400,0.71342784,0.06131947,-0.69804043,0.75193644,-0.69912136,-0.00514283,-0.71498448,1.52830744,-0.04743242,0.99810487,0.03920062,-0.06885982
3,1595940399057767100,1595940399057696800,0.71292830,0.06139052,-0.69854438,0.75172508,-0.69963241,-0.00507525,-0.71448487,1.52825546,-0.04740793,0.99810088,0.03933241,-0.06884372
3,1595940399066447700,1595940399066404200,0.71332198,0.06137673,-0.69814354,0.75183928,-0.69923836,-0.00490357,-0.71487170,1.52850890,-0.04729993,0.99810261,0.03941904,-0.06887484
3,1595940399075745900,1595940399075694800,0.71324223,0.06181912,-0.69818604,0.75175071,-0.69930160,-0.00483787,-0.71481031,1.52844834,-0.04756672,0.99807560,0.03977954,-0.06882572
3,1595940399084619300,1595940399084592500,0.71312851,0.06156440,-0.69832468,0.75170946,-0.69943476,-0.00474697,-0.71468061,1.52849078,-0.04731385,0.99809176,0.03967499,-0.06879556
3,1595940399093725300,1595940399093694200,0.71328080,0.06125737,-0.69819617,0.75172800,-0.69927883,-0.00506222,-0.71483105,1.52848637,-0.04732313,0.99810910,0.03922510,-0.06881392
3,1595940399102642100,1595940399102542200,0.71317351,0.06162640,-0.69827324,0.75175893,-0.69938022,-0.00486058,-0.71473318,1.52835560,-0.04744049,0.99808741,0.03963376,-0.06874180
3,1595940399111560200,1595940399111517300,0.71326804,0.06158004,-0.69818079,0.75179195,-0.69927865,-0.00500945,-0.71483159,1.52831697,-0.04751690,0.99808955,0.03948843,-0.06878400
3,1595940399120651800,1595940399120602800,0.71297449,0.06146767,-0.69849050,0.75179321,-0.69958800,-0.00493779,-0.71452934,1.52819180,-0.04736949,0.99809682,0.03948143,-0.06878304
3,1595940399129593400,1595940399129519500,0.71303695,0.06160805,-0.69841433,0.75183535,-0.69951016,-0.00508612,-0.71460444,1.52819705,-0.04757765,0.99808741,0.03946877,-0.06878805
3,1595940399138454600,1595940399138436000,0.71316236,0.06152362,-0.69829369,0.75193471,-0.69939595,-0.00487566,-0.71471769,1.52828681,-0.04737671,0.99809366,0.03955214,-0.06883872
3,1595940399147623400,1595940399147573200,0.71318907,0.06120593,-0.69829434,0.75193131,-0.69937015,-0.00516837,-0.71474087,1.52828908,-0.04735547,0.99811172,0.03911948,-0.06883407
3,1595940399156506000,1595940399156465900,0.71305186,0.06135051,-0.69842178,0.75188893,-0.69950980,-0.00503721,-0.71460515,1.52836919,-0.04735954,0.99810350,0.03932340,-0.06884801
3,1595940399165667800,1595940399165585400,0.71309733,0.06133441,-0.69837672,0.75182295,-0.69947374,-0.00483206,-0.71464193,1.52841949,-0.04720678,0.99810553,0.03945598,-0.06884456
3,1595940399174330900,1595940399174311000,0.71318668,0.06129155,-0.69828928,0.75178915,-0.69937760,-0.00497482,-0.71473497,1.52847481,-0.04728112,0.99810743,0.03931787,-0.06880164
3,1595940399183526300,1595940399183504300,0.71310526,0.06157293,-0.69834769,0.75173759,-0.69944113,-0.00510418,-0.71467191,1.52853775,-0.04756898,0.99808949,0.03942673,-0.06885302
3,1595940399192732000,1595940399192707700,0.71319085,0.06127583,-0.69828635,0.75175148,-0.69936049,-0.00526162,-0.71474969,1.52850151,-0.04747105,0.99810696,0.03910125,-0.06890166
3,1595940399201642700,1595940399201564500,0.71313113,0.06150045,-0.69832766,0.75178170,-0.69942445,-0.00497293,-0.71468914,1.52849269,-0.04742649,0.99809462,0.03946847,-0.06889915
3,1595940399210479800,1595940399210448400,0.71316135,0.06153577,-0.69829369,0.75180501,-0.69939500,-0.00490613,-0.71471846,1.52845716,-0.04740672,0.99809277,0.03953885,-0.06894803
3,1595940399219492600,1595940399219471900,0.71310228,0.06157298,-0.69835073,0.75178754,-0.69944251,-0.00513978,-0.71467030,1.52830946,-0.04759379,0.99808931,0.03940148,-0.06891239
3,1595940399228649700,1595940399228603700,0.71310663,0.06118906,-0.69837999,0.75187051,-0.69945860,-0.00509920,-0.71465480,1.52812254,-0.04729028,0.99811310,0.03916284,-0.06883168
3,1595940399237671500,1595940399237645700,0.71325803,0.06137241,-0.69820929,0.75192833,-0.69930547,-0.00487300,-0.71480626,1.52814102,-0.04727181,0.99810296,0.03944226,-0.06881809
3,1595940399246489100,1595940399246456600,0.71324211,0.06171998,-0.69819492,0.75196314,-0.69929492,-0.00508150,-0.71481514,1.52822614,-0.04766630,0.99808049,0.03953603,-0.06880867
3,1595940399255426700,1595940399255406000,0.71297228,0.06144606,-0.69849461,0.75193471,-0.69958389,-0.00509406,-0.71453226,1.52823353,-0.04746341,0.99809736,0.03935466,-0.06885958
3,1595940399264449100,1595940399264374100,0.71324444,0.06143603,-0.69821757,0.75185460,-0.69932300,-0.00473113,-0.71479005,1.52824402,-0.04721727,0.99809974,0.03958908,-0.06880915
3,1595940399273427600,1595940399273361200,0.71327668,0.06151525,-0.69817770,0.75185126,-0.69926578,-0.00516089,-0.71484309,1.52832711,-0.04757701,0.99809277,0.03933427,-0.06889045
3,1595940399282460800,1595940399282426600,0.71321154,0.06156777,-0.69823962,0.75176895,-0.69933474,-0.00505943,-0.71477634,1.52832484,-0.04753993,0.99809003,0.03944794,-0.06887436
3,1595940399291381700,1595940399291337600,0.71308804,0.06112337,-0.69840473,0.75174111,-0.69948107,-0.00509460,-0.71463293,1.52835715,-0.04723890,0.99811715,0.03912164,-0.06889892
3,1595940399300274200,1595940399300230800,0.71319592,0.06148083,-0.69826323,0.75177544,-0.69937336,-0.00467168,-0.71474117,1.52841353,-0.04720499,0.99809730,0.03966613,-0.06894946
3,1595940399309530600,1595940399309499700,0.71322072,0.06164290,-0.69822359,0.75179642,-0.69932914,-0.00490176,-0.71478289,1.52843857,-0.04748385,0.99808615,0.03961254,-0.06897020
3,1595940399318117700,1595940399318078300,0.71324384,0.06132342,-0.69822806,0.75184476,-0.69931608,-0.00500518,-0.71479493,1.52841485,-0.04732847,0.99810535,0.03931445,-0.06897140
3,1595940399327632000,1595940399327574300,0.71294814,0.06141084,-0.69852233,0.75184989,-0.69959486,-0.00541728,-0.71451914,1.52835786,-0.04766336,0.99809784,0.03910036,-0.06892776
3,1595940399336255800,1595940399336212900,0.71304053,0.06138908,-0.69843000,0.75192362,-0.69953698,-0.00466777,-0.71458107,1.52838743,-0.04712763,0.99810296,0.03961553,-0.06894600
3,1595940399345244100,1595940399345180900,0.71309447,0.06160676,-0.69835573,0.75190109,-0.69945359,-0.00503929,-0.71466017,1.52835870,-0.04754716,0.99808770,0.03949749,-0.06890905
3,1595940399354227500,1595940399354184100,0.71305448,0.06140666,-0.69841415,0.75193000,-0.69951487,-0.00481616,-0.71460176,1.52832603,-0.04724502,0.99810117,0.03952059,-0.06900120
3,1595940399363360500,1595940399363214900,0.71310282,0.06094842,-0.69840491,0.75194949,-0.69949013,-0.00476027,-0.71462631,1.52833879,-0.04687999,0.99812949,0.03923816,-0.06901062
3,1595940399372290100,1595940399372218300,0.71322238,0.06140727,-0.69824266,0.75193828,-0.69933885,-0.00490396,-0.71477342,1.52836037,-0.04731648,0.99810070,0.03944677,-0.06903088
3,1595940399381201200,1595940399381135600,0.71312290,0.06129010,-0.69835454,0.75186628,-0.69943255,-0.00519362,-0.71467966,1.52839613,-0.04742982,0.99810642,0.03916450,-0.06902111
3,1595940399390103100,1595940399390068500,0.71297377,0.06140512,-0.69849670,0.75183868,-0.69958311,-0.00511894,-0.71453279,1.52841520,-0.04745158,0.99809974,0.03930822,-0.06907296
3,1595940399399017400,1595940399398997200,0.71316898,0.06130403,-0.69830626,0.75183016,-0.69938791,-0.00512718,-0.71472383,1.52840054,-0.04739584,0.99810594,0.03921865,-0.06902778
3,1595940399407997000,1595940399407936200,0.71332031,0.06156307,-0.69812888,0.75182730,-0.69924212,-0.00467048,-0.71486962,1.52852273,-0.04727021,0.99809223,0.03971584,-0.06907845
3,1595940399417235500,1595940399417178700,0.71316671,0.06148585,-0.69829261,0.75178862,-0.69939220,-0.00489952,-0.71472120,1.52846932,-0.04736658,0.99809587,0.03950845,-0.06903064
3,1595940399425887400,1595940399425840700,0.71324939,0.06132700,-0.69822210,0.75177747,-0.69930708,-0.00507278,-0.71480328,1.52842236,-0.04737872,0.99810481,0.03926815,-0.06905043
3,1595940399435045800,1595940399434970900,0.71296138,0.06144187,-0.69850612,0.75180256,-0.69959950,-0.00500413,-0.71451759,1.52839589,-0.04739675,0.99809808,0.03941685,-0.06908667
3,1595940399444016700,1595940399443992700,0.71316278,0.06146628,-0.69829834,0.75185156,-0.69938689,-0.00511697,-0.71472490,1.52833951,-0.04750470,0.99809599,0.03933939,-0.06905603
3,1595940399453028500,1595940399452948100,0.71323478,0.06139651,-0.69823092,0.75189126,-0.69931328,-0.00518620,-0.71479642,1.52834034,-0.04750721,0.99809992,0.03923632,-0.06907952
3,1595940399461790400,1595940399461766400,0.71304411,0.06155883,-0.69841141,0.75183100,-0.69951892,-0.00479887,-0.71459788,1.52830219,-0.04734144,0.99809188,0.03963967,-0.06898355
3,1595940399470876400,1595940399470805800,0.71311039,0.06154521,-0.69834489,0.75182092,-0.69944453,-0.00495083,-0.71466964,1.52835202,-0.04744193,0.99809200,0.03951687,-0.06899440
3,1595940399479890000,1595940399479852100,0.71308166,0.06136636,-0.69838995,0.75180686,-0.69948304,-0.00494222,-0.71463203,1.52833498,-0.04730601,0.99810302,0.03940042,-0.06891501
3,1595940399488822500,1595940399488796300,0.71323472,0.06179263,-0.69819605,0.75184566,-0.69931310,-0.00478537,-0.71479940,1.52841353,-0.04751050,0.99807751,0.03979920,-0.06894243
3,1595940399497609600,1595940399497575200,0.71338373,0.06116310,-0.69809920,0.75180197,-0.69918740,-0.00486194,-0.71492183,1.52838492,-0.04712099,0.99811590,0.03929595,-0.06894207
3,1595940399506793300,1595940399506745500,0.71314174,0.06139775,-0.69832587,0.75184339,-0.69941336,-0.00508235,-0.71469927,1.52847314,-0.04743011,0.99810040,0.03931787,-0.06898224
3,1595940399515847900,1595940399515736400,0.71310711,0.06163488,-0.69834036,0.75186187,-0.69944537,-0.00491221,-0.71466911,1.52850509,-0.04747899,0.99808663,0.03960721,-0.06901503
3,1595940399524671200,1595940399524590700,0.71324730,0.06140723,-0.69821721,0.75186551,-0.69929594,-0.00527024,-0.71481282,1.52848411,-0.04757449,0.99809885,0.03918274,-0.06903028
3,1595940399533754900,1595940399533653400,0.71330237,0.06133227,-0.69816756,0.75191259,-0.69925541,-0.00501333,-0.71485430,1.52851653,-0.04734383,0.99810475,0.03931081,-0.06905019
3,1595940399542763300,1595940399542726600,0.71313500,0.06187477,-0.69829065,0.75186616,-0.69939357,-0.00515433,-0.71471810,1.52842116,-0.04782228,0.99807054,0.03959899,-0.06897843
3,1595940399551684800,1595940399551645500,0.71315926,0.06148328,-0.69830042,0.75191939,-0.69939262,-0.00505391,-0.71471977,1.52839315,-0.04747250,0.99809527,0.03939661,-0.06899071
3,1595940399561105900,1595940399561030700,0.71302933,0.06132657,-0.69844687,0.75194979,-0.69953918,-0.00492685,-0.71457714,1.52842760,-0.04726376,0.99810553,0.03938726,-0.06905520
3,1595940399570718200,1595940399570640100,0.71313381,0.06130517,-0.69834203,0.75189370,-0.69942909,-0.00501605,-0.71468431,1.52826667,-0.04731681,0.99810642,0.03930141,-0.06898618
3,1595940399579537700,1595940399579476100,0.71298605,0.06163212,-0.69846416,0.75196987,-0.69957578,-0.00477684,-0.71454239,1.52841592,-0.04737525,0.99808747,0.03971042,-0.06905270
3,1595940399588674200,1595940399588620800,0.71315879,0.06131430,-0.69831580,0.75190204,-0.69940072,-0.00506654,-0.71471173,1.52839029,-0.04736014,0.99810559,0.03926992,-0.06908059
3,1595940399597566200,1595940399597541800,0.71304208,0.06147691,-0.69842070,0.75181389,-0.69951671,-0.00497311,-0.71459883,1.52840483,-0.04740470,0.99809605,0.03945800,-0.06903362
3,1595940399606708200,1595940399606684500,0.71318716,0.06141048,-0.69827837,0.75178182,-0.69937158,-0.00497065,-0.71474087,1.52836919,-0.04736352,0.99810016,0.03940364,-0.06898868
3,1595940399615679300,1595940399615647000,0.71311545,0.06170297,-0.69832581,0.75179422,-0.69943911,-0.00479429,-0.71467602,1.52847242,-0.04744565,0.99808300,0.03973849,-0.06903565
3,1595940399624715300,1595940399624686200,0.71283764,0.06131180,-0.69864380,0.75173843,-0.69973779,-0.00488897,-0.71438295,1.52838778,-0.04721580,0.99810666,0.03941705,-0.06899405
3,1595940399633548200,1595940399633474100,0.71323591,0.06152426,-0.69821852,0.75185132,-0.69932765,-0.00472707,-0.71478552,1.52848327,-0.04727723,0.99809432,0.03965401,-0.06900609
3,1595940399642700000,1595940399642642600,0.71317047,0.06166755,-0.69827276,0.75187886,-0.69939083,-0.00466265,-0.71472418,1.52851367,-0.04733114,0.99808580,0.03980436,-0.06900668
3,1595940399651341600,1595940399651302200,0.71310180,0.06164356,-0.69834495,0.75184667,-0.69944942,-0.00493109,-0.71466500,1.52847862,-0.04749814,0.99808598,0.03960008,-0.06900275
3,1595940399660536900,1595940399660521700,0.71307713,0.06113062,-0.69841522,0.75188714,-0.69948888,-0.00515737,-0.71462482,1.52842736,-0.04728748,0.99811637,0.03908249,-0.06901431
3,1595940399669372000,1595940399669354600,0.71295637,0.06163066,-0.69849461,0.75189412,-0.69960105,-0.00488634,-0.71451688,1.52840281,-0.04744928,0.99808699,0.03963303,-0.06902671
3,1595940399678579500,1595940399678520300,0.71318191,0.06157812,-0.69826895,0.75193322,-0.69937998,-0.00473477,-0.71473426,1.52835286,-0.04731818,0.99809098,0.03968966,-0.06899130
3,1595940399687302100,1595940399687259200,0.71306890,0.06154666,-0.69838715,0.75181150,-0.69948167,-0.00506162,-0.71463257,1.52828610,-0.04751826,0.99809134,0.03944138,-0.06901920
3,1595940399696603600,1595940399696572300,0.71303499,0.06131009,-0.69844258,0.75181520,-0.69952667,-0.00508687,-0.71458828,1.52832103,-0.04736441,0.99810576,0.03926083,-0.06901133
3,1595940399705423000,1595940399705366200,0.71299428,0.06146104,-0.69847089,0.75190890,-0.69956851,-0.00492803,-0.71454841,1.52843165,-0.04735902,0.99809724,0.03948246,-0.06905413
3,1595940399714390000,1595940399714359900,0.71321297,0.06165050,-0.69823086,0.75178111,-0.69932640,-0.00511910,-0.71478409,1.52835393,-0.04764115,0.99808460,0.03946272,-0.06902909
3,1595940399723296000,1595940399723215600,0.71299565,0.06140094,-0.69847471,0.75165331,-0.69956714,-0.00498781,-0.71454936,1.52833748,-0.04735791,0.99810070,0.03939769,-0.06902802
3,1595940399732265200,1595940399732224100,0.71310008,0.06131287,-0.69837588,0.75173062,-0.69947219,-0.00482768,-0.71464342,1.52839017,-0.04718842,0.99810690,0.03944394,-0.06906414
3,1595940399741186800,1595940399741168800,0.71319586,0.06150810,-0.69826084,0.75168252,-0.69936121,-0.00490133,-0.71475154,1.52834415,-0.04738546,0.99809450,0.03952067,-0.06902301
3,1595940399750188200,1595940399750168900,0.71299011,0.06156220,-0.69846624,0.75175291,-0.69956118,-0.00506922,-0.71455467,1.52838588,-0.04753028,0.99809033,0.03945213,-0.06908607
3,1595940399759186000,1595940399759159300,0.71310741,0.06158533,-0.69834441,0.75184864,-0.69945008,-0.00485756,-0.71466488,1.52839756,-0.04740517,0.99808997,0.03961181,-0.06915462
3,1595940399768332700,1595940399768307900,0.71312571,0.06141298,-0.69834089,0.75182986,-0.69943434,-0.00497006,-0.71467948,1.52834535,-0.04736143,0.99810004,0.03940997,-0.06911290
3,1595940399777185700,1595940399777162300,0.71313906,0.06162160,-0.69830889,0.75192451,-0.69941461,-0.00488438,-0.71469939,1.52845979,-0.04745177,0.99808758,0.03961571,-0.06911099
3,1595940399786238500,1595940399786221600,0.71315694,0.06144533,-0.69830614,0.75190139,-0.69940454,-0.00489175,-0.71470916,1.52841616,-0.04733153,0.99809843,0.03948647,-0.06909192
3,1595940399795892500,1595940399795833700,0.71316779,0.06140210,-0.69829887,0.75186521,-0.69939172,-0.00497287,-0.71472120,1.52832484,-0.04735798,0.99810070,0.03939754,-0.06907845
3,1595940399804583600,1595940399804552600,0.71317279,0.06121387,-0.69831026,0.75182307,-0.69940960,-0.00467807,-0.71470571,1.52837002,-0.04701670,0.99811363,0.03947720,-0.06909680
3,1595940399813653300,1595940399813604200,0.71309400,0.06148883,-0.69836658,0.75180686,-0.69946319,-0.00496860,-0.71465123,1.52843249,-0.04741301,0.99809533,0.03946599,-0.06913030
3,1595940399822869000,1595940399822829400,0.71305740,0.06131106,-0.69841957,0.75172448,-0.69950873,-0.00497976,-0.71460664,1.52841806,-0.04729130,0.99810624,0.03933667,-0.06917095
3,1595940399831534500,1595940399831513500,0.71313959,0.06165701,-0.69830525,0.75172728,-0.69941413,-0.00484695,-0.71470010,1.52844918,-0.04745096,0.99808556,0.03966714,-0.06919312
3,1595940399840430200,1595940399840410000,0.71323895,0.06137759,-0.69822836,0.75172544,-0.69932950,-0.00477377,-0.71478343,1.52843165,-0.04720491,0.99810314,0.03951822,-0.06916595
3,1595940399849408100,1595940399849388700,0.71332467,0.06149990,-0.69813001,0.75177002,-0.69922966,-0.00490307,-0.71488023,1.52849591,-0.04738808,0.99809498,0.03950498,-0.06919694
3,1595940399858373300,1595940399858356400,0.71306151,0.06141492,-0.69840622,0.75172502,-0.69950527,-0.00485716,-0.71461082,1.52841878,-0.04728008,0.99810046,0.03949651,-0.06911242
3,1595940399867502500,1595940399867472200,0.71316200,0.06139187,-0.69830567,0.75180292,-0.69939840,-0.00496654,-0.71471465,1.52847922,-0.04734587,0.99810135,0.03939533,-0.06913996
3,1595940399876417400,1595940399876381500,0.71310467,0.06137566,-0.69836569,0.75174779,-0.69945151,-0.00510080,-0.71466178,1.52834380,-0.04742511,0.99810165,0.03929180,-0.06910634
3,1595940399885460700,1595940399885382400,0.71313459,0.06128335,-0.69834322,0.75178039,-0.69942868,-0.00503121,-0.71468461,1.52831554,-0.04731183,0.99810767,0.03927530,-0.06903017
3,1595940399894383200,1595940399894356700,0.71330535,0.06171520,-0.69813073,0.75186878,-0.69923609,-0.00496322,-0.71487355,1.52851892,-0.04758358,0.99808139,0.03961311,-0.06917524
3,1595940399903655200,1595940399903626300,0.71321243,0.06117167,-0.69827348,0.75175107,-0.69936144,-0.00488239,-0.71475142,1.52832198,-0.04713182,0.99811524,0.03929882,-0.06905937
3,1595940399912416000,1595940399912333500,0.71307689,0.06145794,-0.69838673,0.75191855,-0.69948083,-0.00499663,-0.71463382,1.52854121,-0.04740955,0.99809712,0.03942557,-0.06915319
3,1595940399921275300,1595940399921254600,0.71304506,0.06129192,-0.69843382,0.75187284,-0.69952708,-0.00487880,-0.71458936,1.52852750,-0.04720612,0.99810791,0.03939645,-0.06914270
3,1595940399930313200,1595940399930275500,0.71305698,0.06141990,-0.69841045,0.75187671,-0.69949859,-0.00509242,-0.71461576,1.52860904,-0.04744827,0.99809897,0.03933184,-0.06915116
