2,1595940397941833400,1595940397941666900,0.12323548,-0.24378160,-0.96196854,-0.05080700,0.02021636,0.96977311,-0.24316955,0.21912932,0.99217147,0.01051962,0.12443882,-0.71393919
2,1595940397951407400,1595940397951310800,0.12323548,-0.24378160,-0.96196854,-0.05080700,0.02021636,0.96977311,-0.24316955,0.21912932,0.99217147,0.01051962,0.12443882,-0.71393919
2,1595940397960385200,1595940397960304200,0.12339198,-0.24398993,-0.96189564,-0.05074394,0.02024266,0.96972024,-0.24337794,0.21927500,0.99215150,0.01055957,0.12459470,-0.71410072
2,1595940397969405700,1595940397969360000,0.12319834,-0.24385671,-0.96195424,-0.05083913,0.02016768,0.96975368,-0.24325098,0.21931291,0.99217707,0.01056775,0.12439006,-0.71414411
2,1595940397978507100,1595940397978450300,0.12323456,-0.24375767,-0.96197474,-0.05084294,0.01977778,0.96977443,-0.24320039,0.21933174,0.99218041,0.01094498,0.12433070,-0.71410882
2,1595940397987476200,1595940397987354500,0.12333359,-0.24400899,-0.96189833,-0.05084085,0.01986608,0.96971154,-0.24344379,0.21935964,0.99216634,0.01091566,0.12444550,-0.71410906
2,1595940397996434500,1595940397996362300,0.12341280,-0.24396873,-0.96189839,-0.05087101,0.01991476,0.96972203,-0.24339795,0.21924210,0.99215555,0.01088246,0.12453468,-0.71408176
2,1595940398005156500,1595940398005093000,0.12315000,-0.24367632,-0.96200615,-0.05073869,0.01982151,0.96979570,-0.24311197,0.21921897,0.99219006,0.01087084,0.12426037,-0.71402109
2,1595940398014495700,1595940398014364700,0.12337913,-0.24395111,-0.96190715,-0.05075818,0.02013217,0.96972895,-0.24335255,0.21904421,0.99215531,0.01065936,0.12455557,-0.71414268
2,1595940398023157300,1595940398023058700,0.12336431,-0.24388474,-0.96192586,-0.05070388,0.02003544,0.96974474,-0.24329761,0.21913385,0.99215913,0.01074165,0.12451822,-0.71415710
2,1595940398032295200,1595940398032234100,0.12320710,-0.24364519,-0.96200675,-0.05071974,0.01965104,0.96980149,-0.24310258,0.21900392,0.99218637,0.01104754,0.12427431,-0.71413159
2,1595940398041282600,1595940398041158900,0.12315390,-0.24366426,-0.96200871,-0.05071151,0.01959805,0.96979624,-0.24312785,0.21902537,0.99219400,0.01108866,0.12420954,-0.71412492
2,1595940398050219300,1595940398050160800,0.12331428,-0.24388964,-0.96193105,-0.05078733,0.01943639,0.96973699,-0.24337712,0.21918249,0.99217725,0.01131542,0.12432275,-0.71398103
2,1595940398059086800,1595940398058977000,0.12336371,-0.24391402,-0.96191853,-0.05074102,0.01964489,0.96973300,-0.24337612,0.21928334,0.99216700,0.01112701,0.12442153,-0.71403027
2,1595940398068184300,1595940398068131000,0.12309685,-0.24369456,-0.96200836,-0.05076766,0.01951883,0.96978790,-0.24316765,0.21918917,0.99220264,0.01115591,0.12413446,-0.71394432
2,1595940398076973600,1595940398076911100,0.12324169,-0.24358414,-0.96201777,-0.05070621,0.01953012,0.96981549,-0.24305657,0.21923923,0.99218446,0.01116638,0.12427892,-0.71406722
2,1595940398086112600,1595940398086072600,0.12328627,-0.24388175,-0.96193665,-0.05077779,0.01950242,0.96973979,-0.24336056,0.21917415,0.99217945,0.01124293,0.12431189,-0.71404064
2,1595940398095158600,1595940398095081300,0.12332221,-0.24390854,-0.96192527,-0.05076963,0.01965065,0.96973461,-0.24336940,0.21922064,0.99217206,0.01111041,0.12438277,-0.71405482
2,1595940398104257600,1595940398104184100,0.12310401,-0.24369907,-0.96200627,-0.05075026,0.01935207,0.96978480,-0.24319313,0.21917725,0.99220502,0.01132125,0.12410048,-0.71404195
2,1595940398112985900,1595940398112942800,0.12323786,-0.24359089,-0.96201652,-0.05073673,0.01932811,0.96981150,-0.24308862,0.21923470,0.99218887,0.01136378,0.12422565,-0.71402001
2,1595940398122196000,1595940398122137900,0.12331966,-0.24379903,-0.96195334,-0.05071360,0.01942704,0.96975976,-0.24328700,0.21918893,0.99217677,0.01131418,0.12432674,-0.71402454
2,1595940398131154900,1595940398131101300,0.12332895,-0.24379650,-0.96195281,-0.05071473,0.01947170,0.96976089,-0.24327897,0.21919584,0.99217474,0.01127249,0.12434672,-0.71402621
2,1595940398140028700,1595940398139938400,0.12327089,-0.24351797,-0.96203077,-0.05074167,0.01950805,0.96983188,-0.24299295,0.21915627,0.99218124,0.01118662,0.12430260,-0.71413183
2,1595940398148956100,1595940398148888000,0.12325545,-0.24353339,-0.96202886,-0.05074185,0.01950288,0.96982795,-0.24300897,0.21915984,0.99218327,0.01118986,0.12428617,-0.71412945
2,1595940398158141600,1595940398158045000,0.12333511,-0.24385163,-0.96193802,-0.05084646,0.01955766,0.96974790,-0.24332385,0.21909499,0.99217230,0.01119713,0.12437313,-0.71408582
2,1595940398167025700,1595940398166927700,0.12307048,-0.24357241,-0.96204263,-0.05074608,0.01946812,0.96981823,-0.24305058,0.21907425,0.99220693,0.01118320,0.12409788,-0.71403408
2,1595940398176245300,1595940398176153400,0.12316925,-0.24350862,-0.96204615,-0.05076975,0.01929267,0.96983206,-0.24300933,0.21916533,0.99219811,0.01137086,0.12415142,-0.71398795
2,1595940398185016700,1595940398184897000,0.12317453,-0.24349399,-0.96204919,-0.05076975,0.01930309,0.96983588,-0.24299334,0.21916461,0.99219722,0.01136008,0.12415925,-0.71398938
2,1595940398194003900,1595940398193936600,0.12328841,-0.24379510,-0.96195835,-0.05080068,0.01946087,0.96976125,-0.24327844,0.21915340,0.99217999,0.01127288,0.12430478,-0.71396971
2,1595940398202849300,1595940398202739000,0.12309850,-0.24364410,-0.96202093,-0.05084777,0.01941780,0.96979946,-0.24312945,0.21912932,0.99220443,0.01124855,0.12411189,-0.71396554
2,1595940398211984000,1595940398211905000,0.12321874,-0.24356177,-0.96202636,-0.05084449,0.01947248,0.96982056,-0.24304098,0.21914148,0.99218845,0.01121417,0.12424281,-0.71402383
2,1595940398220819200,1595940398220723600,0.12327085,-0.24387458,-0.96194047,-0.05088234,0.01942185,0.96974075,-0.24336325,0.21912122,0.99218297,0.01131694,0.12427726,-0.71400738
2,1595940398229915500,1595940398229857300,0.12329901,-0.24388245,-0.96193486,-0.05089313,0.01970162,0.96974182,-0.24333644,0.21916580,0.99217397,0.01105148,0.12437308,-0.71403325
2,1595940398238910800,1595940398238787000,0.12308481,-0.24364361,-0.96202278,-0.05084258,0.01964719,0.96980220,-0.24310009,0.21913028,0.99220163,0.01102090,0.12415482,-0.71399748
2,1595940398247819000,1595940398247749300,0.12330706,-0.24378429,-0.96195871,-0.05077976,0.01974550,0.96976709,-0.24323209,0.21902847,0.99217206,0.01099789,0.12439277,-0.71421313
2,1595940398256649700,1595940398256584300,0.12329220,-0.24378406,-0.96196067,-0.05078113,0.01974059,0.96976715,-0.24323229,0.21902919,0.99217403,0.01099899,0.12437717,-0.71421099
2,1595940398265765000,1595940398265685600,0.12310218,-0.24362203,-0.96202606,-0.05080754,0.01977149,0.96980900,-0.24306297,0.21886849,0.99219698,0.01090090,0.12420237,-0.71415067
2,1595940398274722200,1595940398274590300,0.12320163,-0.24354641,-0.96203244,-0.05080330,0.01963027,0.96982622,-0.24300554,0.21897840,0.99218744,0.01105374,0.12426505,-0.71405613
2,1595940398283867900,1595940398283798200,0.12330060,-0.24374515,-0.96196944,-0.05078381,0.01943882,0.96977359,-0.24323100,0.21898794,0.99217892,0.01129099,0.12431178,-0.71406543
2,1595940398292465400,1595940398292397400,0.12331630,-0.24376085,-0.96196347,-0.05078530,0.01959144,0.96977133,-0.24322787,0.21898532,0.99217397,0.01114772,0.12436423,-0.71406615
2,1595940398301562700,1595940398301492500,0.12309889,-0.24353838,-0.96204764,-0.05077451,0.01932413,0.96982515,-0.24303459,0.21897793,0.99220622,0.01132657,0.12409055,-0.71402502
2,1595940398310469900,1595940398310425800,0.12321256,-0.24342859,-0.96206087,-0.05075490,0.01927344,0.96985197,-0.24293156,0.21899438,0.99219310,0.01139001,0.12418965,-0.71405506
2,1595940398319456600,1595940398319418000,0.12328529,-0.24361025,-0.96200556,-0.05067438,0.01912483,0.96980411,-0.24313416,0.21903443,0.99218690,0.01157669,0.12422159,-0.71408999
2,1595940398328536100,1595940398328412400,0.12331098,-0.24361582,-0.96200085,-0.05066162,0.01933358,0.96980506,-0.24311392,0.21910429,0.99217969,0.01137971,0.12429757,-0.71413517
2,1595940398337962300,1595940398337888500,0.12310632,-0.24353094,-0.96204859,-0.05079043,0.01936778,0.96982747,-0.24302171,0.21910477,0.99220443,0.01128477,0.12410854,-0.71418452
2,1595940398347666400,1595940398347555600,0.12320371,-0.24345015,-0.96205652,-0.05078322,0.01933545,0.96984720,-0.24294543,0.21919727,0.99219298,0.01133000,0.12419599,-0.71415353
2,1595940398356415400,1595940398356371700,0.12327960,-0.24376346,-0.96196747,-0.05084777,0.01929539,0.96976739,-0.24326718,0.21916580,0.99218434,0.01142836,0.12425604,-0.71412039
2,1595940398365557000,1595940398365484500,0.12307814,-0.24351361,-0.96205658,-0.05076110,0.01947767,0.96983320,-0.24299018,0.21911430,0.99220580,0.01116817,0.12410833,-0.71404696
2,1595940398374420500,1595940398374325000,0.12317844,-0.24343003,-0.96206486,-0.05075443,0.01936412,0.96985269,-0.24292128,0.21920013,0.99219555,0.01129314,0.12417874,-0.71398008
2,1595940398383355500,1595940398383316000,0.12325974,-0.24365994,-0.96199626,-0.05073249,0.01946231,0.96979553,-0.24314168,0.21924019,0.99218357,0.01124693,0.12427893,-0.71396661
2,1595940398392420000,1595940398392332200,0.12329847,-0.24366993,-0.96198875,-0.05074704,0.01956643,0.96979403,-0.24313915,0.21912885,0.99217671,0.01115602,0.12434187,-0.71391022
2,1595940398401319600,1595940398401234200,0.12309787,-0.24352176,-0.96205199,-0.05077404,0.01952795,0.96983165,-0.24299233,0.21911526,0.99220234,0.01112495,0.12413968,-0.71386266
2,1595940398410351000,1595940398410217100,0.12320517,-0.24342394,-0.96206301,-0.05075526,0.01949631,0.96985567,-0.24289888,0.21912265,0.99218965,0.01116973,0.12423710,-0.71390355
2,1595940398419338300,1595940398419278100,0.12329397,-0.24374093,-0.96197134,-0.05081409,0.01940467,0.96977431,-0.24323095,0.21909952,0.99218041,0.01132218,0.12429703,-0.71385634
2,1595940398428458800,1595940398428355800,0.12332048,-0.24373467,-0.96196955,-0.05081075,0.01956514,0.96977758,-0.24320483,0.21913314,0.99217397,0.01117108,0.12436214,-0.71387482
2,1595940398437268400,1595940398437216200,0.12309951,-0.24353966,-0.96204722,-0.05080622,0.01945175,0.96982622,-0.24301992,0.21911025,0.99220365,0.01120215,0.12412240,-0.71382177
2,1595940398446158700,1595940398446093700,0.12322919,-0.24341433,-0.96206236,-0.05077815,0.01944884,0.96985751,-0.24289542,0.21905351,0.99218762,0.01122082,0.12424888,-0.71394002
2,1595940398455286700,1595940398455189600,0.12331269,-0.24371137,-0.96197647,-0.05086231,0.01940344,0.96978170,-0.24320151,0.21901107,0.99217814,0.01132419,0.12431522,-0.71389139
2,1595940398464272600,1595940398464226800,0.12335173,-0.24373104,-0.96196645,-0.05086005,0.01954508,0.96977824,-0.24320403,0.21897149,0.99217051,0.01119795,0.12438756,-0.71387947
2,1595940398473332300,1595940398473234400,0.12311788,-0.24351455,-0.96205121,-0.05083412,0.01943223,0.96983230,-0.24299726,0.21892786,0.99220175,0.01122252,0.12413572,-0.71381724
2,1595940398482189900,1595940398482065400,0.12324631,-0.24338798,-0.96206683,-0.05080849,0.01941196,0.96986365,-0.24287368,0.21889639,0.99218619,0.01125770,0.12425675,-0.71392024
2,1595940398491403500,1595940398491356800,0.12330353,-0.24364094,-0.96199548,-0.05085945,0.01946166,0.96980017,-0.24312311,0.21894670,0.99217814,0.01125592,0.12432144,-0.71394038
2,1595940398500005900,1595940398499895200,0.12307101,-0.24344091,-0.96207589,-0.05081433,0.01939613,0.96985066,-0.24292700,0.21892118,0.99220824,0.01123674,0.12408231,-0.71390808
2,1595940398509132300,1595940398509038600,0.12318237,-0.24331726,-0.96209288,-0.05081242,0.01923610,0.96987969,-0.24282366,0.21896505,0.99219757,0.01140469,0.12415256,-0.71387982
2,1595940398518017500,1595940398517934300,0.12327926,-0.24358080,-0.96201378,-0.05079275,0.01921935,0.96981269,-0.24309257,0.21896434,0.99218583,0.01147901,0.12423924,-0.71388304
2,1595940398527455400,1595940398527395000,0.12330792,-0.24362297,-0.96199942,-0.05078000,0.01940153,0.96980405,-0.24311258,0.21911383,0.99217874,0.01131346,0.12431117,-0.71394968
2,1595940398537062900,1595940398537016300,0.12311114,-0.24347538,-0.96206200,-0.05080742,0.01939712,0.96984184,-0.24296209,0.21910882,0.99220330,0.01125012,0.12412104,-0.71394420
2,1595940398545989200,1595940398545940200,0.12322631,-0.24334762,-0.96207958,-0.05077827,0.01940550,0.96987385,-0.24283355,0.21905899,0.99218881,0.01125386,0.12423626,-0.71405149
2,1595940398555124600,1595940398555083600,0.12332571,-0.24363804,-0.96199334,-0.05078822,0.01958724,0.96980226,-0.24310470,0.21894956,0.99217290,0.01113828,0.12437375,-0.71402562
2,1595940398563709800,1595940398563665700,0.12333881,-0.24364139,-0.96199083,-0.05078733,0.01958383,0.96980137,-0.24310866,0.21895003,0.99217135,0.01114528,0.12438558,-0.71402669
2,1595940398572877000,1595940398572830400,0.12324443,-0.24342969,-0.96205652,-0.05090809,0.01949782,0.96985412,-0.24290495,0.21903133,0.99218476,0.01117869,0.12427546,-0.71396029
2,1595940398581852900,1595940398581780400,0.12326161,-0.24346542,-0.96204525,-0.05090982,0.01950338,0.96984512,-0.24294047,0.21903467,0.99218249,0.01118211,0.12429306,-0.71396196
2,1595940398590827500,1595940398590757000,0.12337507,-0.24371080,-0.96196860,-0.05089557,0.01974182,0.96978545,-0.24315922,0.21904659,0.99216366,0.01100879,0.12445864,-0.71398199
2,1595940398599823200,1595940398599758900,0.12337279,-0.24371572,-0.96196765,-0.05089617,0.01972638,0.96978408,-0.24316609,0.21904778,0.99216425,0.01102395,0.12445258,-0.71398067
2,1595940398608880800,1595940398608821700,0.12330244,-0.24343632,-0.96204740,-0.05091649,0.01965413,0.96985406,-0.24289270,0.21899796,0.99217445,0.01104107,0.12436990,-0.71408379
2,1595940398617772000,1595940398617683000,0.12340472,-0.24360701,-0.96199107,-0.05084580,0.01963739,0.96981043,-0.24306802,0.21901464,0.99216205,0.01110476,0.12446299,-0.71411741
2,1595940398626763600,1595940398626720000,0.12344012,-0.24358743,-0.96199149,-0.05085331,0.01961938,0.96981508,-0.24305095,0.21891952,0.99215800,0.01112857,0.12449311,-0.71409476
2,1595940398635726000,1595940398635617300,0.12344012,-0.24358743,-0.96199149,-0.05085331,0.01961938,0.96981508,-0.24305095,0.21891952,0.99215800,0.01112857,0.12449311,-0.71409476
2,1595940398644654400,1595940398644602900,0.12331887,-0.24331719,-0.96207541,-0.05082905,0.01936408,0.96988082,-0.24280913,0.21895742,0.99217814,0.01131325,0.12431622,-0.71404552
2,1595940398653644500,1595940398653543900,0.12341179,-0.24351333,-0.96201390,-0.05079889,0.01936211,0.96983099,-0.24300820,0.21895766,0.99216658,0.01136347,0.12440350,-0.71405733
2,1595940398662659800,1595940398662545100,0.12343530,-0.24349439,-0.96201569,-0.05078781,0.01940637,0.96983618,-0.24298380,0.21888828,0.99216282,0.01132356,0.12443736,-0.71403122
2,1595940398671521900,1595940398671464400,0.12319005,-0.24329919,-0.96209651,-0.05075192,0.01935880,0.96988565,-0.24279016,0.21886253,0.99219424,0.01128431,0.12419024,-0.71400261
2,1595940398680674500,1595940398680629300,0.12337504,-0.24350068,-0.96202183,-0.05074394,0.01917743,0.96983212,-0.24301817,0.21894288,0.99217474,0.01153328,0.12432280,-0.71387970
2,1595940398689579600,1595940398689518400,0.12337238,-0.24348468,-0.96202618,-0.05074328,0.01918596,0.96983629,-0.24300092,0.21894121,0.99217492,0.01152221,0.12432250,-0.71387982
2,1595940398698464800,1595940398698388200,0.12342755,-0.24351105,-0.96201247,-0.05072403,0.01935633,0.96983147,-0.24300680,0.21896005,0.99216473,0.01137271,0.12441739,-0.71386695
2,1595940398707441500,1595940398707360300,0.12326968,-0.24339595,-0.96206182,-0.05083543,0.01932214,0.96986055,-0.24289322,0.21893620,0.99218506,0.01135230,0.12425733,-0.71388268
2,1595940398716521300,1595940398716473700,0.12343331,-0.24360187,-0.96198869,-0.05086023,0.01929028,0.96980774,-0.24310671,0.21897483,0.99216533,0.01145045,0.12440572,-0.71384954
2,1595940398725517400,1595940398725413500,0.12347536,-0.24360676,-0.96198207,-0.05086064,0.01944841,0.96980816,-0.24309228,0.21895337,0.99215698,0.01130690,0.12448517,-0.71384740
2,1595940398734644900,1595940398734540300,0.12329285,-0.24353246,-0.96202427,-0.05096942,0.01947932,0.96982783,-0.24301142,0.21894097,0.99217910,0.01122200,0.12431668,-0.71383429
2,1595940398743366000,1595940398743258100,0.12341061,-0.24342297,-0.96203691,-0.05095470,0.01940900,0.96985435,-0.24291120,0.21898460,0.99216580,0.01130566,0.12441491,-0.71382535
2,1595940398752446100,1595940398752375500,0.12349475,-0.24357444,-0.96198779,-0.05085981,0.01944120,0.96981621,-0.24306084,0.21902919,0.99215472,0.01131455,0.12450258,-0.71386063
2,1595940398761238900,1595940398761193700,0.12352828,-0.24356952,-0.96198469,-0.05087376,0.01959402,0.96981907,-0.24303707,0.21892428,0.99214756,0.01117281,0.12457259,-0.71380639
2,1595940398770372500,1595940398770289300,0.12329430,-0.24337210,-0.96206468,-0.05081660,0.01955957,0.96986920,-0.24283971,0.21888638,0.99217731,0.01112319,0.12433960,-0.71375203
2,1595940398779262200,1595940398779203700,0.12344039,-0.24325792,-0.96207482,-0.05078137,0.01961362,0.96989822,-0.24271947,0.21879196,0.99215811,0.01109163,0.12449578,-0.71393526
2,1595940398788505100,1595940398788421200,0.12348449,-0.24366401,-0.96196640,-0.05091959,0.01979232,0.96979755,-0.24310695,0.21881747,0.99214906,0.01098041,0.12457763,-0.71393239
2,1595940398797266200,1595940398797153000,0.12348183,-0.24365948,-0.96196789,-0.05091995,0.01978674,0.96979862,-0.24310304,0.21881771,0.99214953,0.01098461,0.12457373,-0.71393204
2,1595940398806243400,1595940398806164600,0.12334627,-0.24331149,-0.96207333,-0.05085170,0.01961872,0.96988505,-0.24277179,0.21882701,0.99216974,0.01107036,0.12440515,-0.71386361
2,1595940398815114800,1595940398815070400,0.12338837,-0.24363735,-0.96198547,-0.05091470,0.01956041,0.96980196,-0.24310808,0.21880627,0.99216563,0.01117989,0.12442793,-0.71383333
2,1595940398824403800,1595940398824330700,0.12337490,-0.24361531,-0.96199280,-0.05093646,0.01964663,0.96980852,-0.24307489,0.21882606,0.99216563,0.01108944,0.12443625,-0.71382689
2,1595940398833035300,1595940398832958900,0.12338787,-0.24362135,-0.96198958,-0.05093718,0.01963339,0.96980685,-0.24308279,0.21882868,0.99216425,0.01110636,0.12444551,-0.71382749
2,1595940398842446900,1595940398842371800,0.12325364,-0.24332693,-0.96208131,-0.05096334,0.01946266,0.96987963,-0.24280587,0.21885991,0.99218428,0.01120206,0.12427698,-0.71378124
2,1595940398851400300,1595940398851310800,0.12338057,-0.24347572,-0.96202743,-0.05087435,0.01945657,0.96984166,-0.24295807,0.21887875,0.99216866,0.01125856,0.12439682,-0.71382427
2,1595940398860223100,1595940398860158700,0.12338389,-0.24352877,-0.96201354,-0.05087876,0.01959063,0.96982974,-0.24299477,0.21895790,0.99216557,0.01113521,0.12443225,-0.71385145
2,1595940398869245900,1595940398869085500,0.12315226,-0.24330238,-0.96210051,-0.05085319,0.01953039,0.96988690,-0.24277148,0.21892738,0.99219555,0.01110767,0.12419555,-0.71382010
2,1595940398878419700,1595940398878316500,0.12329122,-0.24317247,-0.96211559,-0.05082750,0.01945508,0.96991843,-0.24265152,0.21894479,0.99217975,0.01119878,0.12431337,-0.71389616
2,1595940398886987300,1595940398886929200,0.12332709,-0.24349768,-0.96202868,-0.05089527,0.01942874,0.96983594,-0.24298309,0.21891499,0.99217582,0.01127541,0.12433789,-0.71385550
2,1595940398896117900,1595940398896055000,0.12335429,-0.24349846,-0.96202505,-0.05092674,0.01954834,0.96983701,-0.24296919,0.21878290,0.99217010,0.01116531,0.12439355,-0.71378386
2,1595940398904960300,1595940398904893600,0.12313151,-0.24329825,-0.96210420,-0.05088592,0.01947906,0.96988744,-0.24277350,0.21875834,0.99219912,0.01115219,0.12416291,-0.71374893
2,1595940398914077300,1595940398914016300,0.12322363,-0.24318556,-0.96212089,-0.05086100,0.01952700,0.96991611,-0.24265495,0.21872377,0.99218678,0.01111350,0.12426526,-0.71383142
2,1595940398922894000,1595940398922848600,0.12331775,-0.24350113,-0.96202904,-0.05091292,0.01966877,0.96983778,-0.24295637,0.21879983,0.99217224,0.01103892,0.12438758,-0.71385694
2,1595940398932026700,1595940398931965300,0.12312476,-0.24332292,-0.96209884,-0.05097413,0.01968446,0.96988350,-0.24277259,0.21878791,0.99219590,0.01095293,0.12420635,-0.71385825
2,1595940398940883900,1595940398940816200,0.12312720,-0.24332961,-0.96209681,-0.05097455,0.01967682,0.96988171,-0.24278033,0.21878934,0.99219579,0.01096187,0.12420677,-0.71385825
2,1595940398949993900,1595940398949917100,0.12333187,-0.24344386,-0.96204174,-0.05095792,0.01968459,0.96985239,-0.24289681,0.21874547,0.99217021,0.01101953,0.12440580,-0.71399510
2,1595940398958845500,1595940398958753200,0.12333894,-0.24344894,-0.96203953,-0.05095899,0.01981686,0.96985257,-0.24288543,0.21873927,0.99216670,0.01089264,0.12444497,-0.71399307
1,1595940398967916900,1595940398967836800,0.08782081,-0.24452962,-0.96565664,-0.07447082,0.05437405,0.96913362,-0.24046507,0.22260714,0.99465114,-0.03138882,0.09840617,-0.87904543
2,1595940398968100700,1595940398968002100,0.12313605,-0.24329086,-0.96210551,-0.05100995,0.01975604,0.96989232,-0.24273142,0.21872282,0.99219310,0.01088161,0.12423518,-0.71401143
1,1595940398976617700,1595940398976539700,0.08790883,-0.24448843,-0.96565902,-0.07446456,0.05429775,0.96914697,-0.24042852,0.22264576,0.99464750,-0.03129731,0.09847176,-0.87902862
2,1595940398976743400,1595940398976669100,0.12327071,-0.24317645,-0.96211720,-0.05099201,0.01969315,0.96992016,-0.24262546,0.21875572,0.99217761,0.01096151,0.12435165,-0.71401155
1,1595940398985895000,1595940398985833800,0.08792468,-0.24462979,-0.96562177,-0.07446909,0.05426858,0.96911281,-0.24057278,0.22265601,0.99464774,-0.03125063,0.09848465,-0.87906790
2,1595940398986050800,1595940398985942500,0.12335090,-0.24338542,-0.96205407,-0.05100286,0.01966077,0.96986681,-0.24284109,0.21876431,0.99216831,0.01103996,0.12441909,-0.71404302
1,1595940398994709500,1595940398994571500,0.08793005,-0.24464114,-0.96561843,-0.07449323,0.05429292,0.96910930,-0.24058159,0.22243714,0.99464589,-0.03127187,0.09849612,-0.87896562
2,1595940398994824600,1595940398994750300,0.12337928,-0.24342220,-0.96204114,-0.05102521,0.01970423,0.96985793,-0.24287303,0.21854448,0.99216390,0.01100923,0.12445681,-0.71392715
1,1595940399003721700,1595940399003672500,0.08779051,-0.24437720,-0.96569794,-0.07435262,0.05421221,0.96917641,-0.24032907,0.22238898,0.99466264,-0.03125400,0.09833273,-0.87889719
2,1595940399003784500,1595940399003735100,0.12308098,-0.24309713,-0.96216154,-0.05087906,0.01956053,0.96993917,-0.24255998,0.21847439,0.99220383,0.01103415,0.12413617,-0.71384931
1,1595940399012636800,1595940399012527400,0.08787208,-0.24432904,-0.96570271,-0.07434487,0.05415182,0.96919096,-0.24028414,0.22242570,0.99465871,-0.03118028,0.09839569,-0.87887341
2,1595940399012741800,1595940399012671400,0.12320537,-0.24302554,-0.96216369,-0.05086571,0.01948893,0.96995610,-0.24249819,0.21852517,0.99218976,0.01112555,0.12424010,-0.71384335
1,1595940399021678800,1595940399021605600,0.08790302,-0.24455687,-0.96564221,-0.07436657,0.05426395,0.96913093,-0.24050073,0.22266412,0.99464989,-0.03125881,0.09846016,-0.87897748
2,1595940399021776900,1595940399021714300,0.12329972,-0.24334081,-0.96207190,-0.05087984,0.01966724,0.96987832,-0.24279472,0.21871567,0.99217451,0.01101523,0.12437156,-0.71393514
1,1595940399030605100,1595940399030331900,0.08788501,-0.24455139,-0.96564525,-0.07436591,0.05429046,0.96913135,-0.24049318,0.22266340,0.99465001,-0.03128957,0.09844892,-0.87897772
2,1595940399030643900,1595940399030448300,0.12329622,-0.24332920,-0.96207529,-0.05087924,0.01966017,0.96988118,-0.24278387,0.21871495,0.99217510,0.01101978,0.12436657,-0.71393502
1,1595940399039468300,1595940399039422000,0.08790813,-0.24437341,-0.96568823,-0.07439357,0.05423063,0.96917772,-0.24031974,0.22272420,0.99465126,-0.03124381,0.09845113,-0.87893617
2,1595940399039557000,1595940399039504300,0.12319786,-0.24308270,-0.96215022,-0.05091280,0.01944105,0.96994114,-0.24256173,0.21877766,0.99219167,0.01117789,0.12422045,-0.71389103
1,1595940399048435800,1595940399048384100,0.08790269,-0.24454452,-0.96564537,-0.07436150,0.05417980,0.96913666,-0.24049668,0.22273660,0.99465454,-0.03117816,0.09843910,-0.87895179
2,1595940399048495600,1595940399048454800,0.12318841,-0.24306889,-0.96215492,-0.05091172,0.01944599,0.96994472,-0.24254708,0.21877646,0.99219275,0.01116894,0.12421266,-0.71388984
1,1595940399057559700,1595940399057438900,0.08792707,-0.24457400,-0.96563572,-0.07437098,0.05425600,0.96912712,-0.24051794,0.22262645,0.99464822,-0.03124348,0.09848212,-0.87890041
2,1595940399057703700,1595940399057594900,0.12331084,-0.24328427,-0.96208477,-0.05089122,0.01951950,0.96989089,-0.24275638,0.21870637,0.99217606,0.01115510,0.12434684,-0.71386480
1,1595940399066309000,1595940399066255500,0.08794038,-0.24456064,-0.96563786,-0.07437021,0.05429680,0.96912926,-0.24050008,0.22262383,0.99464482,-0.03128137,0.09850446,-0.87890339
2,1595940399066382000,1595940399066328000,0.12308013,-0.24308194,-0.96216547,-0.05085135,0.01944241,0.96994168,-0.24255945,0.21867776,0.99220622,0.01114744,0.12410665,-0.71383035
1,1595940399075486800,1595940399075441700,0.08785374,-0.24431789,-0.96570718,-0.07429045,0.05415599,0.96919346,-0.24027313,0.22265553,0.99466014,-0.03118992,0.09837855,-0.87879574
2,1595940399075599900,1595940399075506500,0.12317336,-0.24302900,-0.96216691,-0.05083096,0.01935654,0.96995384,-0.24251789,0.21877527,0.99219632,0.01124753,0.12417667,-0.71376848
1,1595940399084456400,1595940399084347600,0.08783837,-0.24452393,-0.96565646,-0.07430947,0.05411397,0.96914339,-0.24048454,0.22264409,0.99466377,-0.03113172,0.09836014,-0.87878585
2,1595940399084564200,1595940399084492300,0.12318543,-0.24302283,-0.96216691,-0.05083120,0.01936857,0.96995544,-0.24251030,0.21877384,0.99219459,0.01123796,0.12419139,-0.71377003
1,1595940399093589600,1595940399093524400,0.08784757,-0.24454424,-0.96565050,-0.07429975,0.05424864,0.96913415,-0.24049132,0.22259545,0.99465561,-0.03125864,0.09840227,-0.87873507
2,1595940399093659300,1595940399093602600,0.12330395,-0.24333659,-0.96207243,-0.05084807,0.01950938,0.96987760,-0.24281031,0.21873379,0.99217713,0.01117004,0.12433708,-0.71371281
1,1595940399102430300,1595940399102357900,0.08778859,-0.24452826,-0.96565986,-0.07439882,0.05423795,0.96913803,-0.24047820,0.22258258,0.99466139,-0.03126416,0.09834197,-0.87876230
2,1595940399102519900,1595940399102459500,0.12328853,-0.24331608,-0.96207958,-0.05084801,0.01949395,0.96988261,-0.24279140,0.21873212,0.99217933,0.01117868,0.12431860,-0.71371090
1,1595940399111443300,1595940399111399900,0.08792974,-0.24443316,-0.96567112,-0.07437932,0.05431195,0.96916044,-0.24037099,0.22248983,0.99464488,-0.03131171,0.09849368,-0.87887323
2,1595940399111500600,1595940399111460600,0.12321927,-0.24309643,-0.96214402,-0.05089658,0.01951397,0.96993846,-0.24256667,0.21865177,0.99218756,0.01111365,0.12425888,-0.71384776
1,1595940399120515300,1595940399120428800,0.08790858,-0.24454208,-0.96564549,-0.07427186,0.05422058,0.96913606,-0.24049000,0.22252679,0.99465173,-0.03121671,0.09845459,-0.87891793
2,1595940399120584200,1595940399120538000,0.12336044,-0.24325915,-0.96208477,-0.05082762,0.01959852,0.96989799,-0.24272171,0.21851635,0.99216837,0.01108684,0.12441456,-0.71381414
1,1595940399129416200,1595940399129369700,0.08792870,-0.24456331,-0.96563828,-0.07426333,0.05431877,0.96912783,-0.24050096,0.22231340,0.99464464,-0.03130533,0.09849853,-0.87884402
2,1595940399129515600,1595940399129430600,0.12335304,-0.24327907,-0.96208066,-0.05081159,0.01964074,0.96989346,-0.24273641,0.21849346,0.99216843,0.01104631,0.12441748,-0.71381366
1,1595940399138316000,1595940399138247600,0.08787750,-0.24457279,-0.96564054,-0.07446021,0.05434660,0.96912420,-0.24050933,0.22230530,0.99464762,-0.03134391,0.09845591,-0.87891263
2,1595940399138416200,1595940399138354500,0.12320342,-0.24322061,-0.96211463,-0.05097216,0.01964295,0.96990860,-0.24267553,0.21846843,0.99218696,0.01099970,0.12427363,-0.71384382
1,1595940399147465100,1595940399147358500,0.08797026,-0.24471593,-0.96559584,-0.07447141,0.05413141,0.96909600,-0.24067137,0.22240353,0.99465114,-0.03109713,0.09849845,-0.87875921
2,1595940399147571700,1595940399147474100,0.12339319,-0.24337438,-0.96205145,-0.05097669,0.01948838,0.96986759,-0.24285205,0.21860552,0.99216646,0.01121747,0.12441801,-0.71369922
1,1595940399156380500,1595940399156242600,0.08798368,-0.24470021,-0.96559858,-0.07445651,0.05427750,0.96909547,-0.24064071,0.22251201,0.99464202,-0.03123781,0.09854631,-0.87881279
2,1595940399156472900,1595940399156381000,0.12340505,-0.24340332,-0.96204257,-0.05097461,0.01965756,0.96986210,-0.24286014,0.21862578,0.99216163,0.01105877,0.12447059,-0.71370947
1,1595940399165437400,1595940399165365200,0.08782221,-0.24448842,-0.96566689,-0.07440865,0.05419115,0.96914965,-0.24044177,0.22247934,0.99466097,-0.03121446,0.09836198,-0.87876707
2,1595940399165547400,1595940399165471300,0.12316140,-0.24317539,-0.96213144,-0.05093360,0.01955152,0.96991915,-0.24264093,0.21861839,0.99219400,0.01107287,0.12421104,-0.71364939
1,1595940399174231400,1595940399174160500,0.08782214,-0.24449085,-0.96566629,-0.07440895,0.05421848,0.96914822,-0.24044152,0.22247815,0.99465954,-0.03124086,0.09836859,-0.87876898
2,1595940399174306900,1595940399174251300,0.12328498,-0.24309349,-0.96213633,-0.05091023,0.01951032,0.96993899,-0.24256492,0.21861243,0.99217945,0.01113303,0.12432174,-0.71370268
1,1595940399183401900,1595940399183323500,0.08787027,-0.24465434,-0.96562052,-0.07449406,0.05410109,0.96911150,-0.24061570,0.22243285,0.99466163,-0.03109815,0.09839216,-0.87871087
2,1595940399183469200,1595940399183423800,0.12334784,-0.24346711,-0.96203381,-0.05103117,0.01942395,0.96984357,-0.24295309,0.21857929,0.99217337,0.01128126,0.12435719,-0.71363294
1,1595940399192572600,1595940399192412000,0.08791598,-0.24469930,-0.96560496,-0.07447374,0.05426553,0.96909553,-0.24064311,0.22261882,0.99464864,-0.03124267,0.09847773,-0.87880808
2,1595940399192694500,1595940399192623200,0.12336380,-0.24345674,-0.96203434,-0.05101889,0.01965480,0.96984869,-0.24291389,0.21870708,0.99216682,0.01105820,0.12442932,-0.71370757
1,1595940399201463500,1595940399201376000,0.08778030,-0.24441946,-0.96568817,-0.07438529,0.05418048,0.96916682,-0.24037494,0.22259879,0.99466527,-0.03122125,0.09831653,-0.87874895
2,1595940399201559800,1595940399201471800,0.12314137,-0.24319099,-0.96213007,-0.05094504,0.01951742,0.96991485,-0.24266069,0.21871257,0.99219716,0.01110329,0.12418310,-0.71363854
1,1595940399210313600,1595940399210247600,0.08785725,-0.24435587,-0.96569729,-0.07437432,0.05413323,0.96918476,-0.24031340,0.22261643,0.99466103,-0.03116303,0.09837769,-0.87875587
2,1595940399210411200,1595940399210352700,0.12325899,-0.24307930,-0.96214324,-0.05092168,0.01948011,0.96994227,-0.24255410,0.21870995,0.99218327,0.01115433,0.12428931,-0.71369612
1,1595940399219361700,1595940399219317800,0.08790483,-0.24451332,-0.96565312,-0.07433474,0.05410948,0.96914667,-0.24047226,0.22262049,0.99465817,-0.03111231,0.09842317,-0.87876379
2,1595940399219455500,1595940399219398200,0.12335555,-0.24329311,-0.96207684,-0.05090588,0.01944226,0.96988767,-0.24277547,0.21873307,0.99217200,0.01124277,0.12437119,-0.71369743
1,1595940399228447400,1595940399228366800,0.08791851,-0.24451882,-0.96565044,-0.07432073,0.05425625,0.96914083,-0.24046281,0.22274828,0.99464893,-0.03125143,0.09847209,-0.87882888
2,1595940399228595800,1595940399228464800,0.12336690,-0.24332830,-0.96206647,-0.05089635,0.01961490,0.96988070,-0.24278945,0.21879935,0.99216723,0.01108136,0.12442403,-0.71373463
1,1595940399237539600,1595940399237438500,0.08795003,-0.24436834,-0.96568567,-0.07438582,0.05422778,0.96917939,-0.24031362,0.22270989,0.99464768,-0.03123139,0.09849092,-0.87896991
2,1595940399237619700,1595940399237522400,0.12320900,-0.24322532,-0.96211272,-0.05099851,0.01957740,0.96990669,-0.24268855,0.21881819,0.99218756,0.01106576,0.12426294,-0.71375179
1,1595940399246313400,1595940399246225600,0.08795276,-0.24435902,-0.96568781,-0.07438534,0.05421947,0.96918201,-0.24030501,0.22270751,0.99464792,-0.03122358,0.09849125,-0.87897027
2,1595940399246418200,1595940399246357200,0.12332806,-0.24310371,-0.96212822,-0.05096877,0.01959427,0.96993721,-0.24256518,0.21875954,0.99217248,0.01106291,0.12438391,-0.71387601
1,1595940399255314800,1595940399255268000,0.08798770,-0.24465485,-0.96560967,-0.07449263,0.05430003,0.96910608,-0.24059282,0.22272801,0.99464041,-0.03126341,0.09855418,-0.87896991
2,1595940399255389700,1595940399255349400,0.12339724,-0.24338987,-0.96204698,-0.05105865,0.01969798,0.96986598,-0.24284144,0.21874547,0.99216181,0.01101559,0.12447307,-0.71386433
1,1595940399264234000,1595940399264135400,0.08795130,-0.24464598,-0.96561527,-0.07449245,0.05430639,0.96910781,-0.24058443,0.22272921,0.99464333,-0.03127936,0.09852014,-0.87896556
2,1595940399264327300,1595940399264269700,0.12320390,-0.24321057,-0.96211714,-0.05104530,0.01964338,0.96991116,-0.24266535,0.21872211,0.99218690,0.01099809,0.12427431,-0.71384144
1,1595940399273287700,1595940399273241000,0.08794305,-0.24439208,-0.96568030,-0.07447344,0.05430661,0.96917093,-0.24032986,0.22269583,0.99464405,-0.03130747,0.09850396,-0.87904769
2,1595940399273382700,1595940399273302200,0.12334280,-0.24312520,-0.96212089,-0.05104506,0.01970732,0.96993303,-0.24257283,0.21870875,0.99216837,0.01095880,0.12442560,-0.71397781
1,1595940399282318200,1595940399282234300,0.08790382,-0.24465589,-0.96561706,-0.07453877,0.05423947,0.96910709,-0.24060251,0.22267389,0.99465114,-0.03122467,0.09845822,-0.87901539
2,1595940399282427000,1595940399282343900,0.12338868,-0.24340616,-0.96204400,-0.05108684,0.01965724,0.96986145,-0.24286287,0.21868730,0.99216366,0.01105541,0.12445461,-0.71395576
1,1595940399291274200,1595940399291224900,0.08795596,-0.24466816,-0.96560919,-0.07457072,0.05434276,0.96910119,-0.24060294,0.22269154,0.99464089,-0.03131140,0.09853417,-0.87904739
2,1595940399291350000,1595940399291283100,0.12342507,-0.24341477,-0.96203715,-0.05112797,0.01982993,0.96986109,-0.24285029,0.21866441,0.99215573,0.01089670,0.12453207,-0.71398365
1,1595940399300095600,1595940399300019600,0.08777545,-0.24442877,-0.96568626,-0.07446945,0.05427660,0.96916145,-0.24037494,0.22267795,0.99466044,-0.03131514,0.09833535,-0.87899989
2,1595940399300206000,1595940399300142400,0.12341318,-0.24340630,-0.96204078,-0.05112767,0.01981803,0.96986312,-0.24284311,0.21866417,0.99215740,0.01090430,0.12451772,-0.71398151
1,1595940399309361000,1595940399309226700,0.08782417,-0.24435998,-0.96569926,-0.07448125,0.05413841,0.96918333,-0.24031803,0.22279024,0.99466372,-0.03117568,0.09834698,-0.87890369
2,1595940399309459600,1595940399309399300,0.12328154,-0.24306822,-0.96214312,-0.05103713,0.01966259,0.96994704,-0.24252030,0.21877050,0.99217689,0.01098006,0.12435591,-0.71383476
1,1595940399318016400,1595940399317942700,0.08787157,-0.24450980,-0.96565700,-0.07443589,0.05413668,0.96914643,-0.24046707,0.22280717,0.99465960,-0.03114723,0.09839737,-0.87893200
2,1595940399318086800,1595940399318019300,0.12335359,-0.24328810,-0.96207833,-0.05100679,0.01961824,0.96989089,-0.24274835,0.21877170,0.99216878,0.01106961,0.12441240,-0.71384788
1,1595940399327474200,1595940399327384200,0.08792941,-0.24452940,-0.96564680,-0.07444918,0.05418743,0.96914041,-0.24047990,0.22261143,0.99465173,-0.03118065,0.09846637,-0.87883997
2,1595940399327588400,1595940399327482700,0.12337092,-0.24326520,-0.96208191,-0.05103260,0.01974338,0.96989805,-0.24270976,0.21859527,0.99216419,0.01094859,0.12446009,-0.71374416
1,1595940399336078700,1595940399336015500,0.08780240,-0.24440385,-0.96569014,-0.07446134,0.05414201,0.96917212,-0.24036241,0.22260237,0.99466544,-0.03118000,0.09832816,-0.87883317
2,1595940399336221300,1595940399336118400,0.12317433,-0.24311043,-0.96214622,-0.05103672,0.01970687,0.96993721,-0.24255614,0.21857214,0.99218935,0.01091581,0.12426230,-0.71372378
1,1595940399345091900,1595940399344991400,0.08792994,-0.24436492,-0.96568835,-0.07444596,0.05411923,0.96918350,-0.24032156,0.22262931,0.99465537,-0.03113084,0.09844510,-0.87879711
2,1595940399345154500,1595940399345092800,0.12328804,-0.24302065,-0.96215433,-0.05102837,0.01962564,0.96995860,-0.24247706,0.21861863,0.99217683,0.01101164,0.12435372,-0.71368456
1,1595940399354030300,1595940399353951500,0.08789567,-0.24446507,-0.96566617,-0.07439435,0.05406248,0.96916008,-0.24042876,0.22264361,0.99466151,-0.03107365,0.09840137,-0.87882179
2,1595940399354137100,1595940399354060500,0.12340260,-0.24325596,-0.96208018,-0.05098355,0.01976384,0.96990049,-0.24269822,0.21860027,0.99215984,0.01093520,0.12449592,-0.71369636
1,1595940399363155100,1595940399363073800,0.08796738,-0.24447791,-0.96565634,-0.07437164,0.05419210,0.96915340,-0.24042657,0.22259402,0.99464810,-0.03118124,0.09850266,-0.87879884
2,1595940399363244800,1595940399363156900,0.12339101,-0.24328168,-0.96207517,-0.05097681,0.01973338,0.96989369,-0.24272786,0.21860075,0.99216187,0.01096545,0.12447692,-0.71367037
1,1595940399372047200,1595940399371935600,0.08782162,-0.24429080,-0.96571696,-0.07432067,0.05412900,0.96920079,-0.24024962,0.22258282,0.99466443,-0.03117418,0.09834000,-0.87876934
2,1595940399372178200,1595940399372094300,0.12314662,-0.24306034,-0.96216244,-0.05091792,0.01967158,0.96994948,-0.24250974,0.21856904,0.99219346,0.01093701,0.12422738,-0.71363258
1,1595940399381065500,1595940399380997600,0.08790422,-0.24438851,-0.96568477,-0.07420933,0.05410201,0.96917796,-0.24034776,0.22256517,0.99465859,-0.03111789,0.09841675,-0.87884033
2,1595940399381152200,1595940399381079500,0.12336116,-0.24313268,-0.96211666,-0.05081862,0.01960007,0.96992987,-0.24259402,0.21854854,0.99216825,0.01106913,0.12441709,-0.71371984
1,1595940399389926200,1595940399389831400,0.08790151,-0.24437864,-0.96568751,-0.07420784,0.05408315,0.96918100,-0.24033980,0.22256303,0.99465990,-0.03110117,0.09840924,-0.87883842
2,1595940399390032500,1595940399389962900,0.12336994,-0.24316020,-0.96210855,-0.05081975,0.01960291,0.96992296,-0.24262151,0.21855164,0.99216706,0.01107208,0.12442598,-0.71371937
1,1595940399398921200,1595940399398877600,0.08786369,-0.24432175,-0.96570534,-0.07419997,0.05420673,0.96919096,-0.24027166,0.22264338,0.99465650,-0.03123656,0.09840058,-0.87892222
2,1595940399398979000,1595940399398938800,0.12319267,-0.24302045,-0.96216661,-0.05081701,0.01968065,0.96995956,-0.24246889,0.21860600,0.99218756,0.01093434,0.12427470,-0.71375334
1,1595940399407860100,1595940399407735400,0.08786369,-0.24432175,-0.96570534,-0.07419997,0.05420673,0.96919096,-0.24027166,0.22264338,0.99465650,-0.03123656,0.09840058,-0.87892222
2,1595940399407897600,1595940399407834400,0.12319267,-0.24302045,-0.96216661,-0.05081701,0.01968065,0.96995956,-0.24246889,0.21860600,0.99218756,0.01093434,0.12427470,-0.71375334
1,1595940399417042000,1595940399416977700,0.08793082,-0.24447665,-0.96566004,-0.07420444,0.05418793,0.96915352,-0.24042687,0.22254372,0.99465156,-0.03118618,0.09846615,-0.87900496
2,1595940399417140600,1595940399417077900,0.12336767,-0.24323641,-0.96208960,-0.05080765,0.01962396,0.96990395,-0.24269567,0.21852517,0.99216694,0.01106080,0.12442805,-0.71387422
1,1595940399425765900,1595940399425715700,0.08797117,-0.24450661,-0.96564877,-0.07420892,0.05427251,0.96914375,-0.24044730,0.22248554,0.99464339,-0.03125574,0.09852670,-0.87898272
2,1595940399425829300,1595940399425785300,0.12338457,-0.24323803,-0.96208704,-0.05081785,0.01975271,0.96990496,-0.24268135,0.21845126,0.99216229,0.01093932,0.12447590,-0.71383798
1,1595940399434910500,1595940399434789100,0.08788692,-0.24442877,-0.96567613,-0.07426673,0.05427122,0.96916252,-0.24037196,0.22243571,0.99465090,-0.03128286,0.09844217,-0.87902445
2,1595940399434950600,1595940399434913200,0.12318941,-0.24311861,-0.96214223,-0.05086607,0.01973020,0.96993536,-0.24256162,0.21840787,0.99218696,0.01089777,0.12428254,-0.71385193
1,1595940399443799100,1595940399443715600,0.08793274,-0.24440379,-0.96567827,-0.07428241,0.05410873,0.96917415,-0.24036154,0.22256541,0.99465573,-0.03111597,0.09844652,-0.87887388
2,1595940399443963000,1595940399443832200,0.12322147,-0.24310823,-0.96214074,-0.05086768,0.01974079,0.96993798,-0.24255018,0.21840668,0.99218279,0.01089398,0.12431633,-0.71385777
1,1595940399452817700,1595940399452746600,0.08794554,-0.24462767,-0.96562040,-0.07430488,0.05408032,0.96911943,-0.24058864,0.22253132,0.99465615,-0.03106236,0.09845928,-0.87884295
