5,1597239204965183000,1597239204964995200,-0.09574787,-0.99540424,-0.00165465,-0.65090835,-0.99457014,0.09573546,-0.04080407,1.81052327,0.04077496,-0.00226122,-0.99916583,-0.95217884
5,1597239204974548100,1597239204974459000,-0.09577388,-0.99540180,-0.00168258,-0.65088105,-0.99457133,0.09576279,-0.04071039,1.81056511,0.04068433,-0.00222555,-0.99916965,-0.95203590
5,1597239204983801500,1597239204983466100,-0.09564418,-0.99541432,-0.00162140,-0.65089250,-0.99457848,0.09563039,-0.04084632,1.81054723,0.04081408,-0.00229412,-0.99916416,-0.95173347
5,1597239204992481200,1597239204992413000,-0.09574395,-0.99540454,-0.00172061,-0.65090722,-0.99456626,0.09573402,-0.04090184,1.81054306,0.04087861,-0.00220490,-0.99916178,-0.95120442
5,1597239205001843600,1597239205001496600,-0.09568946,-0.99540991,-0.00166681,-0.65090030,-0.99457300,0.09567745,-0.04086913,1.81048417,0.04084102,-0.00225297,-0.99916315,-0.95053124
5,1597239205010576400,1597239205010465300,-0.09569493,-0.99540949,-0.00156632,-0.65086037,-0.99457139,0.09567872,-0.04090571,1.81044519,0.04086780,-0.00235662,-0.99916184,-0.94993520
5,1597239205019370100,1597239205019314100,-0.09575232,-0.99540406,-0.00155753,-0.65084600,-0.99456638,0.09573573,-0.04089426,1.81050110,0.04085543,-0.00236666,-0.99916232,-0.94909573
5,1597239205028542700,1597239205028442400,-0.09573954,-0.99540508,-0.00164184,-0.65081924,-0.99455935,0.09572597,-0.04108724,1.81068015,0.04105562,-0.00230077,-0.99915421,-0.94827342
5,1597239205037288000,1597239205037234900,-0.09593817,-0.99538600,-0.00166178,-0.65046084,-0.99455470,0.09592605,-0.04073172,1.81078196,0.04070320,-0.00225499,-0.99916881,-0.94736886
5,1597239205046265400,1597239205046210100,-0.09595117,-0.99538469,-0.00169614,-0.65061635,-0.99454212,0.09593983,-0.04100623,1.81055868,0.04097971,-0.00224772,-0.99915755,-0.94675958
5,1597239205055223900,1597239205055165400,-0.09590586,-0.99538881,-0.00180942,-0.65045702,-0.99454963,0.09589939,-0.04091858,1.81062698,0.04090343,-0.00212479,-0.99916089,-0.94603217
5,1597239205064211000,1597239205064146400,-0.09588683,-0.99539083,-0.00171742,-0.65064818,-0.99453473,0.09587569,-0.04133411,1.81081772,0.04130826,-0.00225535,-0.99914396,-0.94553959
5,1597239205073275300,1597239205073181700,-0.09603457,-0.99537635,-0.00184309,-0.65033042,-0.99451929,0.09602845,-0.04135110,1.81075621,0.04133691,-0.00213811,-0.99914306,-0.94464970
5,1597239205082213700,1597239205082160800,-0.09588742,-0.99539077,-0.00169206,-0.65045989,-0.99452657,0.09587477,-0.04153141,1.81049347,0.04150222,-0.00229958,-0.99913585,-0.94445646
5,1597239205091082400,1597239205091055200,-0.09583617,-0.99539518,-0.00199404,-0.65044075,-0.99453664,0.09583640,-0.04137872,1.81041753,0.04137929,-0.00198245,-0.99914163,-0.94377232
5,1597239205100213800,1597239205100170900,-0.09570017,-0.99540889,-0.00163999,-0.65074188,-0.99453229,0.09568481,-0.04183147,1.81076598,0.04179635,-0.00237226,-0.99912345,-0.94359827
5,1597239205109201900,1597239205109166700,-0.09597645,-0.99538219,-0.00172618,-0.65058601,-0.99447310,0.09596267,-0.04259501,1.81086719,0.04256396,-0.00237146,-0.99909103,-0.94292510
5,1597239205118195900,1597239205118161900,-0.09572612,-0.99540627,-0.00174361,-0.65061057,-0.99450350,0.09571365,-0.04244630,1.81048393,0.04241822,-0.00232917,-0.99909729,-0.94295871
5,1597239205127091500,1597239205126997700,-0.09549578,-0.99542844,-0.00169939,-0.65077758,-0.99448949,0.09547962,-0.04329265,1.81056046,0.04325699,-0.00244427,-0.99906111,-0.94239902
5,1597239205136214700,1597239205136152000,-0.09559704,-0.99541849,-0.00182459,-0.65062821,-0.99448240,0.09558636,-0.04321946,1.81064606,0.04319587,-0.00231713,-0.99906403,-0.94176364
5,1597239205145153400,1597239205145049600,-0.09547567,-0.99543041,-0.00166923,-0.65066564,-0.99451536,0.09545957,-0.04273881,1.81046081,0.04270287,-0.00242043,-0.99908495,-0.94111216
5,1597239205154193900,1597239205154134000,-0.09558938,-0.99541968,-0.00156137,-0.65055531,-0.99448860,0.09556761,-0.04311855,1.81050992,0.04307028,-0.00256887,-0.99906880,-0.94049823
5,1597239205163332200,1597239205162978600,-0.09551963,-0.99542624,-0.00165677,-0.65069598,-0.99450439,0.09550259,-0.04289775,1.81064403,0.04285978,-0.00244990,-0.99907815,-0.93991280
5,1597239205172326700,1597239205172145600,-0.09559377,-0.99541897,-0.00174698,-0.65071547,-0.99451101,0.09558130,-0.04256744,1.81076515,0.04253942,-0.00233179,-0.99909210,-0.93940985
5,1597239205180900700,1597239205180861500,-0.09549283,-0.99542850,-0.00180614,-0.65076220,-0.99451268,0.09548254,-0.04275019,1.81055307,0.04272722,-0.00228611,-0.99908423,-0.93878257
5,1597239205190051400,1597239205189933200,-0.09550250,-0.99542773,-0.00176990,-0.65073979,-0.99450111,0.09549006,-0.04300144,1.81051755,0.04297384,-0.00234661,-0.99907351,-0.93795490
5,1597239205198968300,1597239205198883000,-0.09536067,-0.99544132,-0.00175250,-0.65085793,-0.99450070,0.09534685,-0.04332850,1.81060743,0.04329808,-0.00238895,-0.99905938,-0.93760240
5,1597239205207985900,1597239205207925900,-0.09544143,-0.99543345,-0.00180152,-0.65097958,-0.99450099,0.09543009,-0.04313720,1.81059146,0.04311214,-0.00232545,-0.99906754,-0.93698692
5,1597239205216916600,1597239205216849800,-0.09536006,-0.99544120,-0.00183070,-0.65101063,-0.99449199,0.09534917,-0.04352239,1.81055295,0.04349855,-0.00232971,-0.99905086,-0.93633533
5,1597239205225866900,1597239205225834100,-0.09530033,-0.99544710,-0.00174323,-0.65104651,-0.99451882,0.09528684,-0.04304256,1.81051421,0.04301271,-0.00236830,-0.99907184,-0.93567657
5,1597239205234798800,1597239205234685200,-0.09518123,-0.99545825,-0.00190163,-0.65117151,-0.99451959,0.09517415,-0.04327374,1.81071925,0.04325820,-0.00222763,-0.99906152,-0.93529224
5,1597239205244080800,1597239205243980600,-0.09526723,-0.99545038,-0.00169471,-0.65121949,-0.99449730,0.09525028,-0.04361672,1.81077302,0.04357971,-0.00246984,-0.99904692,-0.93468189
5,1597239205252691200,1597239205252669300,-0.09521653,-0.99545491,-0.00186291,-0.65120900,-0.99449873,0.09520681,-0.04367938,1.81077945,0.04365822,-0.00230634,-0.99904394,-0.93411696
5,1597239205261911600,1597239205261851000,-0.09515583,-0.99546087,-0.00177297,-0.65124965,-0.99451292,0.09514268,-0.04349591,1.81085300,0.04346717,-0.00237569,-0.99905211,-0.93327510
5,1597239205270714500,1597239205270629600,-0.09520410,-0.99545592,-0.00194639,-0.65140110,-0.99449676,0.09519789,-0.04374303,1.81088805,0.04372956,-0.00222883,-0.99904096,-0.93269169
5,1597239205279633400,1597239205279602700,-0.09526526,-0.99545008,-0.00192863,-0.65151614,-0.99448925,0.09525813,-0.04378284,1.81075954,0.04376736,-0.00225300,-0.99903929,-0.93207788
5,1597239205288685700,1597239205288581600,-0.09533958,-0.99544293,-0.00197050,-0.65151173,-0.99447823,0.09533402,-0.04386863,1.81076968,0.04385659,-0.00222281,-0.99903548,-0.93167114
5,1597239205297959900,1597239205297798600,-0.09526687,-0.99544942,-0.00217324,-0.65160608,-0.99449152,0.09527061,-0.04370492,1.81086135,0.04371310,-0.00200236,-0.99904221,-0.93091679
5,1597239205306675200,1597239205306585800,-0.09544323,-0.99543297,-0.00199494,-0.65160066,-0.99446565,0.09543853,-0.04392656,1.81080651,0.04391634,-0.00220859,-0.99903286,-0.93007970
5,1597239205315770500,1597239205315682900,-0.09542647,-0.99543452,-0.00199330,-0.65167290,-0.99446648,0.09542166,-0.04394450,1.81090224,0.04393408,-0.00221121,-0.99903208,-0.92945528
5,1597239205324511600,1597239205324452800,-0.09528678,-0.99544746,-0.00220835,-0.65166879,-0.99448758,0.09529195,-0.04374781,1.81096554,0.04375909,-0.00197244,-0.99904025,-0.92901146
5,1597239205333504000,1597239205333477200,-0.09550828,-0.99542660,-0.00205338,-0.65163577,-0.99444681,0.09550546,-0.04420676,1.81085277,0.04420070,-0.00218013,-0.99902034,-0.92834520
5,1597239205342503500,1597239205342389700,-0.09539070,-0.99543780,-0.00208151,-0.65166026,-0.99446636,0.09538965,-0.04401664,1.81091583,0.04401439,-0.00212881,-0.99902868,-0.92769909
5,1597239205351542200,1597239205351505700,-0.09542111,-0.99543482,-0.00212622,-0.65160912,-0.99448371,0.09542296,-0.04354912,1.81082630,0.04355321,-0.00204101,-0.99904907,-0.92704976
5,1597239205360540500,1597239205360504200,-0.09539262,-0.99543744,-0.00214407,-0.65161765,-0.99448723,0.09539533,-0.04352932,1.81079745,0.04353527,-0.00202012,-0.99904990,-0.92640364
5,1597239205369773300,1597239205369517000,-0.09546693,-0.99543017,-0.00223544,-0.65169346,-0.99447334,0.09547325,-0.04367565,1.81090903,0.04368949,-0.00194651,-0.99904335,-0.92584252
5,1597239205378333900,1597239205378181000,-0.09556290,-0.99542105,-0.00217846,-0.65166086,-0.99446779,0.09556680,-0.04359813,1.81087112,0.04360670,-0.00199991,-0.99904680,-0.92532849
5,1597239205387329200,1597239205387284200,-0.09547235,-0.99542958,-0.00225559,-0.65169013,-0.99448031,0.09547988,-0.04350261,1.81093347,0.04351915,-0.00191015,-0.99905086,-0.92466235
5,1597239205396283700,1597239205396151600,-0.09548662,-0.99542803,-0.00234076,-0.65163016,-0.99448115,0.09549796,-0.04344341,1.81083906,0.04346833,-0.00182047,-0.99905318,-0.92386353
5,1597239205405300600,1597239205405249700,-0.09553158,-0.99542397,-0.00221524,-0.65175915,-0.99448991,0.09553797,-0.04315477,1.81089604,0.04316895,-0.00191963,-0.99906605,-0.92292118
5,1597239205414132600,1597239205414103400,-0.09550187,-0.99542665,-0.00228181,-0.65170407,-0.99449617,0.09551132,-0.04306903,1.81093884,0.04309000,-0.00184393,-0.99906957,-0.92230451
5,1597239205423215300,1597239205423158300,-0.09558461,-0.99541897,-0.00220510,-0.65161574,-0.99446160,0.09558947,-0.04368858,1.81091857,0.04369923,-0.00198308,-0.99904281,-0.92188692
5,1597239205432056900,1597239205431979000,-0.09564714,-0.99541283,-0.00223967,-0.65155327,-0.99444693,0.09565307,-0.04388323,1.81078482,0.04389618,-0.00197008,-0.99903423,-0.92118323
5,1597239205441148500,1597239205441095400,-0.09559762,-0.99541724,-0.00238910,-0.65162158,-0.99448299,0.09561148,-0.04314998,1.81085920,0.04318067,-0.00174913,-0.99906576,-0.92047930
5,1597239205449948700,1597239205449903900,-0.09566748,-0.99541104,-0.00217834,-0.65149623,-0.99445862,0.09567131,-0.04357759,1.81085289,0.04358603,-0.00200266,-0.99904770,-0.91991782
5,1597239205459280400,1597239205459161800,-0.09564695,-0.99541283,-0.00225881,-0.65146047,-0.99445921,0.09565426,-0.04360108,1.81071961,0.04361715,-0.00192398,-0.99904650,-0.91931939
5,1597239205468018200,1597239205467954600,-0.09543305,-0.99543285,-0.00245911,-0.65160990,-0.99449325,0.09544987,-0.04327262,1.81072640,0.04330972,-0.00168404,-0.99906033,-0.91877437
5,1597239205477081700,1597239205477039700,-0.09555459,-0.99542177,-0.00223503,-0.65148586,-0.99448133,0.09556154,-0.04329897,1.81071877,0.04331433,-0.00191471,-0.99905974,-0.91789091
5,1597239205486000900,1597239205485925800,-0.09554940,-0.99542224,-0.00222802,-0.65149993,-0.99448019,0.09555598,-0.04333834,1.81076205,0.04335286,-0.00192526,-0.99905807,-0.91729474
5,1597239205495222700,1597239205495199900,-0.09552515,-0.99542439,-0.00230396,-0.65147597,-0.99449146,0.09553543,-0.04312360,1.81072068,0.04314641,-0.00182810,-0.99906719,-0.91661835
5,1597239205503983300,1597239205503921900,-0.09545943,-0.99543017,-0.00253510,-0.65172154,-0.99449390,0.09547964,-0.04319091,1.81067371,0.04323560,-0.00160182,-0.99906367,-0.91596985
5,1597239205513044000,1597239205512996300,-0.09551110,-0.99542534,-0.00245196,-0.65159577,-0.99449807,0.09552801,-0.04298722,1.81081057,0.04302482,-0.00166729,-0.99907267,-0.91494918
5,1597239205521795200,1597239205521755800,-0.09555180,-0.99542153,-0.00243914,-0.65152591,-0.99449903,0.09556831,-0.04287520,1.81081724,0.04291201,-0.00167108,-0.99907756,-0.91418040
5,1597239205531683400,1597239205531629100,-0.09550074,-0.99542618,-0.00252938,-0.65153855,-0.99450916,0.09552138,-0.04274541,1.81086421,0.04279152,-0.00156671,-0.99908292,-0.91354311
5,1597239205540958700,1597239205540922600,-0.09546162,-0.99542999,-0.00249359,-0.65169668,-0.99449462,0.09548006,-0.04317387,1.81078458,0.04321467,-0.00164154,-0.99906451,-0.91280591
5,1597239205549934700,1597239205549893400,-0.09544864,-0.99543083,-0.00268626,-0.65168655,-0.99451870,0.09547622,-0.04262415,1.81095219,0.04268587,-0.00139686,-0.99908763,-0.91204977
5,1597239205558826300,1597239205558771100,-0.09548696,-0.99542737,-0.00259948,-0.65179902,-0.99450076,0.09551028,-0.04296464,1.81103981,0.04301646,-0.00151742,-0.99907327,-0.91142774
5,1597239205567857800,1597239205567749300,-0.09553940,-0.99542236,-0.00258994,-0.65185010,-0.99449295,0.09556215,-0.04303049,1.81107020,0.04308102,-0.00153545,-0.99907053,-0.91071999
5,1597239205576312300,1597239205576224500,-0.09547993,-0.99542803,-0.00259849,-0.65200394,-0.99449122,0.09550285,-0.04320142,1.81124139,0.04325208,-0.00154069,-0.99906313,-0.91025734
5,1597239205585847700,1597239205585707100,-0.09540495,-0.99543536,-0.00253356,-0.65202665,-0.99449396,0.09542495,-0.04331032,1.81111073,0.04335440,-0.00161245,-0.99905854,-0.90966380
5,1597239205594192500,1597239205594149200,-0.09548218,-0.99542785,-0.00257745,-0.65204412,-0.99448889,0.09550411,-0.04325178,1.81106436,0.04330019,-0.00156653,-0.99906093,-0.90888357
5,1597239205603317900,1597239205603247700,-0.09548341,-0.99542743,-0.00268334,-0.65203863,-0.99450511,0.09551049,-0.04286323,1.81110942,0.04292353,-0.00142413,-0.99907738,-0.90824759
5,1597239205612362000,1597239205612240400,-0.09543015,-0.99543262,-0.00268555,-0.65208358,-0.99449378,0.09545682,-0.04324395,1.81105125,0.04330280,-0.00145605,-0.99906099,-0.90764356
5,1597239205621175200,1597239205621115100,-0.09545711,-0.99542981,-0.00274980,-0.65204525,-0.99448138,0.09548624,-0.04346428,1.81100631,0.04352822,-0.00141436,-0.99905127,-0.90720856
5,1597239205630088800,1597239205630067200,-0.09558302,-0.99541783,-0.00270447,-0.65204000,-0.99446929,0.09561004,-0.04346861,1.81093073,0.04352802,-0.00146535,-0.99905115,-0.90639496
5,1597239205639162500,1597239205639098400,-0.09552118,-0.99542332,-0.00286710,-0.65211272,-0.99449778,0.09555603,-0.04293222,1.81099463,0.04300971,-0.00124961,-0.99907398,-0.90576065
5,1597239205648160300,1597239205648103700,-0.09553519,-0.99542201,-0.00284922,-0.65205586,-0.99447834,0.09556870,-0.04335268,1.81085372,0.04342651,-0.00130826,-0.99905586,-0.90496826
5,1597239205657123400,1597239205657071000,-0.09555294,-0.99542028,-0.00287196,-0.65205824,-0.99447477,0.09558738,-0.04339278,1.81085467,0.04346858,-0.00129020,-0.99905407,-0.90435755
5,1597239205666019400,1597239205665982300,-0.09545375,-0.99542975,-0.00288939,-0.65202457,-0.99451333,0.09548987,-0.04271888,1.81103671,0.04279956,-0.00120413,-0.99908304,-0.90399504
5,1597239205675090500,1597239205675025500,-0.09552985,-0.99542224,-0.00294277,-0.65208876,-0.99447984,0.09556748,-0.04331997,1.81069338,0.04340290,-0.00121185,-0.99905699,-0.90311170
5,1597239205684416800,1597239205684336400,-0.09548523,-0.99542636,-0.00301298,-0.65196913,-0.99449325,0.09552619,-0.04310258,1.81107259,0.04319327,-0.00111932,-0.99906623,-0.90226829
5,1597239205693019700,1597239205692960300,-0.09547351,-0.99542785,-0.00290263,-0.65198076,-0.99448848,0.09550953,-0.04325003,1.81099927,0.04332952,-0.00124261,-0.99906015,-0.90177655
5,1597239205702030700,1597239205701981000,-0.09547504,-0.99542749,-0.00295991,-0.65216506,-0.99449086,0.09551363,-0.04318562,1.81101310,0.04327087,-0.00117955,-0.99906278,-0.90111887
5,1597239205711171700,1597239205711081300,-0.09544448,-0.99542952,-0.00324205,-0.65210944,-0.99450392,0.09549553,-0.04292527,1.81112123,0.04303869,-0.00087279,-0.99907309,-0.90027308
5,1597239205719914900,1597239205719805300,-0.09541088,-0.99543250,-0.00330231,-0.65205705,-0.99450666,0.09546454,-0.04293012,1.81112623,0.04304930,-0.00081187,-0.99907273,-0.89957917
5,1597239205729206300,1597239205729141700,-0.09547001,-0.99542749,-0.00312245,-0.65201426,-0.99449241,0.09551567,-0.04314540,1.81120932,0.04324636,-0.00101385,-0.99906397,-0.89882660
5,1597239205737976800,1597239205737918800,-0.09537718,-0.99543595,-0.00324258,-0.65219355,-0.99452001,0.09542852,-0.04270034,1.81123197,0.04281490,-0.00084782,-0.99908268,-0.89798284
5,1597239205746989000,1597239205746935800,-0.09542320,-0.99543202,-0.00310251,-0.65213293,-0.99450153,0.09546816,-0.04304114,1.81127024,0.04314073,-0.00102171,-0.99906856,-0.89739072
5,1597239205755911300,1597239205755822000,-0.09535563,-0.99543816,-0.00320813,-0.65208447,-0.99451196,0.09540530,-0.04293859,1.81115341,0.04304879,-0.00090390,-0.99907261,-0.89660275
5,1597239205764799100,1597239205764752500,-0.09535078,-0.99543864,-0.00321376,-0.65200913,-0.99451631,0.09540077,-0.04284839,1.81132436,0.04295954,-0.00088951,-0.99907649,-0.89605784
5,1597239205773636700,1597239205773313700,-0.09534285,-0.99543917,-0.00328797,-0.65217382,-0.99451762,0.09539606,-0.04282773,1.81133211,0.04294607,-0.00081334,-0.99907714,-0.89523590
5,1597239205782371300,1597239205782265100,-0.09528513,-0.99544406,-0.00344416,-0.65225905,-0.99452996,0.09534521,-0.04265381,1.81125617,0.04278788,-0.00063893,-0.99908406,-0.89482880
5,1597239205791223500,1597239205791114000,-0.09539647,-0.99543417,-0.00321740,-0.65208626,-0.99451375,0.09544661,-0.04280564,1.81124377,0.04291730,-0.00088376,-0.99907833,-0.89420962
5,1597239205800306000,1597239205800257600,-0.09543992,-0.99542999,-0.00323048,-0.65206552,-0.99449897,0.09549037,-0.04305052,1.81117415,0.04316226,-0.00089604,-0.99906772,-0.89349687
5,1597239205809145900,1597239205809087000,-0.09534385,-0.99543893,-0.00332117,-0.65224290,-0.99451226,0.09539839,-0.04294666,1.81126595,0.04306762,-0.00079176,-0.99907190,-0.89287937
5,1597239205818316300,1597239205818286000,-0.09533189,-0.99543989,-0.00336525,-0.65224564,-0.99452204,0.09538848,-0.04274228,1.81122327,0.04286839,-0.00072789,-0.99908054,-0.89223635
5,1597239205827225500,1597239205827206400,-0.09539625,-0.99543357,-0.00339469,-0.65229750,-0.99450761,0.09545392,-0.04293215,1.81136966,0.04306015,-0.00071955,-0.99907231,-0.89159405
5,1597239205836178700,1597239205836100600,-0.09531806,-0.99544156,-0.00329340,-0.65249002,-0.99451160,0.09537136,-0.04302277,1.81139326,0.04314076,-0.00082552,-0.99906874,-0.89083612
5,1597239205845047700,1597239205844990700,-0.09534363,-0.99543905,-0.00327405,-0.65254521,-0.99450976,0.09539608,-0.04301035,1.81142426,0.04312652,-0.00084472,-0.99906933,-0.89020419
5,1597239205854229700,1597239205854149100,-0.09530112,-0.99544340,-0.00320622,-0.65255833,-0.99450821,0.09535056,-0.04314639,1.81144321,0.04325552,-0.00092328,-0.99906373,-0.88969898
5,1597239205863043500,1597239205863018700,-0.09543928,-0.99542993,-0.00326273,-0.65258920,-0.99450338,0.09549121,-0.04294625,1.81138015,0.04306156,-0.00085402,-0.99907213,-0.88899457
5,1597239205872164300,1597239205872089100,-0.09555887,-0.99541748,-0.00355771,-0.65262920,-0.99448758,0.09562336,-0.04301789,1.81139433,0.04316097,-0.00057265,-0.99906802,-0.88851976
5,1597239205880490100,1597239205880441700,-0.09551074,-0.99542212,-0.00355810,-0.65277046,-0.99448556,0.09557521,-0.04317176,1.81130779,0.04331420,-0.00058490,-0.99906141,-0.88808906
5,1597239205889817900,1597239205889633600,-0.09550889,-0.99542248,-0.00350100,-0.65268159,-0.99449170,0.09557097,-0.04303944,1.81133473,0.04317703,-0.00062895,-0.99906725,-0.88754213
5,1597239205898563300,1597239205898544100,-0.09557133,-0.99541640,-0.00350660,-0.65266705,-0.99448383,0.09563356,-0.04308188,1.81130302,0.04321977,-0.00063017,-0.99906552,-0.88708866
5,1597239205907561500,1597239205907471400,-0.09564869,-0.99540871,-0.00359967,-0.65275687,-0.99447852,0.09571490,-0.04302472,1.81126833,0.04317173,-0.00053552,-0.99906760,-0.88656271
5,1597239205916527300,1597239205916439000,-0.09557779,-0.99541563,-0.00357386,-0.65272278,-0.99449831,0.09564311,-0.04272524,1.81140244,0.04287119,-0.00052941,-0.99908054,-0.88580668
5,1597239205925585900,1597239205925536900,-0.09562545,-0.99541140,-0.00345427,-0.65275466,-0.99448490,0.09568544,-0.04294279,1.81126153,0.04307628,-0.00067124,-0.99907166,-0.88539255
5,1597239205934329200,1597239205934297300,-0.09569716,-0.99540412,-0.00358528,-0.65293074,-0.99447006,0.09576265,-0.04311380,1.81118309,0.04325900,-0.00056043,-0.99906385,-0.88493419
5,1597239205943417600,1597239205943351000,-0.09568156,-0.99540508,-0.00373077,-0.65279698,-0.99448836,0.09575352,-0.04270987,1.81140828,0.04287086,-0.00037634,-0.99908060,-0.88399971
5,1597239205952438600,1597239205952330900,-0.09572091,-0.99540198,-0.00353819,-0.65279806,-0.99448174,0.09578453,-0.04279410,1.81155050,0.04293624,-0.00057763,-0.99907774,-0.88342357
5,1597239205961676800,1597239205961514500,-0.09574116,-0.99540019,-0.00347796,-0.65272522,-0.99449700,0.09580242,-0.04239780,1.81140006,0.04253599,-0.00060043,-0.99909484,-0.88215399
5,1597239205970413500,1597239205970296600,-0.09579844,-0.99539483,-0.00344682,-0.65296048,-0.99448848,0.09585828,-0.04247069,1.81157017,0.04260552,-0.00064084,-0.99909186,-0.88174307
5,1597239205979416000,1597239205979296200,-0.09593704,-0.99538076,-0.00364435,-0.65297729,-0.99446535,0.09600507,-0.04268020,1.81163788,0.04283294,-0.00047049,-0.99908221,-0.88071454
5,1597239205988310400,1597239205988273700,-0.09585780,-0.99538827,-0.00370419,-0.65303808,-0.99449158,0.09592863,-0.04223947,1.81176925,0.04240002,-0.00036520,-0.99910069,-0.88003564
5,1597239205997725300,1597239205997441500,-0.09590867,-0.99538326,-0.00370112,-0.65294397,-0.99448448,0.09597932,-0.04229075,1.81171513,0.04245076,-0.00037536,-0.99909854,-0.87909603
5,1597239206006136400,1597239206006111400,-0.09602921,-0.99537170,-0.00369528,-0.65292019,-0.99445736,0.09609935,-0.04265402,1.81174731,0.04281173,-0.00042120,-0.99908316,-0.87838602
5,1597239206015218200,1597239206015166100,-0.09596884,-0.99537748,-0.00370938,-0.65298033,-0.99446517,0.09603966,-0.04260706,1.81175053,0.04276636,-0.00040010,-0.99908507,-0.87780547
5,1597239206024241000,1597239206024153400,-0.09602566,-0.99537188,-0.00373960,-0.65300113,-0.99444759,0.09609762,-0.04288548,1.81183779,0.04304638,-0.00039929,-0.99907315,-0.87725484
5,1597239206033175000,1597239206033126300,-0.09605429,-0.99536920,-0.00373578,-0.65291870,-0.99445450,0.09612615,-0.04266148,1.81171346,0.04282304,-0.00038272,-0.99908268,-0.87632358
5,1597239206042050600,1597239206041971000,-0.09613691,-0.99536085,-0.00382102,-0.65294838,-0.99445105,0.09621238,-0.04254681,1.81171179,0.04271707,-0.00029051,-0.99908721,-0.87571359
5,1597239206051171600,1597239206051106900,-0.09614712,-0.99536014,-0.00374785,-0.65302902,-0.99444097,0.09621937,-0.04276663,1.81171584,0.04292883,-0.00038487,-0.99907809,-0.87528145
5,1597239206060130600,1597239206060081100,-0.09622745,-0.99535221,-0.00380248,-0.65299565,-0.99445063,0.09630210,-0.04235326,1.81164742,0.04252260,-0.00029418,-0.99909556,-0.87438154
5,1597239206069326900,1597239206069131000,-0.09624948,-0.99535006,-0.00380790,-0.65305990,-0.99444813,0.09632432,-0.04236144,1.81183517,0.04253126,-0.00029048,-0.99909520,-0.87368333
5,1597239206078029100,1597239206077977400,-0.09617853,-0.99535733,-0.00369224,-0.65317523,-0.99444872,0.09624846,-0.04251983,1.81172633,0.04267780,-0.00041777,-0.99908882,-0.87312293
5,1597239206087148600,1597239206087075800,-0.09619358,-0.99535543,-0.00380665,-0.65319628,-0.99444157,0.09626835,-0.04264211,1.81179035,0.04281052,-0.00031641,-0.99908328,-0.87253392
5,1597239206096018700,1597239206095973700,-0.09626002,-0.99534893,-0.00383323,-0.65312397,-0.99444062,0.09633590,-0.04251094,1.81171143,0.04268250,-0.00028020,-0.99908870,-0.87154150
5,1597239206105433100,1597239206105270000,-0.09633508,-0.99534184,-0.00378287,-0.65324551,-0.99442953,0.09640870,-0.04260589,1.81179273,0.04277214,-0.00034270,-0.99908489,-0.87086689
5,1597239206114023800,1597239206113987900,-0.09622458,-0.99535215,-0.00387368,-0.65336204,-0.99443799,0.09630218,-0.04264874,1.81172454,0.04282356,-0.00025174,-0.99908268,-0.87023902
5,1597239206123220700,1597239206123014800,-0.09627695,-0.99534738,-0.00380212,-0.65340382,-0.99442363,0.09635137,-0.04287209,1.81179368,0.04303897,-0.00034666,-0.99907339,-0.86957908
5,1597239206132121300,1597239206131949600,-0.09625758,-0.99534917,-0.00383818,-0.65337157,-0.99443489,0.09633364,-0.04264950,1.81179929,0.04282090,-0.00028849,-0.99908280,-0.86874855
5,1597239206140978800,1597239206140901500,-0.09642342,-0.99533361,-0.00368944,-0.65334886,-0.99442154,0.09649297,-0.04260125,1.81185389,0.04275847,-0.00043890,-0.99908543,-0.86800396
5,1597239206149899100,1597239206149847700,-0.09638939,-0.99533683,-0.00371486,-0.65347403,-0.99440342,0.09645984,-0.04309675,1.81180477,0.04325413,-0.00046000,-0.99906409,-0.86748695
5,1597239206159115000,1597239206159050900,-0.09630807,-0.99534500,-0.00362861,-0.65340364,-0.99442273,0.09637502,-0.04283940,1.81191385,0.04298970,-0.00051740,-0.99907547,-0.86680639
5,1597239206168046900,1597239206167941600,-0.09642719,-0.99533367,-0.00358275,-0.65341097,-0.99440718,0.09649199,-0.04293767,1.81183004,0.04308302,-0.00057769,-0.99907136,-0.86604929
5,1597239206177078700,1597239206176987600,-0.09646840,-0.99532968,-0.00359094,-0.65340739,-0.99439472,0.09653340,-0.04313195,1.81179404,0.04327716,-0.00059009,-0.99906301,-0.86557364
5,1597239206185827200,1597239206185715200,-0.09646738,-0.99532968,-0.00360987,-0.65337008,-0.99438530,0.09653307,-0.04334995,1.81184125,0.04349597,-0.00059229,-0.99905354,-0.86499870
5,1597239206194753800,1597239206194697600,-0.09656192,-0.99532080,-0.00351983,-0.65328139,-0.99439597,0.09662391,-0.04290018,1.81178701,0.04303955,-0.00064242,-0.99907327,-0.86424673
5,1597239206203972900,1597239206203939200,-0.09663279,-0.99531305,-0.00377274,-0.65325361,-0.99437845,0.09670550,-0.04312255,1.81172895,0.04328528,-0.00041553,-0.99906278,-0.86348677
5,1597239206212839700,1597239206212748900,-0.09655413,-0.99532127,-0.00361368,-0.65329123,-0.99437946,0.09661995,-0.04329070,1.81171048,0.04343732,-0.00058651,-0.99905604,-0.86295462
5,1597239206221663600,1597239206221555000,-0.09656155,-0.99532056,-0.00359941,-0.65322292,-0.99438637,0.09662684,-0.04311520,1.81175494,0.04326125,-0.00058407,-0.99906373,-0.86219680
5,1597239206230737900,1597239206230687300,-0.09660523,-0.99531674,-0.00347048,-0.65311521,-0.99437934,0.09666484,-0.04319188,1.81178761,0.04332508,-0.00072154,-0.99906087,-0.86156094
5,1597239206239571300,1597239206239459200,-0.09663554,-0.99531323,-0.00363621,-0.65309405,-0.99437469,0.09670229,-0.04321634,1.81176829,0.04336543,-0.00056049,-0.99905920,-0.86077964
5,1597239206248611700,1597239206248558000,-0.09654030,-0.99532229,-0.00369197,-0.65310889,-0.99438614,0.09660960,-0.04315948,1.81178486,0.04331428,-0.00049537,-0.99906147,-0.86026311
5,1597239206257471600,1597239206257449300,-0.09649801,-0.99532700,-0.00352427,-0.65306640,-0.99438798,0.09656003,-0.04322777,1.81173754,0.04336608,-0.00066686,-0.99905908,-0.85973692
5,1597239206266568400,1597239206266522600,-0.09644439,-0.99533176,-0.00363871,-0.65297329,-0.99440253,0.09651155,-0.04300041,1.81172132,0.04315086,-0.00052878,-0.99906850,-0.85902524
5,1597239206275482500,1597239206275401700,-0.09650732,-0.99532586,-0.00358185,-0.65326965,-0.99439329,0.09657192,-0.04307866,1.81170821,0.04322322,-0.00059563,-0.99906534,-0.85829878
5,1597239206284497500,1597239206284458400,-0.09651772,-0.99532521,-0.00347716,-0.65320843,-0.99438524,0.09657766,-0.04325203,1.81167722,0.04338566,-0.00071698,-0.99905825,-0.85765243
5,1597239206293660300,1597239206293631400,-0.09643348,-0.99533325,-0.00353354,-0.65317875,-0.99440569,0.09649614,-0.04296292,1.81167042,0.04310341,-0.00062928,-0.99907047,-0.85695946
5,1597239206302451500,1597239206302397100,-0.09644720,-0.99533170,-0.00358549,-0.65345222,-0.99440402,0.09651208,-0.04296541,1.81177270,0.04311088,-0.00057849,-0.99907023,-0.85641766
5,1597239206311368200,1597239206311309500,-0.09646158,-0.99533069,-0.00347221,-0.65347034,-0.99438560,0.09652128,-0.04336920,1.81172252,0.04350185,-0.00073075,-0.99905312,-0.85577166
5,1597239206320428500,1597239206320301600,-0.09642126,-0.99533427,-0.00357330,-0.65348369,-0.99441332,0.09648573,-0.04280889,1.81172431,0.04295393,-0.00057435,-0.99907696,-0.85507631
5,1597239206329406300,1597239206329310600,-0.09639987,-0.99533623,-0.00358239,-0.65344709,-0.99439019,0.09646441,-0.04339001,1.81172991,0.04353324,-0.00062048,-0.99905181,-0.85454941
5,1597239206337839400,1597239206337738200,-0.09643517,-0.99533314,-0.00351098,-0.65352893,-0.99437946,0.09649645,-0.04356514,1.81157339,0.04370064,-0.00070995,-0.99904448,-0.85392833
5,1597239206346843900,1597239206346788600,-0.09639550,-0.99533719,-0.00344855,-0.65353203,-0.99439114,0.09645422,-0.04339181,1.81174886,0.04352211,-0.00075358,-0.99905229,-0.85322309
5,1597239206355994900,1597239206355892500,-0.09637623,-0.99533862,-0.00356570,-0.65354717,-0.99439710,0.09644012,-0.04328566,1.81174421,0.04342778,-0.00062600,-0.99905640,-0.85256839
5,1597239206364689200,1597239206364620600,-0.09639875,-0.99533641,-0.00358084,-0.65362537,-0.99439996,0.09646335,-0.04316766,1.81182253,0.04331177,-0.00060049,-0.99906147,-0.85195017
5,1597239206373929100,1597239206373795400,-0.09642964,-0.99533302,-0.00368783,-0.65392840,-0.99438816,0.09649875,-0.04336032,1.81179905,0.04351383,-0.00051409,-0.99905276,-0.85126758
5,1597239206382700500,1597239206382619100,-0.09637530,-0.99533844,-0.00365305,-0.65389574,-0.99439836,0.09644302,-0.04325064,1.81199765,0.04340135,-0.00053573,-0.99905765,-0.85037053
5,1597239206391818100,1597239206391736000,-0.09642806,-0.99533343,-0.00363648,-0.65393764,-0.99439603,0.09649504,-0.04318831,1.81198573,0.04333768,-0.00054848,-0.99906039,-0.84971309
5,1597239206400597000,1597239206400507100,-0.09645513,-0.99533069,-0.00365314,-0.65401387,-0.99439454,0.09652282,-0.04316033,1.81201637,0.04331142,-0.00053036,-0.99906158,-0.84906256
5,1597239206409578800,1597239206409466000,-0.09658311,-0.99531841,-0.00362292,-0.65393144,-0.99438626,0.09664943,-0.04306814,1.81204438,0.04321668,-0.00055707,-0.99906564,-0.84840477
5,1597239206418523300,1597239206418431900,-0.09651808,-0.99532485,-0.00359607,-0.65399623,-0.99438590,0.09658320,-0.04322447,1.81205559,0.04336972,-0.00059605,-0.99905896,-0.84803653
5,1597239206427547000,1597239206427505400,-0.09650188,-0.99532580,-0.00374877,-0.65401286,-0.99439073,0.09657367,-0.04313478,1.81200504,0.04329520,-0.00043485,-0.99906230,-0.84738588
5,1597239206436487200,1597239206436447500,-0.09657618,-0.99531889,-0.00365338,-0.65395671,-0.99437469,0.09664366,-0.04334703,1.81197727,0.04349721,-0.00055346,-0.99905348,-0.84678197
5,1597239206445673700,1597239206445509900,-0.09658132,-0.99531829,-0.00369275,-0.65393132,-0.99438059,0.09665060,-0.04319623,1.81198597,0.04335091,-0.00049999,-0.99905986,-0.84600031
5,1597239206454377100,1597239206454360700,-0.09654620,-0.99532217,-0.00357372,-0.65397078,-0.99437207,0.09661016,-0.04348095,1.81202185,0.04362281,-0.00064430,-0.99904799,-0.84551144
5,1597239206463427500,1597239206463391300,-0.09663993,-0.99531311,-0.00355810,-0.65391779,-0.99437135,0.09670325,-0.04328993,1.81193459,0.04343112,-0.00064549,-0.99905634,-0.84478199
5,1597239206472366300,1597239206472260900,-0.09658676,-0.99531788,-0.00366053,-0.65406001,-0.99438536,0.09665469,-0.04307671,1.81193519,0.04322883,-0.00052068,-0.99906510,-0.84415877
5,1597239206481439300,1597239206481361700,-0.09660204,-0.99531651,-0.00363532,-0.65402907,-0.99438411,0.09666887,-0.04307389,1.81207943,0.04322359,-0.00054610,-0.99906534,-0.84337223
5,1597239206490354700,1597239206490321300,-0.09663149,-0.99531388,-0.00358385,-0.65403098,-0.99438578,0.09669613,-0.04297419,1.81212664,0.04311936,-0.00058895,-0.99906981,-0.84279144
5,1597239206499427700,1597239206499394800,-0.09666286,-0.99531049,-0.00366756,-0.65400481,-0.99439555,0.09673122,-0.04266741,1.81202626,0.04282210,-0.00047734,-0.99908268,-0.84209180
5,1597239206508324300,1597239206508259900,-0.09664369,-0.99531221,-0.00369704,-0.65407193,-0.99439251,0.09671328,-0.04277885,1.81202495,0.04293588,-0.00045797,-0.99907774,-0.84145117
5,1597239206517307300,1597239206517259700,-0.09659708,-0.99531645,-0.00378799,-0.65406460,-0.99440080,0.09667066,-0.04268180,1.81207013,0.04284810,-0.00035611,-0.99908161,-0.84085131
5,1597239206526215600,1597239206526191400,-0.09667154,-0.99530989,-0.00360674,-0.65404707,-0.99437952,0.09673711,-0.04302633,1.81207657,0.04317345,-0.00057295,-0.99906749,-0.84020984
5,1597239206535287500,1597239206535237600,-0.09664796,-0.99531239,-0.00353965,-0.65411371,-0.99439096,0.09671078,-0.04282089,1.81200385,0.04296250,-0.00061876,-0.99907655,-0.83956909
5,1597239206544190000,1597239206544128100,-0.09661455,-0.99531567,-0.00352135,-0.65414369,-0.99439400,0.09667660,-0.04282713,1.81200171,0.04296695,-0.00063610,-0.99907631,-0.83896577
5,1597239206553634100,1597239206553486300,-0.09668151,-0.99530947,-0.00343800,-0.65411967,-0.99438095,0.09673981,-0.04298700,1.81205785,0.04311797,-0.00073740,-0.99906981,-0.83824241
5,1597239206562121500,1597239206562075700,-0.09664185,-0.99531257,-0.00364849,-0.65412611,-0.99439460,0.09670939,-0.04273910,1.81198478,0.04289162,-0.00050235,-0.99907970,-0.83754659
5,1597239206571127900,1597239206571063400,-0.09663581,-0.99531412,-0.00339141,-0.65416873,-0.99438918,0.09669220,-0.04290426,1.81197596,0.04303114,-0.00077373,-0.99907357,-0.83695066
5,1597239206580292200,1597239206580187800,-0.09664115,-0.99531305,-0.00353864,-0.65414810,-0.99438506,0.09670383,-0.04297334,1.81205320,0.04311413,-0.00063422,-0.99906999,-0.83618248
5,1597239206589325700,1597239206589148600,-0.09663726,-0.99531353,-0.00350699,-0.65418595,-0.99439567,0.09669873,-0.04273828,1.81207585,0.04287712,-0.00064281,-0.99908018,-0.83565640
5,1597239206598258600,1597239206598109600,-0.09666462,-0.99531090,-0.00350466,-0.65419042,-0.99439138,0.09672594,-0.04277671,1.81196666,0.04291513,-0.00064999,-0.99907851,-0.83510125
5,1597239206607062100,1597239206606996600,-0.09658486,-0.99531817,-0.00363478,-0.65428734,-0.99439931,0.09665186,-0.04275973,1.81190109,0.04291085,-0.00051555,-0.99907887,-0.83445942
5,1597239206616118700,1597239206615954500,-0.09663326,-0.99531412,-0.00344053,-0.65419096,-0.99439329,0.09669184,-0.04280889,1.81206536,0.04294098,-0.00071552,-0.99907744,-0.83350337
5,1597239206625321000,1597239206625199000,-0.09662167,-0.99531484,-0.00357369,-0.65414542,-0.99439383,0.09668597,-0.04280962,1.81206739,0.04295458,-0.00058270,-0.99907696,-0.83294976
5,1597239206634094900,1597239206634030700,-0.09663599,-0.99531311,-0.00364479,-0.65414375,-0.99439508,0.09670338,-0.04274094,1.81190920,0.04289309,-0.00050595,-0.99907964,-0.83206773
5,1597239206643554100,1597239206643431500,-0.09657677,-0.99531895,-0.00362456,-0.65400499,-0.99441284,0.09664348,-0.04246359,1.81207228,0.04261512,-0.00049666,-0.99909151,-0.83119202
5,1597239206652087800,1597239206652033100,-0.09661617,-0.99531573,-0.00347045,-0.65398800,-0.99440348,0.09667618,-0.04260673,1.81200075,0.04274268,-0.00066549,-0.99908596,-0.83060384
5,1597239206660942300,1597239206660887600,-0.09659609,-0.99531794,-0.00338033,-0.65400165,-0.99440157,0.09665219,-0.04270678,1.81208587,0.04283356,-0.00076392,-0.99908203,-0.83003831
5,1597239206669960300,1597239206669857200,-0.09661013,-0.99531597,-0.00356159,-0.65398502,-0.99440366,0.09667404,-0.04260759,1.81209707,0.04275234,-0.00057471,-0.99908561,-0.82938087
5,1597239206679042800,1597239206678969600,-0.09664238,-0.99531311,-0.00348464,-0.65423179,-0.99438840,0.09670278,-0.04289802,1.81215847,0.04303394,-0.00068069,-0.99907339,-0.82849371
5,1597239206687821300,1597239206687729600,-0.09657419,-0.99531972,-0.00347474,-0.65423948,-0.99439526,0.09663424,-0.04289312,1.81221020,0.04302816,-0.00068712,-0.99907368,-0.82783198
5,1597239206696980100,1597239206696808700,-0.09654407,-0.99532235,-0.00355682,-0.65424067,-0.99441171,0.09660786,-0.04256978,1.81222510,0.04271429,-0.00057295,-0.99908727,-0.82701826
5,1597239206705809100,1597239206705697200,-0.09661067,-0.99531591,-0.00355977,-0.65433449,-0.99440408,0.09667451,-0.04259757,1.81228948,0.04274219,-0.00057554,-0.99908608,-0.82620394
5,1597239206714945600,1597239206714830200,-0.09657510,-0.99531949,-0.00353810,-0.65440494,-0.99440950,0.09663806,-0.04255334,1.81226301,0.04269609,-0.00059128,-0.99908799,-0.82561839
5,1597239206723791000,1597239206723735000,-0.09659491,-0.99531746,-0.00355092,-0.65445530,-0.99439037,0.09665818,-0.04295313,1.81223845,0.04309523,-0.00061804,-0.99907082,-0.82490635
5,1597239206732760100,1597239206732694500,-0.09662454,-0.99531460,-0.00355694,-0.65448612,-0.99439770,0.09668817,-0.04271544,1.81237423,0.04285923,-0.00059035,-0.99908108,-0.82412851
5,1597239206741780900,1597239206741747400,-0.09665120,-0.99531180,-0.00361586,-0.65445977,-0.99438894,0.09671727,-0.04285324,1.81240869,0.04300207,-0.00054625,-0.99907494,-0.82346010
5,1597239206750680200,1597239206750595200,-0.09660313,-0.99531657,-0.00358590,-0.65456104,-0.99437600,0.09666769,-0.04326336,1.81228268,0.04340740,-0.00061363,-0.99905735,-0.82284641
5,1597239206759844600,1597239206759794100,-0.09658226,-0.99531817,-0.00371045,-0.65458202,-0.99438125,0.09665231,-0.04317596,1.81238890,0.04333245,-0.00048044,-0.99906069,-0.82226551
5,1597239206768715000,1597239206768689800,-0.09666702,-0.99530959,-0.00379273,-0.65452296,-0.99438828,0.09674070,-0.04281450,1.81234157,0.04298060,-0.00036731,-0.99907589,-0.82138455
5,1597239206777523900,1597239206777463500,-0.09660025,-0.99531615,-0.00376856,-0.65461850,-0.99439079,0.09667291,-0.04291042,1.81228793,0.04307375,-0.00039774,-0.99907190,-0.82078493
5,1597239206786586500,1597239206786503300,-0.09661399,-0.99531484,-0.00376329,-0.65460443,-0.99437404,0.09668625,-0.04326650,1.81241155,0.04342766,-0.00043806,-0.99905658,-0.82038903
5,1597239206795539500,1597239206795459400,-0.09664178,-0.99531215,-0.00378439,-0.65458930,-0.99436837,0.09671491,-0.04333215,1.81235325,0.04349503,-0.00042462,-0.99905360,-0.81954825
5,1597239206804770500,1597239206804729700,-0.09669567,-0.99530655,-0.00386056,-0.65460247,-0.99435967,0.09677204,-0.04340476,1.81235814,0.04357464,-0.00035828,-0.99905020,-0.81889403
5,1597239206813495900,1597239206813450500,-0.09659091,-0.99531704,-0.00378528,-0.65465468,-0.99438286,0.09666421,-0.04311303,1.81233633,0.04327705,-0.00040033,-0.99906313,-0.81841958
5,1597239206822642700,1597239206822514200,-0.09664275,-0.99531174,-0.00384706,-0.65466744,-0.99437654,0.09671868,-0.04313593,1.81244969,0.04330579,-0.00034335,-0.99906188,-0.81775308
5,1597239206831460100,1597239206831326900,-0.09672185,-0.99530423,-0.00382155,-0.65455759,-0.99437499,0.09679665,-0.04299666,1.81224751,0.04316468,-0.00035867,-0.99906796,-0.81705773
5,1597239206840357100,1597239206840318300,-0.09677408,-0.99529904,-0.00383654,-0.65462840,-0.99436378,0.09684943,-0.04313682,1.81221581,0.04330562,-0.00035959,-0.99906188,-0.81642544
5,1597239206849388100,1597239206849328100,-0.09668766,-0.99530751,-0.00383329,-0.65462244,-0.99436212,0.09676286,-0.04336889,1.81238556,0.04353631,-0.00038162,-0.99905181,-0.81584013
5,1597239206858581800,1597239206858480200,-0.09673565,-0.99530303,-0.00377893,-0.65458810,-0.99436271,0.09680849,-0.04325389,1.81233501,0.04341656,-0.00042656,-0.99905705,-0.81518877
5,1597239206867349400,1597239206867313300,-0.09675658,-0.99530113,-0.00373787,-0.65459019,-0.99436009,0.09682760,-0.04327083,1.81235528,0.04342944,-0.00046992,-0.99905646,-0.81452084
5,1597239206876352300,1597239206876278600,-0.09664399,-0.99531215,-0.00371590,-0.65469205,-0.99437767,0.09671424,-0.04312084,1.81235826,0.04327809,-0.00047237,-0.99906307,-0.81395149
5,1597239206885210200,1597239206885166400,-0.09670355,-0.99530631,-0.00373185,-0.65472239,-0.99436265,0.09677434,-0.04333160,1.81234980,0.04348937,-0.00047946,-0.99905384,-0.81323588
5,1597239206894280500,1597239206894209900,-0.09671101,-0.99530572,-0.00369295,-0.65470922,-0.99436998,0.09678019,-0.04314909,1.81239605,0.04330395,-0.00050086,-0.99906188,-0.81265593
5,1597239206903263300,1597239206903228900,-0.09672580,-0.99530411,-0.00372800,-0.65473884,-0.99436545,0.09679645,-0.04321695,1.81241369,0.04337488,-0.00047320,-0.99905884,-0.81201959
5,1597239206912288400,1597239206912204300,-0.09668010,-0.99530882,-0.00366703,-0.65486777,-0.99435914,0.09674802,-0.04347084,1.81236041,0.04362170,-0.00055644,-0.99904799,-0.81138468
