3,1598305682105768800,1598305682105724700,0.01678133,-0.02569387,0.99952918,-0.77119988,0.03420428,0.99909943,0.02510856,1.92548919,-0.99927419,0.03376682,0.01764503,-1.01437259
3,1598305682115485600,1598305682115427500,0.01671180,-0.02644430,0.99951077,-0.77124143,0.03402490,0.99908626,0.02586417,1.92546439,-0.99928141,0.03357601,0.01759630,-1.01293302
3,1598305682124315900,1598305682124261400,0.01677552,-0.02590940,0.99952370,-0.77122790,0.03424280,0.99909264,0.02532352,1.92555642,-0.99927294,0.03380167,0.01764753,-1.01177335
3,1598305682133596500,1598305682133531800,0.01636758,-0.02594106,0.99952960,-0.77119774,0.03439310,0.99908644,0.02536637,1.92548299,-0.99927449,0.03396173,0.01724482,-1.01061237
3,1598305682142261900,1598305682142200900,0.01699680,-0.02606181,0.99951601,-0.77126157,0.03437201,0.99908459,0.02546607,1.92552781,-0.99926472,0.03392253,0.01787704,-1.00915098
3,1598305682151455700,1598305682151366500,0.01613972,-0.02626532,0.99952489,-0.77141327,0.03433642,0.99907988,0.02569918,1.92562342,-0.99928015,0.03390533,0.01702666,-1.00772464
3,1598305682160178500,1598305682160113200,0.01661617,-0.02565205,0.99953300,-0.77137232,0.03447127,0.99909127,0.02506767,1.92565024,-0.99926770,0.03403864,0.01748529,-1.00675976
3,1598305682169331900,1598305682169228700,0.01635799,-0.02623417,0.99952221,-0.77154469,0.03461221,0.99907148,0.02565589,1.92545271,-0.99926710,0.03417599,0.01725084,-1.00561857
3,1598305682178353600,1598305682178275700,0.01644379,-0.02608591,0.99952465,-0.77148461,0.03462527,0.99907488,0.02550454,1.92536831,-0.99926525,0.03418942,0.01733181,-1.00450134
3,1598305682187365900,1598305682187325900,0.01643956,-0.02604121,0.99952585,-0.77157366,0.03455758,0.99907833,0.02546117,1.92539883,-0.99926770,0.03412262,0.01732436,-1.00316513
3,1598305682196142000,1598305682196095100,0.01637480,-0.02597691,0.99952859,-0.77161968,0.03459001,0.99907881,0.02539855,1.92545211,-0.99926758,0.03415781,0.01725826,-1.00189579
3,1598305682205239700,1598305682205147400,0.01638976,-0.02592862,0.99952960,-0.77155042,0.03486724,0.99907053,0.02534498,1.92545366,-0.99925768,0.03443544,0.01727861,-1.00076985
3,1598305682214113500,1598305682214015000,0.01674378,-0.02600538,0.99952173,-0.77168393,0.03475610,0.99907273,0.02541147,1.92548108,-0.99925578,0.03431399,0.01763216,-0.99966478
3,1598305682223223500,1598305682223176900,0.01616046,-0.02602183,0.99953091,-0.77162969,0.03474845,0.99907202,0.02544807,1.92546678,-0.99926561,0.03432090,0.01704967,-0.99834704
3,1598305682232019900,1598305682231968900,0.01644617,-0.02574553,0.99953341,-0.77158195,0.03500980,0.99907029,0.02515756,1.92549884,-0.99925184,0.03457972,0.01733223,-0.99719453
3,1598305682241093300,1598305682241040900,0.01634869,-0.02613204,0.99952495,-0.77171439,0.03500045,0.99906069,0.02554742,1.92545927,-0.99925375,0.03456615,0.01724797,-0.99568260
3,1598305682249987100,1598305682249913900,0.01655492,-0.02560199,0.99953526,-0.77182734,0.03506292,0.99907213,0.02500940,1.92554748,-0.99924815,0.03463259,0.01743722,-0.99467564
3,1598305682259088800,1598305682259030800,0.01638666,-0.02571725,0.99953508,-0.77188170,0.03497013,0.99907231,0.02513203,1.92551827,-0.99925417,0.03454205,0.01727080,-0.99337232
3,1598305682268054600,1598305682267966700,0.01630598,-0.02575499,0.99953544,-0.77185404,0.03545110,0.99905455,0.02516427,1.92554331,-0.99923855,0.03502429,0.01720360,-0.99223018
3,1598305682277147300,1598305682277087500,0.01631719,-0.02583213,0.99953330,-0.77184296,0.03532418,0.99905705,0.02524317,1.92549443,-0.99924284,0.03489580,0.01721433,-0.99097323
3,1598305682285898400,1598305682285839200,0.01639852,-0.02574074,0.99953431,-0.77203393,0.03516883,0.99906486,0.02515167,1.92554748,-0.99924695,0.03474001,0.01728848,-0.98989809
3,1598305682295081100,1598305682294967400,0.01610208,-0.02568893,0.99954051,-0.77184904,0.03520672,0.99906456,0.02510954,1.92563128,-0.99925047,0.03478622,0.01699141,-0.98845744
3,1598305682303997100,1598305682303775900,0.01642248,-0.02541492,0.99954224,-0.77191448,0.03558800,0.99905837,0.02481791,1.92563510,-0.99923176,0.03516413,0.01731145,-0.98746443
3,1598305682312973400,1598305682312926900,0.01622173,-0.02603599,0.99952948,-0.77205962,0.03538990,0.99904948,0.02544914,1.92557025,-0.99924207,0.03496043,0.01712772,-0.98606002
3,1598305682321851400,1598305682321786900,0.01607358,-0.02526832,0.99955165,-0.77181262,0.03548080,0.99906546,0.02468547,1.92561269,-0.99924123,0.03506810,0.01695514,-0.98483455
3,1598305682331430500,1598305682331349700,0.01603612,-0.02577925,0.99953926,-0.77190417,0.03557396,0.99904937,0.02519589,1.92548442,-0.99923855,0.03515352,0.01693794,-0.98356819
3,1598305682340672400,1598305682340615800,0.01631218,-0.02578698,0.99953455,-0.77193308,0.03566758,0.99904615,0.02519230,1.92546034,-0.99923074,0.03524003,0.01721638,-0.98226023
3,1598305682349791000,1598305682349726200,0.01589000,-0.02570090,0.99954355,-0.77212143,0.03561904,0.99904966,0.02512196,1.92551994,-0.99923927,0.03520359,0.01679030,-0.98120904
3,1598305682358827000,1598305682358755600,0.01604524,-0.02543338,0.99954796,-0.77207667,0.03560043,0.99905711,0.02484942,1.92548001,-0.99923742,0.03518562,0.01693556,-0.98004413
3,1598305682367795500,1598305682367737400,0.01596957,-0.02589074,0.99953735,-0.77219909,0.03582570,0.99903762,0.02530542,1.92546797,-0.99923056,0.03540500,0.01688173,-0.97866809
3,1598305682376570200,1598305682376539300,0.01594877,-0.02525140,0.99955404,-0.77223986,0.03592052,0.99905020,0.02466553,1.92541373,-0.99922752,0.03551111,0.01684070,-0.97758794
3,1598305682385772400,1598305682385740000,0.01609090,-0.02597058,0.99953330,-0.77250850,0.03562911,0.99904263,0.02538426,1.92546535,-0.99923569,0.03520403,0.01700085,-0.97647071
3,1598305682394590400,1598305682394530100,0.01568258,-0.02544058,0.99955344,-0.77236313,0.03570062,0.99905306,0.02486772,1.92553759,-0.99923962,0.03529469,0.01657596,-0.97523606
3,1598305682403617400,1598305682403530800,0.01598236,-0.02553187,0.99954641,-0.77246726,0.03594850,0.99904227,0.02494420,1.92558527,-0.99922603,0.03553352,0.01688486,-0.97393525
3,1598305682412540500,1598305682412511200,0.01588738,-0.02579200,0.99954122,-0.77258915,0.03584201,0.99903947,0.02520937,1.92560005,-0.99923134,0.03542506,0.01679656,-0.97278500
3,1598305682421572500,1598305682421527600,0.01568830,-0.02545153,0.99955314,-0.77241743,0.03589460,0.99904597,0.02487524,1.92561483,-0.99923259,0.03548831,0.01658690,-0.97157109
3,1598305682430439100,1598305682430402900,0.01569170,-0.02558265,0.99954975,-0.77238190,0.03609309,0.99903560,0.02500288,1.92566657,-0.99922544,0.03568450,0.01659992,-0.97040641
3,1598305682439726200,1598305682439561400,0.01582372,-0.02560019,0.99954724,-0.77242315,0.03607294,0.99903601,0.02501603,1.92562342,-0.99922401,0.03566076,0.01673198,-0.96904588
3,1598305682448376500,1598305682448288200,0.01573581,-0.02591396,0.99954051,-0.77235687,0.03600382,0.99903047,0.02533393,1.92572224,-0.99922788,0.03558863,0.01665354,-0.96798003
3,1598305682457476200,1598305682457414500,0.01566666,-0.02491385,0.99956697,-0.77229041,0.03614106,0.99905038,0.02433452,1.92580843,-0.99922401,0.03574417,0.01655218,-0.96676779
3,1598305682466533200,1598305682466487200,0.01571110,-0.02583141,0.99954301,-0.77233773,0.03613482,0.99902791,0.02525012,1.92574596,-0.99922359,0.03572160,0.01662925,-0.96554124
3,1598305682475412300,1598305682475353300,0.01564527,-0.02549120,0.99955285,-0.77211142,0.03632145,0.99902970,0.02490935,1.92585874,-0.99921787,0.03591549,0.01655599,-0.96431696
3,1598305682484382900,1598305682484308400,0.01584834,-0.02557624,0.99954742,-0.77225083,0.03621224,0.99903166,0.02498889,1.92591465,-0.99921858,0.03579982,0.01675916,-0.96324301
3,1598305682493420500,1598305682493347100,0.01555032,-0.02563476,0.99955058,-0.77238691,0.03620693,0.99903011,0.02505814,1.92597175,-0.99922347,0.03580100,0.01646340,-0.96192992
3,1598305682502447900,1598305682502411200,0.01544729,-0.02582377,0.99954736,-0.77240872,0.03640461,0.99901813,0.02524750,1.92592585,-0.99921793,0.03599812,0.01637223,-0.96085274
3,1598305682511562700,1598305682511390500,0.01559556,-0.02527789,0.99955893,-0.77237046,0.03646070,0.99902987,0.02469563,1.92589760,-0.99921358,0.03605947,0.01650214,-0.95940244
3,1598305682520218000,1598305682520175100,0.01571646,-0.02612593,0.99953526,-0.77241182,0.03630022,0.99901450,0.02554154,1.92578554,-0.99921751,0.03588193,0.01664937,-0.95819831
3,1598305682533225800,1598305682533188600,0.01548260,-0.02528217,0.99956065,-0.77239710,0.03660847,0.99902433,0.02470157,1.92585015,-0.99920988,0.03620993,0.01639304,-0.95660591
3,1598305682542445600,1598305682542385900,0.01552343,-0.02591960,0.99954367,-0.77244473,0.03636751,0.99901712,0.02534114,1.92564380,-0.99921811,0.03595753,0.01645085,-0.95494914
3,1598305682551260700,1598305682551156800,0.01551166,-0.02594778,0.99954307,-0.77221131,0.03632661,0.99901789,0.02537041,1.92566550,-0.99921972,0.03591648,0.01643905,-0.95367134
3,1598305682560582200,1598305682560513100,0.01525164,-0.02571025,0.99955320,-0.77227819,0.03647722,0.99901819,0.02513991,1.92564929,-0.99921823,0.03607750,0.01617447,-0.95236826
3,1598305682569241700,1598305682569112300,0.01545730,-0.02550828,0.99955529,-0.77233565,0.03657821,0.99901980,0.02492897,1.92551410,-0.99921143,0.03617661,0.01637515,-0.95115972
3,1598305682578327200,1598305682578169100,0.01530549,-0.02619379,0.99953991,-0.77229571,0.03646366,0.99900645,0.02562147,1.92540872,-0.99921787,0.03605473,0.01624542,-0.94976997
3,1598305682587083800,1598305682587015500,0.01532009,-0.02567079,0.99955320,-0.77236658,0.03644130,0.99902058,0.02509858,1.92568922,-0.99921852,0.03604050,0.01624057,-0.94876742
3,1598305682596267200,1598305682596237300,0.01509455,-0.02596465,0.99954909,-0.77277255,0.03643477,0.99901319,0.02540052,1.92557502,-0.99922216,0.03603493,0.01602563,-0.94762170
3,1598305682605091700,1598305682604992200,0.01521406,-0.02608918,0.99954402,-0.77274847,0.03655497,0.99900579,0.02551873,1.92555463,-0.99921596,0.03615006,0.01615262,-0.94638765
3,1598305682614088500,1598305682614042900,0.01509210,-0.02603387,0.99954736,-0.77285904,0.03644937,0.99901086,0.02546955,1.92570758,-0.99922174,0.03604848,0.01602608,-0.94516993
3,1598305682622758100,1598305682622703900,0.01517823,-0.02579332,0.99955225,-0.77283031,0.03656493,0.99901289,0.02522417,1.92570150,-0.99921620,0.03616569,0.01610634,-0.94405627
3,1598305682631806100,1598305682631750700,0.01542094,-0.02611904,0.99954009,-0.77291203,0.03655884,0.99900508,0.02554103,1.92566502,-0.99921268,0.03614815,0.01636049,-0.94284225
3,1598305682640649200,1598305682640596900,0.01499954,-0.02587371,0.99955285,-0.77271521,0.03665083,0.99900758,0.02530961,1.92568994,-0.99921572,0.03625480,0.01593295,-0.94167113
3,1598305682649772000,1598305682649711300,0.01539454,-0.02582595,0.99954808,-0.77279902,0.03662139,0.99901021,0.02524803,1.92576194,-0.99921077,0.03621615,0.01632509,-0.94054830
3,1598305682658582800,1598305682658518800,0.01517811,-0.02605531,0.99954540,-0.77290857,0.03656568,0.99900621,0.02548601,1.92574298,-0.99921614,0.03616223,0.01611573,-0.93939745
3,1598305682667754200,1598305682667727900,0.01526424,-0.02627075,0.99953842,-0.77280402,0.03667700,0.99899673,0.02569641,1.92574394,-0.99921072,0.03626783,0.01621246,-0.93822670
3,1598305682676555000,1598305682676515500,0.01526108,-0.02570334,0.99955326,-0.77274191,0.03673107,0.99900919,0.02512854,1.92581153,-0.99920881,0.03633118,0.01619008,-0.93670583
3,1598305682685858400,1598305682685769700,0.01535326,-0.02617184,0.99953973,-0.77277994,0.03658572,0.99900270,0.02559581,1.92573154,-0.99921274,0.03617590,0.01629546,-0.93548012
3,1598305682694605500,1598305682694543500,0.01524788,-0.02591564,0.99954802,-0.77312708,0.03665946,0.99900645,0.02534237,1.92584455,-0.99921167,0.03625647,0.01618278,-0.93411076
3,1598305682703548000,1598305682703491700,0.01524448,-0.02591859,0.99954796,-0.77308762,0.03678304,0.99900186,0.02534344,1.92579818,-0.99920714,0.03638007,0.01618266,-0.93304026
3,1598305682712490400,1598305682712387000,0.01538783,-0.02592002,0.99954581,-0.77315789,0.03672149,0.99900419,0.02534066,1.92574835,-0.99920720,0.03631486,0.01632437,-0.93176854
3,1598305682721509200,1598305682721454500,0.01541376,-0.02612120,0.99954009,-0.77330256,0.03650564,0.99900693,0.02554432,1.92583561,-0.99921477,0.03609512,0.01635203,-0.93060029
3,1598305682730421000,1598305682730355500,0.01512650,-0.02616249,0.99954343,-0.77327359,0.03663545,0.99900091,0.02559387,1.92576635,-0.99921441,0.03623157,0.01606986,-0.92953730
3,1598305682739446500,1598305682739385700,0.01550549,-0.02511980,0.99956441,-0.77348119,0.03669234,0.99902534,0.02453708,1.92587781,-0.99920648,0.03629589,0.01641208,-0.92822993
3,1598305682748359400,1598305682748319800,0.01525781,-0.02641231,0.99953485,-0.77363718,0.03630426,0.99900657,0.02584417,1.92585504,-0.99922442,0.03589305,0.01620153,-0.92708850
3,1598305682757482400,1598305682757425800,0.01546329,-0.02548471,0.99955583,-0.77355576,0.03641855,0.99902618,0.02490781,1.92596865,-0.99921715,0.03601722,0.01637635,-0.92586064
3,1598305682766436800,1598305682766337400,0.01528677,-0.02579328,0.99955058,-0.77384263,0.03645889,0.99901682,0.02522193,1.92583072,-0.99921846,0.03605694,0.01621214,-0.92477822
3,1598305682775446800,1598305682775391400,0.01542494,-0.02579590,0.99954832,-0.77408504,0.03640788,0.99901873,0.02522039,1.92587018,-0.99921811,0.03600242,0.01634896,-0.92357612
3,1598305682784353200,1598305682784273300,0.01520833,-0.02609004,0.99954402,-0.77415597,0.03631984,0.99901420,0.02552360,1.92584884,-0.99922466,0.03591511,0.01614094,-0.92230141
3,1598305682793450400,1598305682793410000,0.01530230,-0.02531011,0.99956274,-0.77379107,0.03635323,0.99903274,0.02474016,1.92587411,-0.99922204,0.03595875,0.01620758,-0.92116475
3,1598305682802225800,1598305682802179800,0.01538739,-0.02563633,0.99955308,-0.77390593,0.03636209,0.99902433,0.02506301,1.92577696,-0.99922037,0.03596018,0.01630461,-0.92005825
3,1598305682811535100,1598305682811402100,0.01537886,-0.02565607,0.99955273,-0.77414417,0.03637169,0.99902350,0.02508288,1.92578220,-0.99922013,0.03596967,0.01629704,-0.91880214
3,1598305682820217900,1598305682820170100,0.01526749,-0.02565693,0.99955440,-0.77431285,0.03635739,0.99902391,0.02508798,1.92580628,-0.99922240,0.03595816,0.01618540,-0.91770220
3,1598305682829332000,1598305682829249200,0.01562420,-0.02519510,0.99956065,-0.77386487,0.03629126,0.99903804,0.02461466,1.92578340,-0.99921930,0.03589073,0.01652351,-0.91653633
3,1598305682838275700,1598305682838127500,0.01529434,-0.02547925,0.99955851,-0.77377093,0.03636123,0.99902821,0.02490937,1.92577362,-0.99922186,0.03596420,0.01620594,-0.91521227
3,1598305682847248400,1598305682847159000,0.01560062,-0.02539104,0.99955601,-0.77388525,0.03633720,0.99903154,0.02481058,1.92579913,-0.99921799,0.03593400,0.01650816,-0.91391504
3,1598305682856098000,1598305682856048300,0.01538998,-0.02528288,0.99956203,-0.77381396,0.03640549,0.99903160,0.02470894,1.92584014,-0.99921876,0.03600927,0.01629552,-0.91270876
3,1598305682865238600,1598305682865192500,0.01564920,-0.02519373,0.99956024,-0.77378905,0.03637456,0.99903512,0.02461101,1.92576814,-0.99921584,0.03597342,0.01655054,-0.91166854
3,1598305682874019600,1598305682873962700,0.01523280,-0.02566966,0.99955463,-0.77377933,0.03640957,0.99902165,0.02510111,1.92583978,-0.99922103,0.03601099,0.01615250,-0.91019142
3,1598305682883186200,1598305682883109900,0.01537126,-0.02503737,0.99956846,-0.77368283,0.03660567,0.99903035,0.02446097,1.92590833,-0.99921173,0.03621388,0.01627284,-0.90902233
3,1598305682891979000,1598305682891892900,0.01532516,-0.02519858,0.99956512,-0.77372026,0.03648062,0.99903089,0.02462580,1.92581439,-0.99921697,0.03608736,0.01622957,-0.90787423
3,1598305682901157000,1598305682901107700,0.01528835,-0.02513352,0.99956739,-0.77366877,0.03655609,0.99902976,0.02456089,1.92582715,-0.99921477,0.03616478,0.01619229,-0.90663242
3,1598305682909919900,1598305682909819200,0.01520726,-0.02520211,0.99956685,-0.77373672,0.03659039,0.99902672,0.02463181,1.92577851,-0.99921477,0.03619996,0.01611462,-0.90524983
3,1598305682919112800,1598305682918955200,0.01535511,-0.02485971,0.99957317,-0.77378446,0.03657440,0.99903584,0.02428451,1.92586982,-0.99921316,0.03618590,0.01624954,-0.90416002
3,1598305682927901400,1598305682927819200,0.01538587,-0.02514236,0.99956566,-0.77377868,0.03648196,0.99903226,0.02456740,1.92577696,-0.99921602,0.03608812,0.01628819,-0.90293360
3,1598305682937005700,1598305682936950900,0.01520112,-0.02513313,0.99956870,-0.77387190,0.03658164,0.99902874,0.02456324,1.92583609,-0.99921519,0.03619247,0.01610574,-0.90161419
3,1598305682945869500,1598305682945781200,0.01529685,-0.02503993,0.99956959,-0.77403665,0.03650345,0.99903393,0.02446788,1.92595088,-0.99921662,0.03611345,0.01619610,-0.90058589
3,1598305682955120200,1598305682955089300,0.01543373,-0.02484154,0.99957246,-0.77414590,0.03647300,0.99904001,0.02426516,1.92591691,-0.99921560,0.03608290,0.01632491,-0.89937496
3,1598305682963750900,1598305682963696300,0.01524362,-0.02519479,0.99956650,-0.77399004,0.03646128,0.99903160,0.02462527,1.92586458,-0.99921894,0.03607009,0.01614746,-0.89812863
3,1598305682972990000,1598305682972877400,0.01514274,-0.02498970,0.99957317,-0.77392232,0.03653644,0.99903387,0.02442272,1.92586672,-0.99921775,0.03615102,0.01604113,-0.89692366
3,1598305682981714400,1598305682981688200,0.01540643,-0.02497486,0.99956948,-0.77398801,0.03646652,0.99903697,0.02439950,1.92595017,-0.99921626,0.03607491,0.01630229,-0.89580405
3,1598305682990850800,1598305682990773500,0.01525009,-0.02493135,0.99957299,-0.77382052,0.03647973,0.99903738,0.02436144,1.92595971,-0.99921823,0.03609263,0.01614490,-0.89450574
3,1598305682999609300,1598305682999575100,0.01518703,-0.02513569,0.99956882,-0.77394086,0.03653926,0.99903017,0.02456699,1.92593765,-0.99921697,0.03615041,0.01609075,-0.89331317
3,1598305683008763600,1598305683008734900,0.01532486,-0.02481507,0.99957472,-0.77382380,0.03664272,0.99903440,0.02423988,1.92596436,-0.99921107,0.03625566,0.01621938,-0.89182758
3,1598305683017555600,1598305683017512100,0.01544681,-0.02489324,0.99957091,-0.77384150,0.03650983,0.99903744,0.02431576,1.92601168,-0.99921405,0.03611856,0.01634079,-0.89070535
3,1598305683026731100,1598305683026701600,0.01524910,-0.02490686,0.99957365,-0.77394420,0.03647128,0.99903834,0.02433713,1.92600703,-0.99921852,0.03608460,0.01614279,-0.88941216
3,1598305683035597500,1598305683035550100,0.01515037,-0.02506590,0.99957120,-0.77386653,0.03663661,0.99902838,0.02449699,1.92607188,-0.99921393,0.03624975,0.01605394,-0.88815510
3,1598305683044692200,1598305683044635900,0.01529106,-0.02486888,0.99957395,-0.77382559,0.03671429,0.99903047,0.02429372,1.92607498,-0.99920899,0.03632716,0.01618931,-0.88676298
3,1598305683053569400,1598305683053516300,0.01529208,-0.02478522,0.99957597,-0.77390486,0.03663866,0.99903524,0.02421130,1.92604971,-0.99921173,0.03625288,0.01618543,-0.88551164
3,1598305683062694600,1598305683062624800,0.01533011,-0.02510245,0.99956751,-0.77401841,0.03659788,0.99902904,0.02452764,1.92603040,-0.99921262,0.03620604,0.01623392,-0.88425493
3,1598305683071564500,1598305683071435900,0.01488629,-0.02480152,0.99958169,-0.77393526,0.03681525,0.99902809,0.02423951,1.92613816,-0.99921137,0.03643901,0.01578492,-0.88305366
3,1598305683080563800,1598305683080534500,0.01550743,-0.02478315,0.99957275,-0.77383560,0.03691812,0.99902529,0.02419683,1.92606306,-0.99919814,0.03652711,0.01640725,-0.88198054
3,1598305683089487500,1598305683089435800,0.01500481,-0.02497575,0.99957561,-0.77408659,0.03667643,0.99902898,0.02441154,1.92621469,-0.99921471,0.03629458,0.01590627,-0.88080025
3,1598305683098590000,1598305683098516300,0.01526797,-0.02500172,0.99957097,-0.77423835,0.03671268,0.99902725,0.02442736,1.92612469,-0.99920940,0.03632397,0.01617101,-0.87975228
3,1598305683107411000,1598305683107363700,0.01504210,-0.02489322,0.99957716,-0.77415526,0.03671406,0.99902964,0.02432711,1.92612553,-0.99921274,0.03633260,0.01594138,-0.87840021
3,1598305683116695900,1598305683116584500,0.01539886,-0.02488583,0.99957186,-0.77421457,0.03672642,0.99902970,0.02430654,1.92611361,-0.99920690,0.03633640,0.01629791,-0.87720716
3,1598305683125461800,1598305683125398000,0.01522166,-0.02488156,0.99957466,-0.77420533,0.03663463,0.99903297,0.02431021,1.92606235,-0.99921298,0.03624900,0.01611850,-0.87599540
3,1598305683134632400,1598305683134523600,0.01524770,-0.02511641,0.99956840,-0.77421296,0.03681742,0.99902064,0.02454103,1.92609644,-0.99920583,0.03642733,0.01615751,-0.87478518
3,1598305683143378800,1598305683143262000,0.01529029,-0.02473509,0.99957722,-0.77416855,0.03690979,0.99902660,0.02415687,1.92612314,-0.99920177,0.03652482,0.01618838,-0.87359965
3,1598305683152484500,1598305683152436700,0.01519552,-0.02494133,0.99957359,-0.77442324,0.03667733,0.99902993,0.02437020,1.92626119,-0.99921179,0.03629138,0.01609558,-0.87258482
3,1598305683161262400,1598305683161235400,0.01521590,-0.02487984,0.99957478,-0.77441847,0.03662705,0.99903333,0.02430882,1.92623401,-0.99921334,0.03624159,0.01611245,-0.87142849
3,1598305683170511700,1598305683170485000,0.01540232,-0.02526512,0.99956232,-0.77422011,0.03669604,0.99902153,0.02468601,1.92618406,-0.99920797,0.03629976,0.01631436,-0.87033725
3,1598305683179310600,1598305683179265700,0.01522174,-0.02462498,0.99958104,-0.77408260,0.03685201,0.99903131,0.02405025,1.92625570,-0.99920499,0.03647048,0.01611453,-0.86877620
3,1598305683188388700,1598305683188354500,0.01554632,-0.02530763,0.99955899,-0.77432412,0.03661032,0.99902374,0.02472467,1.92627120,-0.99920887,0.03620980,0.01645771,-0.86775410
3,1598305683197336200,1598305683197258700,0.01480097,-0.02507032,0.99957627,-0.77444243,0.03677847,0.99902278,0.02451186,1.92627525,-0.99921393,0.03640008,0.01570857,-0.86650741
3,1598305683206227500,1598305683206177600,0.01572117,-0.02501557,0.99956357,-0.77450377,0.03683447,0.99902290,0.02442271,1.92624485,-0.99919784,0.03643444,0.01662725,-0.86514318
3,1598305683215160900,1598305683215107900,0.01474193,-0.02547422,0.99956691,-0.77447760,0.03656835,0.99902040,0.02492098,1.92632711,-0.99922258,0.03618513,0.01565906,-0.86402822
3,1598305683224241200,1598305683224182900,0.01538560,-0.02507066,0.99956751,-0.77457869,0.03670470,0.99902600,0.02449211,1.92635894,-0.99920785,0.03631199,0.01629084,-0.86289692
3,1598305683233163500,1598305683233125900,0.01482642,-0.02541874,0.99956709,-0.77459645,0.03662257,0.99901986,0.02486161,1.92625308,-0.99921936,0.03623810,0.01574281,-0.86173940
3,1598305683242219500,1598305683242165300,0.01551658,-0.02493501,0.99956882,-0.77450716,0.03687153,0.99902332,0.02434904,1.92625773,-0.99919975,0.03647781,0.01642081,-0.86049545
3,1598305683251022300,1598305683250996800,0.01498106,-0.02538080,0.99956572,-0.77456081,0.03663518,0.99902052,0.02481789,1.92625415,-0.99921656,0.03624747,0.01589620,-0.85918546
3,1598305683260325600,1598305683260219200,0.01536223,-0.02475115,0.99957573,-0.77447200,0.03685032,0.99902844,0.02417126,1.92635393,-0.99920285,0.03646336,0.01625937,-0.85818434
3,1598305683268961300,1598305683268931200,0.01496014,-0.02526859,0.99956894,-0.77451223,0.03679952,0.99901730,0.02470388,1.92620945,-0.99921083,0.03641408,0.01587531,-0.85695457
3,1598305683278211000,1598305683278156100,0.01534122,-0.02531378,0.99956197,-0.77418602,0.03687220,0.99901384,0.02473398,1.92616320,-0.99920243,0.03647660,0.01625946,-0.85562670
3,1598305683286921400,1598305683286857200,0.01527554,-0.02508798,0.99956870,-0.77426648,0.03693774,0.99901694,0.02450965,1.92618418,-0.99920100,0.03654741,0.01618716,-0.85440218
3,1598305683296178900,1598305683296023700,0.01542613,-0.02515008,0.99956483,-0.77464545,0.03698979,0.99901366,0.02456537,1.92607319,-0.99919677,0.03659474,0.01634124,-0.85321271
3,1598305683304908800,1598305683304844700,0.01499665,-0.02548453,0.99956292,-0.77462429,0.03699749,0.99900472,0.02491523,1.92609894,-0.99920297,0.03660767,0.01592457,-0.85195518
3,1598305683314102500,1598305683314057600,0.01552075,-0.02510219,0.99956453,-0.77468061,0.03715676,0.99900877,0.02451129,1.92606962,-0.99918902,0.03676014,0.01643807,-0.85051560
3,1598305683322949300,1598305683322894700,0.01505005,-0.02542154,0.99956369,-0.77483875,0.03701831,0.99900556,0.02484998,1.92607045,-0.99920148,0.03662816,0.01597619,-0.84930456
3,1598305683331934200,1598305683331889100,0.01540777,-0.02515158,0.99956506,-0.77484822,0.03738234,0.99899918,0.02456111,1.92620218,-0.99918246,0.03698765,0.01633260,-0.84800696
3,1598305683340829800,1598305683340732000,0.01510668,-0.02533567,0.99956501,-0.77507347,0.03727549,0.99899828,0.02475795,1.92612827,-0.99919099,0.03688526,0.01603594,-0.84668410
3,1598305683349951800,1598305683349885000,0.01519904,-0.02555078,0.99955815,-0.77534980,0.03712192,0.99899870,0.02497202,1.92634523,-0.99919534,0.03672596,0.01613235,-0.84578335
3,1598305683358777200,1598305683358683900,0.01498786,-0.02509723,0.99957281,-0.77532065,0.03731862,0.99900246,0.02452335,1.92635751,-0.99919116,0.03693512,0.01590949,-0.84456742
3,1598305683367861800,1598305683367823000,0.01521936,-0.02526405,0.99956506,-0.77537328,0.03753972,0.99899036,0.02467795,1.92633009,-0.99917942,0.03714781,0.01615238,-0.84321487
3,1598305683376756700,1598305683376716100,0.01500428,-0.02536648,0.99956578,-0.77547920,0.03748114,0.99898982,0.02478925,1.92631364,-0.99918485,0.03709292,0.01593992,-0.84186459
3,1598305683385860100,1598305683385799400,0.01494500,-0.02536132,0.99956679,-0.77552938,0.03748563,0.99898970,0.02478622,1.92629945,-0.99918556,0.03709895,0.01588061,-0.84060538
3,1598305683394660300,1598305683394572500,0.01511791,-0.02502253,0.99957269,-0.77508670,0.03759204,0.99899429,0.02443949,1.92628801,-0.99917895,0.03720650,0.01604337,-0.83942401
3,1598305683403783500,1598305683403727600,0.01512492,-0.02506976,0.99957144,-0.77510500,0.03777022,0.99898648,0.02448358,1.92621469,-0.99917215,0.03738372,0.01605648,-0.83824635
3,1598305683412589900,1598305683412553000,0.01514882,-0.02517531,0.99956840,-0.77515352,0.03784509,0.99898112,0.02458697,1.92619312,-0.99916893,0.03745630,0.01608610,-0.83684921
3,1598305683421643700,1598305683421597100,0.01505160,-0.02505786,0.99957287,-0.77524972,0.03775521,0.99898726,0.02447467,1.92636120,-0.99917388,0.03737069,0.01598239,-0.83597100
3,1598305683430516900,1598305683430458700,0.01515320,-0.02540698,0.99956250,-0.77516675,0.03785769,0.99897492,0.02481813,1.92637384,-0.99916840,0.03746505,0.01609951,-0.83468318
3,1598305683439607200,1598305683439544000,0.01503503,-0.02476191,0.99958050,-0.77517486,0.03807925,0.99898225,0.02417434,1.92644000,-0.99916178,0.03769981,0.01596260,-0.83343446
3,1598305683448535000,1598305683448441000,0.01529947,-0.02536768,0.99956131,-0.77533883,0.03785281,0.99897617,0.02477346,1.92640269,-0.99916637,0.03745718,0.01624399,-0.83240426
3,1598305683457595800,1598305683457537900,0.01491678,-0.02506962,0.99957460,-0.77540839,0.03791150,0.99898100,0.02448897,1.92641091,-0.99916995,0.03753008,0.01585200,-0.83117950
3,1598305683466449600,1598305683466371100,0.01516268,-0.02546436,0.99956083,-0.77545464,0.03796551,0.99896944,0.02487338,1.92629266,-0.99916416,0.03757169,0.01611382,-0.83017409
3,1598305683475641300,1598305683475532900,0.01516065,-0.02505443,0.99957126,-0.77548909,0.03810196,0.99897438,0.02446157,1.92634940,-0.99915904,0.03771476,0.01609972,-0.82874918
3,1598305683484453400,1598305683484369100,0.01533127,-0.02498781,0.99957037,-0.77564275,0.03809103,0.99897659,0.02438873,1.92640913,-0.99915683,0.03770076,0.01626739,-0.82767403
3,1598305683493547600,1598305683493499300,0.01495382,-0.02538469,0.99956608,-0.77553111,0.03790253,0.99897361,0.02480262,1.92637408,-0.99916971,0.03751519,0.01590061,-0.82629442
3,1598305683502355400,1598305683502285500,0.01504895,-0.02521924,0.99956882,-0.77562773,0.03817048,0.99896765,0.02462941,1.92636931,-0.99915808,0.03778337,0.01599604,-0.82519257
3,1598305683511512800,1598305683511455500,0.01504755,-0.02516269,0.99957031,-0.77571571,0.03827833,0.99896497,0.02457122,1.92639816,-0.99915397,0.03789214,0.01599514,-0.82371950
3,1598305683520396100,1598305683520293100,0.01513499,-0.02480812,0.99957776,-0.77576458,0.03834005,0.99897134,0.02421254,1.92644596,-0.99915028,0.03795740,0.01607057,-0.82253206
3,1598305683529402000,1598305683529346000,0.01482263,-0.02561712,0.99956208,-0.77576602,0.03821812,0.99895579,0.02503485,1.92631769,-0.99915963,0.03783030,0.01578617,-0.82122207
3,1598305683538376400,1598305683538294800,0.01484987,-0.02488855,0.99958003,-0.77575308,0.03850900,0.99896270,0.02430109,1.92628264,-0.99914807,0.03813196,0.01579291,-0.82007706
3,1598305683547410300,1598305683547372900,0.01514423,-0.02579078,0.99955285,-0.77578235,0.03828076,0.99894935,0.02519522,1.92624605,-0.99915242,0.03788208,0.01611561,-0.81891382
3,1598305683556183900,1598305683556151200,0.01480865,-0.02498885,0.99957824,-0.77566856,0.03847188,0.99896163,0.02440348,1.92632711,-0.99915010,0.03809427,0.01575461,-0.81765056
3,1598305683565575400,1598305683565502300,0.01483297,-0.02540476,0.99956739,-0.77571869,0.03843659,0.99895281,0.02481877,1.92628932,-0.99915111,0.03805182,0.01579392,-0.81642711
3,1598305683574137600,1598305683574110900,0.01475295,-0.02524950,0.99957252,-0.77562982,0.03840864,0.99895763,0.02466710,1.92632496,-0.99915344,0.03802831,0.01570737,-0.81504238
3,1598305683583218100,1598305683583189500,0.01487720,-0.02538944,0.99956715,-0.77571797,0.03834129,0.99895680,0.02480329,1.92640328,-0.99915409,0.03795569,0.01583511,-0.81402087
3,1598305683592211600,1598305683592181100,0.01488909,-0.02523402,0.99957085,-0.77557319,0.03837271,0.99895948,0.02464701,1.92642188,-0.99915272,0.03798927,0.01584190,-0.81295335
3,1598305683601479300,1598305683601371300,0.01475233,-0.02529450,0.99957132,-0.77568734,0.03844981,0.99895495,0.02471144,1.92635357,-0.99915177,0.03806877,0.01570952,-0.81176484
3,1598305683610081200,1598305683610006300,0.01495805,-0.02547706,0.99956369,-0.77561802,0.03834845,0.99895447,0.02488766,1.92627347,-0.99915260,0.03795945,0.01591945,-0.81041443
3,1598305683619218500,1598305683619161100,0.01478308,-0.02532117,0.99957025,-0.77550036,0.03839066,0.99895656,0.02473786,1.92621744,-0.99915361,0.03800846,0.01573977,-0.80906594
3,1598305683628065000,1598305683628004200,0.01489595,-0.02558390,0.99956185,-0.77570790,0.03847563,0.99894691,0.02499478,1.92622650,-0.99914867,0.03808645,0.01586464,-0.80795896
3,1598305683637145700,1598305683637103300,0.01466337,-0.02529222,0.99957269,-0.77572054,0.03868232,0.99894601,0.02470891,1.92631078,-0.99914414,0.03830348,0.01562628,-0.80657649
3,1598305683646002100,1598305683645937800,0.01470450,-0.02559876,0.99956429,-0.77578723,0.03856532,0.99894291,0.02501552,1.92637062,-0.99914807,0.03818067,0.01567617,-0.80548608
3,1598305683655089100,1598305683654987800,0.01493764,-0.02538855,0.99956620,-0.77581859,0.03860844,0.99894673,0.02479585,1.92643619,-0.99914294,0.03822130,0.01590213,-0.80430949
3,1598305683664076600,1598305683663921100,0.01461318,-0.02561726,0.99956518,-0.77596045,0.03875883,0.99893492,0.02503448,1.92638481,-0.99914193,0.03837614,0.01559052,-0.80308282
3,1598305683673127400,1598305683673069600,0.01473194,-0.02545278,0.99956763,-0.77593589,0.03883038,0.99893641,0.02486441,1.92637122,-0.99913734,0.03844728,0.01570463,-0.80166507
3,1598305683681868400,1598305683681814200,0.01458812,-0.02545400,0.99956971,-0.77608716,0.03866622,0.99894255,0.02487372,1.92638886,-0.99914587,0.03828672,0.01555690,-0.80048585
3,1598305683691032200,1598305683690946600,0.01457459,-0.02558716,0.99956650,-0.77607334,0.03861163,0.99894130,0.02500817,1.92632675,-0.99914819,0.03823041,0.01554710,-0.79933500
3,1598305683700543700,1598305683700447500,0.01440665,-0.02577700,0.99956411,-0.77615845,0.03872687,0.99893194,0.02520253,1.92629373,-0.99914610,0.03834690,0.01538953,-0.79804790
3,1598305683709898500,1598305683709845300,0.01467758,-0.02557859,0.99956524,-0.77612877,0.03881975,0.99893361,0.02499240,1.92627561,-0.99913859,0.03843604,0.01565492,-0.79679990
3,1598305683718782200,1598305683718730200,0.01452997,-0.02577904,0.99956220,-0.77616674,0.03871740,0.99893242,0.02519999,1.92632782,-0.99914473,0.03833429,0.01551259,-0.79565930
3,1598305683727459800,1598305683727398100,0.01451597,-0.02543797,0.99957120,-0.77620208,0.03878735,0.99893820,0.02485858,1.92635226,-0.99914217,0.03840987,0.01548722,-0.79455400
3,1598305683736346100,1598305683736294600,0.01455069,-0.02609184,0.99955380,-0.77621692,0.03882623,0.99892032,0.02551011,1.92633021,-0.99914014,0.03843771,0.01554802,-0.79332948
3,1598305683745522400,1598305683745396400,0.01445043,-0.02533350,0.99957478,-0.77618849,0.03892367,0.99893552,0.02475460,1.92643094,-0.99913788,0.03854940,0.01542106,-0.79197907
3,1598305683754299000,1598305683754226200,0.01454908,-0.02588973,0.99955904,-0.77617729,0.03883628,0.99892503,0.02530804,1.92639744,-0.99913985,0.03845095,0.01553890,-0.79080355
3,1598305683763381200,1598305683763326300,0.01437110,-0.02524652,0.99957806,-0.77625585,0.03893653,0.99893707,0.02467053,1.92652369,-0.99913853,0.03856555,0.01533887,-0.78954482
3,1598305683772218400,1598305683772142000,0.01460916,-0.02593282,0.99955714,-0.77638733,0.03894198,0.99891996,0.02534714,1.92642021,-0.99913484,0.03855443,0.01560327,-0.78806376
3,1598305683781341300,1598305683781288700,0.01435205,-0.02553715,0.99957103,-0.77636147,0.03893518,0.99892992,0.02496173,1.92658031,-0.99913877,0.03856022,0.01533097,-0.78692758
3,1598305683790210300,1598305683790153600,0.01491323,-0.02571283,0.99955833,-0.77635825,0.03896156,0.99892503,0.02511524,1.92659009,-0.99912953,0.03856980,0.01589900,-0.78572726
3,1598305683799288800,1598305683799258700,0.01458240,-0.02544905,0.99956989,-0.77644551,0.03905297,0.99892777,0.02486297,1.92656422,-0.99913090,0.03867361,0.01556063,-0.78452778
3,1598305683808219100,1598305683808139300,0.01444370,-0.02571546,0.99956512,-0.77654386,0.03895556,0.99892473,0.02513609,1.92652082,-0.99913669,0.03857556,0.01542991,-0.78323591
3,1598305683817279200,1598305683817244800,0.01438087,-0.02565959,0.99956745,-0.77657336,0.03898722,0.99892485,0.02508219,1.92641747,-0.99913645,0.03860965,0.01536581,-0.78177691
3,1598305683825787800,1598305683825746000,0.01441357,-0.02554331,0.99956995,-0.77660203,0.03896531,0.99892867,0.02496506,1.92641425,-0.99913681,0.03858872,0.01539344,-0.78057766
3,1598305683834831800,1598305683834778300,0.01419389,-0.02580181,0.99956644,-0.77673095,0.03899678,0.99892074,0.02523139,1.92641115,-0.99913871,0.03862174,0.01518476,-0.77935350
3,1598305683843728100,1598305683843697900,0.01431358,-0.02494485,0.99958652,-0.77678668,0.03925723,0.99893200,0.02436638,1.92649186,-0.99912679,0.03889223,0.01527756,-0.77829027
3,1598305683852809500,1598305683852748100,0.01430336,-0.02570125,0.99956745,-0.77682531,0.03889158,0.99892741,0.02512828,1.92650747,-0.99914122,0.03851534,0.01528758,-0.77720308
3,1598305683861673700,1598305683861632600,0.01418179,-0.02507957,0.99958503,-0.77659845,0.03892463,0.99894148,0.02451118,1.92652535,-0.99914169,0.03856086,0.01514298,-0.77594805
3,1598305683870872500,1598305683870780500,0.01415843,-0.02560391,0.99957204,-0.77682090,0.03886239,0.99893087,0.02503702,1.92646468,-0.99914443,0.03849127,0.01513839,-0.77475822
3,1598305683879794300,1598305683879742500,0.01411524,-0.02516674,0.99958378,-0.77680349,0.03900815,0.99893606,0.02459960,1.92656684,-0.99913931,0.03864468,0.01508191,-0.77347708
3,1598305683888651800,1598305683888618500,0.01453876,-0.02553754,0.99956828,-0.77671260,0.03894961,0.99892950,0.02495470,1.92652035,-0.99913555,0.03856998,0.01551783,-0.77238786
3,1598305683897556000,1598305683897482600,0.01413155,-0.02479857,0.99959278,-0.77668673,0.03904764,0.99894351,0.02423044,1.92660248,-0.99913752,0.03868932,0.01508492,-0.77121568
3,1598305683906655700,1598305683906608800,0.01452753,-0.02543500,0.99957103,-0.77672577,0.03906424,0.99892765,0.02485088,1.92648888,-0.99913126,0.03868645,0.01550555,-0.76988947
3,1598305683915507300,1598305683915452800,0.01434997,-0.02523415,0.99957871,-0.77674651,0.03895551,0.99893665,0.02465870,1.92668366,-0.99913806,0.03858524,0.01531774,-0.76884091
3,1598305683924632900,1598305683924547500,0.01470500,-0.02528941,0.99957216,-0.77666646,0.03904992,0.99893194,0.02469874,1.92668819,-0.99912918,0.03867001,0.01567686,-0.76760769
3,1598305683933575900,1598305683933489600,0.01430580,-0.02522654,0.99957955,-0.77673382,0.03912380,0.99893028,0.02465023,1.92660403,-0.99913216,0.03875471,0.01527748,-0.76647878
3,1598305683942553800,1598305683942464100,0.01470190,-0.02528105,0.99957240,-0.77695346,0.03909964,0.99893028,0.02468973,1.92656708,-0.99912727,0.03871993,0.01567462,-0.76523745
3,1598305683951410900,1598305683951380400,0.01448584,-0.02541072,0.99957228,-0.77712864,0.03897837,0.99893153,0.02482956,1.92655134,-0.99913526,0.03860202,0.01546079,-0.76407397
3,1598305683960522800,1598305683960494000,0.01456657,-0.02552117,0.99956834,-0.77707708,0.03894624,0.99893010,0.02493731,1.92650831,-0.99913526,0.03856617,0.01554492,-0.76285017
3,1598305683969385100,1598305683969332300,0.01429120,-0.02567585,0.99956834,-0.77709973,0.03907529,0.99892098,0.02510055,1.92641401,-0.99913430,0.03869970,0.01527908,-0.76168811
3,1598305683978502300,1598305683978442600,0.01462191,-0.02537472,0.99957126,-0.77729231,0.03919151,0.99892431,0.02478501,1.92648280,-0.99912488,0.03881230,0.01560062,-0.76049507
3,1598305683987387600,1598305683987354800,0.01475823,-0.02549830,0.99956608,-0.77736896,0.03918932,0.99892145,0.02490324,1.92638612,-0.99912298,0.03880478,0.01574162,-0.75913370
3,1598305683996530000,1598305683996444800,0.01448461,-0.02547801,0.99957061,-0.77732623,0.03915959,0.99892282,0.02489405,1.92637920,-0.99912816,0.03878219,0.01546672,-0.75785339
3,1598305684005303800,1598305684005259600,0.01423860,-0.02530907,0.99957848,-0.77732188,0.03932392,0.99892038,0.02473226,1.92641580,-0.99912518,0.03895519,0.01521847,-0.75663602
3,1598305684014448100,1598305684014361800,0.01425260,-0.02544357,0.99957478,-0.77731740,0.03933466,0.99891663,0.02486597,1.92642057,-0.99912459,0.03896353,0.01523799,-0.75546491
3,1598305684023226000,1598305684023185500,0.01445353,-0.02509210,0.99958080,-0.77709258,0.03936663,0.99892426,0.02450639,1.92643642,-0.99912047,0.03899593,0.01542577,-0.75427949
3,1598305684032545200,1598305684032488900,0.01434854,-0.02527662,0.99957776,-0.77704680,0.03939686,0.99891847,0.02469443,1.92636597,-0.99912077,0.03902589,0.01532882,-0.75299990
3,1598305684041389200,1598305684041343600,0.01448929,-0.02527114,0.99957579,-0.77715939,0.03943533,0.99891722,0.02468287,1.92634916,-0.99911726,0.03906096,0.01547018,-0.75185359
3,1598305684050474200,1598305684050386100,0.01422325,-0.02537288,0.99957705,-0.77718031,0.03924559,0.99892187,0.02479782,1.92638946,-0.99912852,0.03887628,0.01520365,-0.75083137
3,1598305684059159400,1598305684059129600,0.01436922,-0.02533635,0.99957585,-0.77706742,0.03938342,0.99891752,0.02475352,1.92644417,-0.99912101,0.03901102,0.01535150,-0.74972868
3,1598305684068334300,1598305684068307300,0.01444039,-0.02534395,0.99957466,-0.77704024,0.03953870,0.99891132,0.02475595,1.92641473,-0.99911386,0.03916439,0.01542673,-0.74844515
3,1598305684077169100,1598305684077129100,0.01418269,-0.02521797,0.99958152,-0.77722162,0.03947515,0.99891669,0.02464111,1.92645013,-0.99912006,0.03910915,0.01516283,-0.74691546
3,1598305684086214300,1598305684086183500,0.01445228,-0.02542177,0.99957246,-0.77725768,0.03934677,0.99891692,0.02483621,1.92648578,-0.99912125,0.03897101,0.01543692,-0.74591196
3,1598305684095044900,1598305684095011800,0.01417282,-0.02538460,0.99957746,-0.77747881,0.03930642,0.99891913,0.02481057,1.92648304,-0.99912685,0.03893818,0.01515526,-0.74480772
3,1598305684104119400,1598305684104073600,0.01406047,-0.02536980,0.99957943,-0.77756250,0.03944390,0.99891400,0.02479809,1.92643690,-0.99912298,0.03907864,0.01504585,-0.74355781
3,1598305684113111600,1598305684113071400,0.01443464,-0.02545881,0.99957180,-0.77769804,0.03946657,0.99891132,0.02487206,1.92636728,-0.99911678,0.03909066,0.01542369,-0.74226677
