4,1598305682105813600,1598305682105748100,0.00647107,-0.01559569,0.99985760,-0.77631700,-0.04168159,-0.99901372,-0.01531277,1.58685279,0.99911010,-0.04157657,-0.00711462,-1.02636170
4,1598305682115509300,1598305682115448700,0.00755247,-0.01703184,0.99982661,-0.77644759,-0.04123401,-0.99900997,-0.01670646,1.58702469,0.99912107,-0.04110068,-0.00824720,-1.02496803
4,1598305682124374700,1598305682124306700,0.00676787,-0.01527501,0.99986053,-0.77617604,-0.04188318,-0.99901038,-0.01497853,1.58687639,0.99909973,-0.04177597,-0.00740078,-1.02407575
4,1598305682133620500,1598305682133587200,0.00763345,-0.01650237,0.99983490,-0.77605605,-0.04151899,-0.99900699,-0.01617172,1.58719325,0.99910873,-0.04138869,-0.00831091,-1.02242839
4,1598305682142324000,1598305682142236000,0.00759807,-0.01660045,0.99983346,-0.77599859,-0.04126888,-0.99901569,-0.01627325,1.58723855,0.99911928,-0.04113836,-0.00827560,-1.02133858
4,1598305682151478700,1598305682151414900,0.00711989,-0.01580407,0.99984992,-0.77604562,-0.04175048,-0.99900806,-0.01549346,1.58728778,0.99910283,-0.04163390,-0.00777256,-1.02024901
4,1598305682160228400,1598305682160134100,0.00839216,-0.01749943,0.99981183,-0.77607691,-0.04118747,-0.99900454,-0.01713959,1.58749199,0.99911630,-0.04103588,-0.00910443,-1.01911163
4,1598305682169372100,1598305682169235200,0.00746384,-0.01508325,0.99985850,-0.77601171,-0.04168337,-0.99902195,-0.01475947,1.58707595,0.99910307,-0.04156731,-0.00808516,-1.01813853
4,1598305682178411900,1598305682178310200,0.00826263,-0.01690193,0.99982315,-0.77607989,-0.04113359,-0.99901670,-0.01654837,1.58734071,0.99911964,-0.04098959,-0.00894967,-1.01694417
4,1598305682187405700,1598305682187358700,0.00783589,-0.01597426,0.99984181,-0.77600330,-0.04133943,-0.99902290,-0.01563719,1.58724618,0.99911457,-0.04121036,-0.00848848,-1.01601255
4,1598305682196183300,1598305682196117200,0.00788990,-0.01472770,0.99986058,-0.77642363,-0.04182796,-0.99902141,-0.01438527,1.58723521,0.99909377,-0.04170863,-0.00849810,-1.01430929
4,1598305682205298200,1598305682205218500,0.00853398,-0.01656670,0.99982649,-0.77653325,-0.04116739,-0.99902099,-0.01620197,1.58752322,0.99911588,-0.04102198,-0.00920752,-1.01310253
4,1598305682214155000,1598305682214079900,0.00779074,-0.01497431,0.99985772,-0.77649081,-0.04164195,-0.99902552,-0.01463738,1.58739281,0.99910235,-0.04152199,-0.00840658,-1.01219726
4,1598305682223299700,1598305682223212200,0.00824267,-0.01592602,0.99983937,-0.77656543,-0.04148622,-0.99901783,-0.01557093,1.58761084,0.99910516,-0.04135121,-0.00889519,-1.01098621
4,1598305682232081800,1598305682232004900,0.00859872,-0.01585250,0.99983752,-0.77658033,-0.04114230,-0.99903339,-0.01548592,1.58743191,0.99911642,-0.04100246,-0.00924250,-1.00967205
4,1598305682241153500,1598305682241074800,0.00840506,-0.01534839,0.99984705,-0.77662218,-0.04136747,-0.99903172,-0.01498812,1.58745265,0.99910879,-0.04123517,-0.00903171,-1.00857258
4,1598305682250029200,1598305682249935400,0.00878990,-0.01641704,0.99982673,-0.77666056,-0.04111082,-0.99902594,-0.01604247,1.58764410,0.99911606,-0.04096269,-0.00945613,-1.00742280
4,1598305682259151100,1598305682259062500,0.00844905,-0.01499151,0.99985212,-0.77662039,-0.04145170,-0.99903351,-0.01462896,1.58733511,0.99910492,-0.04132197,-0.00906220,-1.00615644
4,1598305682268133300,1598305682268067900,0.00850058,-0.01525259,0.99984771,-0.77660751,-0.04137674,-0.99903280,-0.01488838,1.58761168,0.99910754,-0.04124387,-0.00912336,-1.00476289
4,1598305682277171400,1598305682277123400,0.00857669,-0.01505286,0.99985009,-0.77667117,-0.04132461,-0.99903798,-0.01468615,1.58759737,0.99910909,-0.04119246,-0.00919035,-1.00358951
4,1598305682285922500,1598305682285862300,0.00843170,-0.01474894,0.99985588,-0.77672040,-0.04140531,-0.99903893,-0.01438773,1.58760893,0.99910700,-0.04127803,-0.00903416,-1.00250494
4,1598305682295127300,1598305682295027900,0.00936532,-0.01556860,0.99983513,-0.77684486,-0.04131307,-0.99903125,-0.01516911,1.58766270,0.99910247,-0.04116419,-0.00999928,-1.00108027
4,1598305682304076200,1598305682303816000,0.00899285,-0.01501873,0.99984694,-0.77686685,-0.04120997,-0.99904341,-0.01463601,1.58750319,0.99911010,-0.04107204,-0.00960305,-0.99991286
4,1598305682313156600,1598305682312949300,0.00914270,-0.01511871,0.99984407,-0.77697670,-0.04129390,-0.99903858,-0.01472893,1.58755302,0.99910533,-0.04115279,-0.00975809,-0.99872363
4,1598305682321875500,1598305682321810400,0.00959024,-0.01526369,0.99983770,-0.77685058,-0.04129333,-0.99903673,-0.01485539,1.58755612,0.99910110,-0.04114416,-0.01021120,-0.99754894
4,1598305682331474300,1598305682331370200,0.00938964,-0.01462584,0.99984908,-0.77680176,-0.04119399,-0.99905002,-0.01422730,1.58748102,0.99910718,-0.04105418,-0.00998309,-0.99620044
4,1598305682340772900,1598305682340652700,0.00957501,-0.01470408,0.99984622,-0.77685964,-0.04114599,-0.99905097,-0.01429835,1.58757854,0.99910736,-0.04100275,-0.01017085,-0.99494922
4,1598305682349814900,1598305682349747900,0.00943014,-0.01485159,0.99984545,-0.77691263,-0.04117194,-0.99904770,-0.01445143,1.58769405,0.99910772,-0.04102930,-0.01003247,-0.99378645
4,1598305682358882200,1598305682358804100,0.01009876,-0.01524651,0.99983293,-0.77675390,-0.04107172,-0.99904644,-0.01481968,1.58769727,0.99910527,-0.04091519,-0.01071522,-0.99257636
4,1598305682367818400,1598305682367761300,0.00981176,-0.01436105,0.99984884,-0.77682149,-0.04114367,-0.99905604,-0.01394591,1.58762288,0.99910516,-0.04100062,-0.01039326,-0.99135888
4,1598305682376595800,1598305682376573700,0.00996450,-0.01490656,0.99983943,-0.77688169,-0.04098938,-0.99905467,-0.01448636,1.58775294,0.99911004,-0.04083844,-0.01056597,-0.99019015
4,1598305682385808400,1598305682385765300,0.01004574,-0.01448515,0.99984479,-0.77692342,-0.04100089,-0.99906027,-0.01406184,1.58769751,0.99910867,-0.04085327,-0.01063004,-0.98899090
4,1598305682394632300,1598305682394572900,0.01032281,-0.01415799,0.99984658,-0.77696955,-0.04122683,-0.99905574,-0.01372115,1.58769000,0.99909663,-0.04107886,-0.01089668,-0.98779535
4,1598305682403641800,1598305682403562900,0.01070932,-0.01515137,0.99982804,-0.77699804,-0.04072000,-0.99906254,-0.01470362,1.58779454,0.99911326,-0.04055553,-0.01131612,-0.98646796
4,1598305682412565200,1598305682412534400,0.01021925,-0.01395586,0.99985051,-0.77702284,-0.04099642,-0.99906784,-0.01352592,1.58767641,0.99910712,-0.04085207,-0.01078174,-0.98540521
4,1598305682421597100,1598305682421555100,0.01065764,-0.01458079,0.99983710,-0.77708673,-0.04094337,-0.99906164,-0.01413306,1.58785784,0.99910474,-0.04078607,-0.01124451,-0.98417950
4,1598305682430476300,1598305682430436700,0.01091596,-0.01482668,0.99983060,-0.77699101,-0.04050342,-0.99907613,-0.01437328,1.58768833,0.99911988,-0.04033966,-0.01150629,-0.98293674
4,1598305682439800500,1598305682439614000,0.01052207,-0.01366572,0.99985141,-0.77696300,-0.04084064,-0.99907827,-0.01322536,1.58753705,0.99911040,-0.04069541,-0.01107037,-0.98181987
4,1598305682448413800,1598305682448347700,0.01119530,-0.01462466,0.99983048,-0.77698481,-0.04068142,-0.99907196,-0.01415805,1.58772469,0.99910951,-0.04051602,-0.01177976,-0.98065627
4,1598305682457500700,1598305682457438900,0.01094452,-0.01428361,0.99983823,-0.77706051,-0.04076463,-0.99907321,-0.01382646,1.58771586,0.99910891,-0.04060671,-0.01151657,-0.97954273
4,1598305682466572400,1598305682466537100,0.01115078,-0.01401258,0.99983978,-0.77698988,-0.04071358,-0.99907911,-0.01354786,1.58775997,0.99910873,-0.04055599,-0.01171091,-0.97819436
4,1598305682475435800,1598305682475374600,0.01110724,-0.01414896,0.99983835,-0.77701485,-0.04068764,-0.99907827,-0.01368620,1.58783007,0.99911028,-0.04052904,-0.01167259,-0.97708404
4,1598305682484446100,1598305682484341000,0.01101092,-0.01382236,0.99984401,-0.77702630,-0.04070840,-0.99908185,-0.01336352,1.58782029,0.99911052,-0.04055490,-0.01156339,-0.97597384
4,1598305682493445300,1598305682493371300,0.01148468,-0.01405455,0.99983543,-0.77704954,-0.04075254,-0.99907714,-0.01357579,1.58783960,0.99910343,-0.04058992,-0.01204672,-0.97479272
4,1598305682502521700,1598305682502460300,0.01142353,-0.01339985,0.99984515,-0.77708560,-0.04076517,-0.99908531,-0.01292392,1.58790755,0.99910355,-0.04061122,-0.01195920,-0.97356045
4,1598305682511600300,1598305682511483700,0.01167393,-0.01420218,0.99983108,-0.77712035,-0.04055244,-0.99908334,-0.01371808,1.58806157,0.99910933,-0.04038545,-0.01223901,-0.97241104
4,1598305682520349300,1598305682520228000,0.01149103,-0.01360879,0.99984157,-0.77710605,-0.04068506,-0.99908584,-0.01313092,1.58800888,0.99910605,-0.04052772,-0.01203412,-0.97137475
4,1598305682533250300,1598305682533218900,0.01194841,-0.01381873,0.99983335,-0.77750611,-0.04054269,-0.99908912,-0.01332395,1.58793080,0.99910647,-0.04037673,-0.01249769,-0.96927786
4,1598305682542521700,1598305682542421600,0.01182425,-0.01296534,0.99984622,-0.77757740,-0.04069068,-0.99909407,-0.01247438,1.58778763,0.99910200,-0.04053692,-0.01234099,-0.96806097
4,1598305682551339100,1598305682551182500,0.01182827,-0.01246434,0.99985254,-0.77771175,-0.04088699,-0.99909216,-0.01197117,1.58775580,0.99909383,-0.04073936,-0.01232705,-0.96692228
4,1598305682560625800,1598305682560545800,0.01234508,-0.01400999,0.99982584,-0.77749306,-0.04045530,-0.99909025,-0.01350017,1.58796906,0.99910522,-0.04028159,-0.01290053,-0.96572745
4,1598305682569338900,1598305682569213500,0.01209539,-0.01317547,0.99984014,-0.77745897,-0.04049858,-0.99909931,-0.01267579,1.58772564,0.99910647,-0.04033879,-0.01261795,-0.96451378
4,1598305682578403900,1598305682578242400,0.01203448,-0.01325834,0.99983978,-0.77758628,-0.04050687,-0.99909788,-0.01276094,1.58777297,0.99910688,-0.04034681,-0.01256058,-0.96332777
4,1598305682587110800,1598305682587039400,0.01250368,-0.01383363,0.99982625,-0.77767825,-0.04039849,-0.99909502,-0.01331829,1.58789206,0.99910551,-0.04022494,-0.01305109,-0.96210933
4,1598305682596290800,1598305682596270300,0.01196730,-0.01346860,0.99983788,-0.77760220,-0.04046879,-0.99909669,-0.01297424,1.58788228,0.99910927,-0.04030696,-0.01250145,-0.96118784
4,1598305682605116000,1598305682605054300,0.01206711,-0.01304813,0.99984229,-0.77765173,-0.04034694,-0.99910700,-0.01255159,1.58796191,0.99911296,-0.04018911,-0.01258266,-0.95980525
4,1598305682614123000,1598305682614067300,0.01242316,-0.01293756,0.99983931,-0.77773452,-0.04043075,-0.99910522,-0.01242570,1.58805990,0.99910522,-0.04026988,-0.01293498,-0.95866120
4,1598305682622781700,1598305682622726900,0.01202032,-0.01367092,0.99983442,-0.77777165,-0.04027202,-0.99910200,-0.01317675,1.58813000,0.99911660,-0.04010697,-0.01255995,-0.95756888
4,1598305682631828700,1598305682631795700,0.01218343,-0.01289130,0.99984282,-0.77787024,-0.04026335,-0.99911237,-0.01239126,1.58813524,0.99911499,-0.04010605,-0.01269156,-0.95630288
4,1598305682640675900,1598305682640621000,0.01206404,-0.01304203,0.99984235,-0.77789372,-0.04022730,-0.99911189,-0.01254713,1.58827543,0.99911785,-0.04006958,-0.01257786,-0.95521486
4,1598305682649938900,1598305682649748400,0.01225528,-0.01354063,0.99983341,-0.77792603,-0.04023955,-0.99910516,-0.01303754,1.58843660,0.99911499,-0.04007307,-0.01278907,-0.95408702
4,1598305682658606600,1598305682658541400,0.01203394,-0.01280942,0.99984574,-0.77797675,-0.04032364,-0.99911088,-0.01231468,1.58837461,0.99911433,-0.04016922,-0.01253963,-0.95298076
4,1598305682667778100,1598305682667757900,0.01194698,-0.01294544,0.99984503,-0.77776670,-0.04004515,-0.99912035,-0.01245756,1.58832264,0.99912655,-0.03989011,-0.01245478,-0.95175076
4,1598305682676579200,1598305682676554700,0.01170966,-0.01311208,0.99984562,-0.77774459,-0.04008024,-0.99911672,-0.01263313,1.58844042,0.99912798,-0.03992612,-0.01222470,-0.95071089
4,1598305682685892700,1598305682685837200,0.01170489,-0.01291198,0.99984825,-0.77774042,-0.04011342,-0.99911791,-0.01243296,1.58844578,0.99912667,-0.03996181,-0.01221240,-0.94954538
4,1598305682694628700,1598305682694566700,0.01190558,-0.01284705,0.99984676,-0.77791393,-0.04016680,-0.99911666,-0.01235938,1.58849931,0.99912214,-0.04001350,-0.01241097,-0.94834185
4,1598305682703624800,1598305682703528100,0.01175243,-0.01306274,0.99984574,-0.77785146,-0.03990356,-0.99912441,-0.01258429,1.58840454,0.99913448,-0.03974951,-0.01226330,-0.94710481
4,1598305682712529000,1598305682712410500,0.01161876,-0.01280810,0.99985063,-0.77781904,-0.03986306,-0.99912912,-0.01233563,1.58835411,0.99913776,-0.03971378,-0.01211911,-0.94599617
4,1598305682721573100,1598305682721490400,0.01166448,-0.01244806,0.99985462,-0.77787995,-0.03991815,-0.99913132,-0.01197337,1.58831835,0.99913502,-0.03977268,-0.01215109,-0.94482136
4,1598305682730491100,1598305682730400000,0.01162988,-0.01289164,0.99984944,-0.77822793,-0.03968322,-0.99913526,-0.01242086,1.58834910,0.99914467,-0.03953278,-0.01213130,-0.94345129
4,1598305682739471200,1598305682739405300,0.01138359,-0.01299391,0.99985093,-0.77834433,-0.03951824,-0.99914032,-0.01253475,1.58840632,0.99915409,-0.03936966,-0.01188719,-0.94232833
4,1598305682748383500,1598305682748342400,0.01153144,-0.01257191,0.99985468,-0.77846199,-0.03958147,-0.99914312,-0.01210647,1.58839369,0.99914992,-0.03943611,-0.01201904,-0.94119382
4,1598305682757558200,1598305682757460300,0.01148197,-0.01278790,0.99985248,-0.77842593,-0.03950155,-0.99914360,-0.01232521,1.58846092,0.99915367,-0.03935420,-0.01197717,-0.94003248
4,1598305682766468600,1598305682766436600,0.01146451,-0.01297253,0.99985027,-0.77836096,-0.03933648,-0.99914783,-0.01251238,1.58850312,0.99916035,-0.03918714,-0.01196492,-0.93875778
4,1598305682775543600,1598305682775438000,0.01126739,-0.01259520,0.99985737,-0.77844167,-0.03936848,-0.99915111,-0.01214266,1.58848906,0.99916130,-0.03922605,-0.01175356,-0.93762434
4,1598305682784431900,1598305682784296700,0.01146016,-0.01238357,0.99985778,-0.77858222,-0.03939123,-0.99915284,-0.01192335,1.58851767,0.99915826,-0.03924898,-0.01193812,-0.93647218
4,1598305682793474900,1598305682793434600,0.01135796,-0.01320584,0.99984843,-0.77856684,-0.03925391,-0.99914801,-0.01275067,1.58860350,0.99916482,-0.03910314,-0.01186654,-0.93530512
4,1598305682802268700,1598305682802202300,0.01110581,-0.01274786,0.99985719,-0.77840561,-0.03919779,-0.99915582,-0.01230353,1.58847332,0.99916989,-0.03905555,-0.01159596,-0.93404150
4,1598305682811565400,1598305682811476200,0.01133555,-0.01258621,0.99985671,-0.77846324,-0.03928078,-0.99915469,-0.01213204,1.58852458,0.99916399,-0.03913762,-0.01182023,-0.93286681
4,1598305682820242400,1598305682820194700,0.01133424,-0.01281666,0.99985379,-0.77847767,-0.03924745,-0.99915314,-0.01236278,1.58861852,0.99916542,-0.03910158,-0.01182756,-0.93177807
4,1598305682829357600,1598305682829292900,0.01118782,-0.01296774,0.99985349,-0.77863050,-0.03919121,-0.99915344,-0.01252013,1.58854198,0.99916917,-0.03904540,-0.01168647,-0.93059719
4,1598305682838342400,1598305682838149600,0.01104423,-0.01264844,0.99985921,-0.77852952,-0.03910398,-0.99916071,-0.01220767,1.58849454,0.99917418,-0.03896365,-0.01152945,-0.92921627
4,1598305682847288500,1598305682847198700,0.01123869,-0.01274836,0.99985576,-0.77854383,-0.03905186,-0.99916160,-0.01230055,1.58856964,0.99917406,-0.03890799,-0.01172701,-0.92805755
4,1598305682856148000,1598305682856094200,0.01123518,-0.01275117,0.99985576,-0.77870309,-0.03918098,-0.99915653,-0.01230199,1.58857298,0.99916899,-0.03903712,-0.01172519,-0.92692554
4,1598305682865284900,1598305682865251800,0.01066667,-0.01285030,0.99986070,-0.77857900,-0.03899495,-0.99916226,-0.01242533,1.58860970,0.99918258,-0.03885698,-0.01115870,-0.92561185
4,1598305682874082200,1598305682873998400,0.01108417,-0.01224401,0.99986374,-0.77862102,-0.03910180,-0.99916565,-0.01180200,1.58862007,0.99917382,-0.03896565,-0.01155356,-0.92444634
4,1598305682883222100,1598305682883153500,0.01094344,-0.01292638,0.99985671,-0.77861476,-0.03897998,-0.99916202,-0.01249077,1.58880925,0.99918020,-0.03883770,-0.01143804,-0.92335904
4,1598305682892030500,1598305682891899800,0.01081860,-0.01275552,0.99986029,-0.77867728,-0.03898209,-0.99916404,-0.01232485,1.58877027,0.99918151,-0.03884330,-0.01130667,-0.92218411
4,1598305682901197100,1598305682901143200,0.01073715,-0.01248314,0.99986458,-0.77860314,-0.03887953,-0.99917132,-0.01205697,1.58872581,0.99918634,-0.03874481,-0.01121348,-0.92091238
4,1598305682909955700,1598305682909825900,0.01099646,-0.01267960,0.99985933,-0.77866566,-0.03887449,-0.99916923,-0.01224331,1.58883882,0.99918377,-0.03873439,-0.01148009,-0.91982794
4,1598305682919155000,1598305682918970200,0.01063210,-0.01258557,0.99986446,-0.77870548,-0.03889634,-0.99916935,-0.01216321,1.58891606,0.99918681,-0.03876175,-0.01111269,-0.91883290
4,1598305682927940400,1598305682927842100,0.01066208,-0.01288073,0.99986041,-0.77885509,-0.03876903,-0.99917066,-0.01245843,1.58885217,0.99919140,-0.03863078,-0.01115254,-0.91742647
4,1598305682937202300,1598305682936983800,0.01076207,-0.01239781,0.99986541,-0.77886474,-0.03875633,-0.99917710,-0.01197212,1.58874726,0.99919081,-0.03862227,-0.01123360,-0.91608393
4,1598305682945892600,1598305682945857300,0.01068953,-0.01278923,0.99986124,-0.77893943,-0.03867513,-0.99917543,-0.01236698,1.58887768,0.99919486,-0.03853756,-0.01117522,-0.91498375
4,1598305682955162200,1598305682955132700,0.01070556,-0.01304028,0.99985784,-0.77898467,-0.03858750,-0.99917567,-0.01261822,1.58893168,0.99919796,-0.03844692,-0.01119986,-0.91383743
4,1598305682963792600,1598305682963734500,0.01052216,-0.01232288,0.99986887,-0.77917755,-0.03863470,-0.99918258,-0.01190785,1.58880234,0.99919808,-0.03850434,-0.01098952,-0.91244471
4,1598305682973051100,1598305682972889900,0.01060966,-0.01273009,0.99986285,-0.77928793,-0.03857391,-0.99918002,-0.01231209,1.58891177,0.99919957,-0.03843798,-0.01109192,-0.91126895
4,1598305682981739300,1598305682981710000,0.01045719,-0.01252846,0.99986696,-0.77937585,-0.03859062,-0.99918175,-0.01211627,1.58898890,0.99920052,-0.03845879,-0.01093200,-0.91026390
4,1598305682990910800,1598305682990810900,0.01040962,-0.01303868,0.99986100,-0.77932346,-0.03843769,-0.99918133,-0.01262964,1.58895922,0.99920690,-0.03830088,-0.01090217,-0.90895963
4,1598305682999635400,1598305682999603800,0.01050815,-0.01270473,0.99986422,-0.77930760,-0.03843680,-0.99918556,-0.01229216,1.58878875,0.99920595,-0.03830241,-0.01098779,-0.90752411
4,1598305683008791400,1598305683008756500,0.01030943,-0.01271361,0.99986619,-0.77936375,-0.03845160,-0.99918479,-0.01230848,1.58888268,0.99920738,-0.03831956,-0.01078978,-0.90642297
4,1598305683017579000,1598305683017552100,0.01034448,-0.01318006,0.99985981,-0.77944386,-0.03833875,-0.99918330,-0.01277450,1.58898592,0.99921143,-0.03820122,-0.01084119,-0.90529871
4,1598305683026757300,1598305683026723600,0.01038143,-0.01294522,0.99986243,-0.77972412,-0.03831607,-0.99918711,-0.01253865,1.58888412,0.99921191,-0.03818063,-0.01086885,-0.90405619
4,1598305683035636500,1598305683035584400,0.01028681,-0.01291644,0.99986386,-0.77974159,-0.03831321,-0.99918753,-0.01251353,1.58903313,0.99921292,-0.03817927,-0.01077318,-0.90271294
4,1598305683044728200,1598305683044671200,0.01019943,-0.01282106,0.99986595,-0.77986968,-0.03837880,-0.99918622,-0.01242085,1.58912373,0.99921131,-0.03824697,-0.01068306,-0.90162051
4,1598305683053595100,1598305683053538200,0.01001585,-0.01281071,0.99986792,-0.77998912,-0.03840751,-0.99918514,-0.01241722,1.58918917,0.99921209,-0.03827807,-0.01049960,-0.90055871
4,1598305683062721300,1598305683062646100,0.00995710,-0.01320575,0.99986339,-0.77958751,-0.03815963,-0.99918956,-0.01281684,1.58906579,0.99922216,-0.03802679,-0.01045281,-0.89907742
4,1598305683071645100,1598305683071476000,0.01012853,-0.01266261,0.99986875,-0.77966124,-0.03839184,-0.99918759,-0.01226508,1.58911252,0.99921155,-0.03826256,-0.01060632,-0.89800966
4,1598305683080589000,1598305683080558600,0.00984553,-0.01360986,0.99985909,-0.77975893,-0.03808174,-0.99918723,-0.01322573,1.58933365,0.99922627,-0.03794615,-0.01035568,-0.89693487
4,1598305683089597700,1598305683089477700,0.00989237,-0.01307598,0.99986577,-0.77972597,-0.03824296,-0.99918801,-0.01268876,1.58921337,0.99921960,-0.03811230,-0.01038426,-0.89580119
4,1598305683098614100,1598305683098538200,0.00981897,-0.01287508,0.99986911,-0.77975047,-0.03814125,-0.99919438,-0.01249184,1.58919346,0.99922425,-0.03801360,-0.01030201,-0.89435983
4,1598305683107440200,1598305683107389500,0.00986677,-0.01310496,0.99986559,-0.77978599,-0.03803615,-0.99919552,-0.01272083,1.58931518,0.99922776,-0.03790552,-0.01035717,-0.89331627
4,1598305683116720100,1598305683116610600,0.00963053,-0.01302435,0.99986893,-0.77989960,-0.03817765,-0.99919105,-0.01264781,1.58940423,0.99922472,-0.03805084,-0.01011986,-0.89226437
4,1598305683125485900,1598305683125421900,0.00952721,-0.01357060,0.99986267,-0.77963102,-0.03797539,-0.99919164,-0.01319965,1.58939028,0.99923342,-0.03784441,-0.01003474,-0.89105499
4,1598305683134689900,1598305683134575600,0.00966534,-0.01275845,0.99987209,-0.77976620,-0.03806071,-0.99919885,-0.01238195,1.58928442,0.99922884,-0.03793616,-0.01014307,-0.88970053
4,1598305683143432100,1598305683143315000,0.00929907,-0.01346248,0.99986631,-0.77988666,-0.03790023,-0.99919575,-0.01310097,1.58948600,0.99923831,-0.03777333,-0.00980172,-0.88866568
4,1598305683152515300,1598305683152492600,0.00959414,-0.01305424,0.99986893,-0.78001606,-0.03802034,-0.99919665,-0.01268064,1.58951378,0.99923104,-0.03789369,-0.01008266,-0.88752759
4,1598305683161285600,1598305683161259400,0.00920081,-0.01343821,0.99986750,-0.77991474,-0.03777990,-0.99920058,-0.01308159,1.58943522,0.99924386,-0.03765453,-0.00970098,-0.88636899
4,1598305683170586600,1598305683170541000,0.00977319,-0.01297441,0.99986815,-0.77980411,-0.03790920,-0.99920195,-0.01259522,1.58932436,0.99923348,-0.03778111,-0.01025712,-0.88476467
4,1598305683179345200,1598305683179308100,0.00898093,-0.01311878,0.99987376,-0.77992278,-0.03783669,-0.99920249,-0.01277013,1.58943391,0.99924374,-0.03771722,-0.00946999,-0.88384223
4,1598305683188414100,1598305683188380300,0.00960574,-0.01304875,0.99986887,-0.77999938,-0.03794281,-0.99919963,-0.01267551,1.58947301,0.99923384,-0.03781607,-0.01009306,-0.88263142
4,1598305683197359400,1598305683197309200,0.00890353,-0.01302205,0.99987566,-0.77998024,-0.03779494,-0.99920523,-0.01267677,1.58925366,0.99924594,-0.03767737,-0.00938854,-0.88131237
4,1598305683206266200,1598305683206200200,0.00940600,-0.01311920,0.99986988,-0.78001153,-0.03786343,-0.99920166,-0.01275424,1.58935285,0.99923873,-0.03773853,-0.00989515,-0.88016772
4,1598305683215188000,1598305683215135800,0.00901741,-0.01293981,0.99987578,-0.78009295,-0.03789990,-0.99920237,-0.01258929,1.58942533,0.99924093,-0.03778167,-0.00950047,-0.87915921
4,1598305683224305200,1598305683224219900,0.00911230,-0.01354868,0.99986684,-0.78011203,-0.03772845,-0.99920100,-0.01319582,1.58945084,0.99924660,-0.03760318,-0.00961611,-0.87773883
4,1598305683233186900,1598305683233160400,0.00899020,-0.01302328,0.99987495,-0.77987003,-0.03779222,-0.99920535,-0.01267476,1.58923912,0.99924523,-0.03767354,-0.00947511,-0.87641037
4,1598305683242283400,1598305683242201400,0.00905943,-0.01289268,0.99987602,-0.77984387,-0.03786717,-0.99920422,-0.01254092,1.58933258,0.99924183,-0.03774886,-0.00954029,-0.87533593
4,1598305683251052800,1598305683251020200,0.00886157,-0.01346079,0.99987030,-0.77975762,-0.03779827,-0.99919945,-0.01311676,1.58950329,0.99924624,-0.03767713,-0.00936314,-0.87432075
4,1598305683260383500,1598305683260276600,0.00870523,-0.01307831,0.99987674,-0.77997351,-0.03792635,-0.99919945,-0.01273925,1.58946192,0.99924272,-0.03781077,-0.00919417,-0.87313676
4,1598305683269073900,1598305683269020900,0.00861037,-0.01316798,0.99987638,-0.77986449,-0.03786313,-0.99920064,-0.01283302,1.58931351,0.99924600,-0.03774795,-0.00910196,-0.87158370
4,1598305683278288900,1598305683278194700,0.00896117,-0.01286613,0.99987721,-0.77986830,-0.03806461,-0.99919701,-0.01251624,1.58935428,0.99923521,-0.03794777,-0.00944364,-0.87046909
4,1598305683286947700,1598305683286878500,0.00796080,-0.01287733,0.99988556,-0.77991730,-0.03806350,-0.99919647,-0.01256541,1.58944905,0.99924374,-0.03795911,-0.00844446,-0.86951816
4,1598305683296203100,1598305683296077000,0.00874308,-0.01330300,0.99987340,-0.78004563,-0.03798508,-0.99919438,-0.01296182,1.58944738,0.99924022,-0.03786694,-0.00924122,-0.86811268
4,1598305683304933000,1598305683304875200,0.00805035,-0.01266480,0.99988759,-0.78000659,-0.03808061,-0.99919850,-0.01234948,1.58905113,0.99924237,-0.03797691,-0.00852609,-0.86679614
4,1598305683314142700,1598305683314114700,0.00903627,-0.01303161,0.99987435,-0.78007960,-0.03812956,-0.99919248,-0.01267813,1.58912957,0.99923205,-0.03801020,-0.00952572,-0.86555660
4,1598305683322994000,1598305683322937700,0.00800312,-0.01331128,0.99987960,-0.78026921,-0.03802195,-0.99919248,-0.01299780,1.58918405,0.99924499,-0.03791334,-0.00850263,-0.86457992
4,1598305683331957300,1598305683331927200,0.00815320,-0.01226723,0.99989164,-0.78019059,-0.03852598,-0.99918634,-0.01194443,1.58905637,0.99922448,-0.03842442,-0.00861904,-0.86292088
4,1598305683340854400,1598305683340752500,0.00815898,-0.01361645,0.99987411,-0.78037071,-0.03810498,-0.99918538,-0.01329614,1.58921719,0.99924058,-0.03799170,-0.00867110,-0.86177945
4,1598305683350093100,1598305683349917800,0.00842789,-0.01211793,0.99989128,-0.78041136,-0.03863464,-0.99918407,-0.01178372,1.58907557,0.99921799,-0.03853112,-0.00888905,-0.86058164
4,1598305683358836400,1598305683358755000,0.00796130,-0.01329013,0.99988019,-0.78057635,-0.03832990,-0.99918103,-0.01297565,1.58925557,0.99923354,-0.03822200,-0.00846407,-0.85952580
4,1598305683367899500,1598305683367858100,0.00829712,-0.01286130,0.99988306,-0.78038561,-0.03858488,-0.99917686,-0.01253204,1.58895504,0.99922103,-0.03847639,-0.00878641,-0.85784042
4,1598305683376782100,1598305683376754700,0.00763211,-0.01287431,0.99988818,-0.78046244,-0.03854463,-0.99917793,-0.01257096,1.58895922,0.99922782,-0.03844438,-0.00812197,-0.85679185
4,1598305683385884200,1598305683385829900,0.00841948,-0.01300117,0.99988019,-0.78049636,-0.03863812,-0.99917310,-0.01266663,1.58900380,0.99921799,-0.03852684,-0.00891477,-0.85556889
4,1598305683394684500,1598305683394615000,0.00782767,-0.01277949,0.99988788,-0.78038174,-0.03878701,-0.99916983,-0.01246667,1.58900309,0.99921697,-0.03868508,-0.00831676,-0.85471487
4,1598305683403847800,1598305683403761000,0.00828564,-0.01322092,0.99987841,-0.78012550,-0.03886379,-0.99916148,-0.01288939,1.58900809,0.99921030,-0.03875227,-0.00879240,-0.85307574
4,1598305683412615600,1598305683412576700,0.00755605,-0.01266894,0.99989140,-0.78008473,-0.03910208,-0.99915886,-0.01236417,1.58897579,0.99920678,-0.03900440,-0.00804496,-0.85214674
4,1598305683421679800,1598305683421619500,0.00774175,-0.01269821,0.99988955,-0.78002274,-0.03915061,-0.99915665,-0.01238578,1.58901429,0.99920344,-0.03905039,-0.00823221,-0.85098207
4,1598305683430541000,1598305683430480300,0.00830460,-0.01336460,0.99987632,-0.78001583,-0.03917133,-0.99914765,-0.01302952,1.58895421,0.99919808,-0.03905828,-0.00882092,-0.84918106
4,1598305683439630800,1598305683439566900,0.00776780,-0.01272043,0.99988908,-0.77990830,-0.03934853,-0.99914867,-0.01240533,1.58890069,0.99919546,-0.03924780,-0.00826159,-0.84806991
4,1598305683448613000,1598305683448493300,0.00795534,-0.01327760,0.99988037,-0.77996349,-0.03920003,-0.99914753,-0.01295598,1.58895898,0.99919987,-0.03909228,-0.00846893,-0.84691584
4,1598305683457671700,1598305683457573500,0.00719896,-0.01334469,0.99988520,-0.78022015,-0.03902217,-0.99915320,-0.01305397,1.58898449,0.99921256,-0.03892371,-0.00771350,-0.84576380
4,1598305683466512100,1598305683466393500,0.00786936,-0.01223207,0.99989438,-0.78016150,-0.03954381,-0.99914694,-0.01191171,1.58872688,0.99918699,-0.03944590,-0.00834623,-0.84417069
4,1598305683475664900,1598305683475596900,0.00707695,-0.01316960,0.99988842,-0.78020900,-0.03932580,-0.99914354,-0.01288146,1.58889461,0.99920148,-0.03923025,-0.00758868,-0.84310210
4,1598305683484477000,1598305683484410400,0.00763533,-0.01222061,0.99989629,-0.78019691,-0.03970124,-0.99914074,-0.01190822,1.58877540,0.99918258,-0.03960620,-0.00811377,-0.84188378
4,1598305683493582700,1598305683493540900,0.00761575,-0.01265604,0.99989110,-0.78047085,-0.03952601,-0.99914241,-0.01234551,1.58885837,0.99918962,-0.03942768,-0.00810936,-0.84063363
4,1598305683502410700,1598305683502311600,0.00774547,-0.01251943,0.99989176,-0.78023684,-0.03959747,-0.99914134,-0.01220330,1.58862126,0.99918580,-0.03949866,-0.00823447,-0.83902586
4,1598305683511535800,1598305683511497000,0.00708392,-0.01273400,0.99989402,-0.78029239,-0.03960888,-0.99913788,-0.01244376,1.58871078,0.99919021,-0.03951653,-0.00758210,-0.83790100
4,1598305683520448500,1598305683520328800,0.00765496,-0.01284330,0.99988842,-0.78033793,-0.03967053,-0.99913436,-0.01252990,1.58871639,0.99918360,-0.03957018,-0.00815773,-0.83663774
4,1598305683529478900,1598305683529380800,0.00727594,-0.01236359,0.99989724,-0.78048986,-0.03979070,-0.99913532,-0.01206463,1.58866715,0.99918163,-0.03969883,-0.00776145,-0.83558893
4,1598305683538401700,1598305683538381500,0.00751394,-0.01246727,0.99989420,-0.78051239,-0.03994304,-0.99912810,-0.01215756,1.58845735,0.99917376,-0.03984746,-0.00800526,-0.83405793
4,1598305683547435000,1598305683547405000,0.00718197,-0.01260988,0.99989486,-0.78055602,-0.03989238,-0.99912822,-0.01231368,1.58847785,0.99917823,-0.03979974,-0.00767863,-0.83295679
4,1598305683556267700,1598305683556173800,0.00695059,-0.01225154,0.99990094,-0.78059316,-0.04002253,-0.99912727,-0.01196385,1.58844256,0.99917465,-0.03993541,-0.00743476,-0.83178282
4,1598305683565599700,1598305683565552700,0.00711367,-0.01298506,0.99989057,-0.78058273,-0.03988660,-0.99912375,-0.01269133,1.58841288,0.99917901,-0.03979195,-0.00762528,-0.83015656
4,1598305683574167200,1598305683574146000,0.00724742,-0.01215465,0.99990004,-0.78055239,-0.04011905,-0.99912471,-0.01185444,1.58831036,0.99916875,-0.04002912,-0.00772858,-0.82902789
4,1598305683583243400,1598305683583212200,0.00699627,-0.01278598,0.99989390,-0.78062612,-0.03991519,-0.99912506,-0.01249686,1.58841348,0.99917871,-0.03982352,-0.00750041,-0.82788861
4,1598305683592235000,1598305683592204200,0.00721285,-0.01267652,0.99989378,-0.78057069,-0.04003762,-0.99912161,-0.01237791,1.58833933,0.99917227,-0.03994409,-0.00771397,-0.82665420
4,1598305683601502900,1598305683601428200,0.00678480,-0.01255823,0.99989831,-0.78055048,-0.04007003,-0.99912161,-0.01227658,1.58815479,0.99917394,-0.03998266,-0.00728190,-0.82516193
4,1598305683610155100,1598305683610062800,0.00725096,-0.01263847,0.99989402,-0.78054190,-0.04009015,-0.99912000,-0.01233797,1.58815789,0.99916983,-0.03999644,-0.00775114,-0.82399046
4,1598305683619299200,1598305683619194600,0.00667843,-0.01218338,0.99990362,-0.78057504,-0.04017943,-0.99912167,-0.01190549,1.58810115,0.99917024,-0.04009604,-0.00716197,-0.82295346
4,1598305683628110000,1598305683628032700,0.00693041,-0.01259623,0.99989676,-0.78030968,-0.04016281,-0.99911749,-0.01230804,1.58806348,0.99916923,-0.04007336,-0.00743011,-0.82170904
4,1598305683637184700,1598305683637136300,0.00632066,-0.01277553,0.99989855,-0.78029639,-0.04027952,-0.99911022,-0.01251084,1.58808351,0.99916857,-0.04019635,-0.00682950,-0.82014894
4,1598305683646047700,1598305683645959500,0.00661585,-0.01249585,0.99990022,-0.78027809,-0.04051283,-0.99910444,-0.01221786,1.58803654,0.99915719,-0.04042795,-0.00711605,-0.81893587
4,1598305683655114000,1598305683655060900,0.00674421,-0.01266274,0.99989724,-0.78047514,-0.04038033,-0.99910778,-0.01238039,1.58806658,0.99916172,-0.04029268,-0.00724939,-0.81764007
4,1598305683664100200,1598305683663970100,0.00653484,-0.01242443,0.99990159,-0.78037894,-0.04070034,-0.99909765,-0.01214845,1.58792949,0.99915010,-0.04061694,-0.00703454,-0.81607306
4,1598305683673205700,1598305683673106100,0.00640687,-0.01272769,0.99989867,-0.78047442,-0.04066454,-0.99909532,-0.01245691,1.58797622,0.99915242,-0.04058060,-0.00691852,-0.81483853
4,1598305683681894300,1598305683681836300,0.00654960,-0.01268253,0.99989831,-0.78048217,-0.04063983,-0.99909699,-0.01240616,1.58793497,0.99915248,-0.04055444,-0.00705898,-0.81360805
4,1598305683691055800,1598305683690972600,0.00668374,-0.01248853,0.99989986,-0.78057086,-0.04068532,-0.99909759,-0.01220656,1.58778667,0.99914980,-0.04059965,-0.00718567,-0.81227970
4,1598305683700645800,1598305683700493100,0.00649667,-0.01250010,0.99990094,-0.78042680,-0.04082154,-0.99909180,-0.01222475,1.58764315,0.99914539,-0.04073807,-0.00700095,-0.81074703
4,1598305683709921900,1598305683709867500,0.00625187,-0.01259702,0.99990129,-0.78043187,-0.04078419,-0.99909198,-0.01233182,1.58765292,0.99914849,-0.04070306,-0.00675982,-0.80957639
4,1598305683718845400,1598305683718766800,0.00631699,-0.01243514,0.99990290,-0.78045332,-0.04089512,-0.99908948,-0.01216667,1.58762527,0.99914360,-0.04081429,-0.00681967,-0.80840361
4,1598305683727484300,1598305683727420900,0.00625256,-0.01278797,0.99989885,-0.78051913,-0.04078307,-0.99908966,-0.01252260,1.58758926,0.99914861,-0.04070064,-0.00676829,-0.80708718
4,1598305683736386600,1598305683736351700,0.00636053,-0.01227113,0.99990463,-0.78042579,-0.04105141,-0.99908513,-0.01199994,1.58748722,0.99913692,-0.04097117,-0.00685835,-0.80568910
4,1598305683745582800,1598305683745489000,0.00614202,-0.01257049,0.99990231,-0.78043330,-0.04098349,-0.99908412,-0.01230846,1.58756697,0.99914110,-0.04090388,-0.00665146,-0.80450654
4,1598305683754342700,1598305683754274500,0.00646183,-0.01276245,0.99989790,-0.78042501,-0.04098884,-0.99908167,-0.01248714,1.58761573,0.99913883,-0.04090396,-0.00697887,-0.80328107
4,1598305683763488000,1598305683763351500,0.00591165,-0.01264121,0.99990278,-0.78041446,-0.04119386,-0.99907452,-0.01238720,1.58752728,0.99913383,-0.04111662,-0.00642678,-0.80167890
4,1598305683772256500,1598305683772213800,0.00614950,-0.01265421,0.99990118,-0.78044796,-0.04114294,-0.99907655,-0.01239074,1.58754861,0.99913448,-0.04106268,-0.00666434,-0.80043066
4,1598305683781364700,1598305683781314400,0.00599456,-0.01263738,0.99990231,-0.78042078,-0.04111943,-0.99907768,-0.01238044,1.58753276,0.99913633,-0.04104120,-0.00650856,-0.79925191
4,1598305683790270100,1598305683790187000,0.00614545,-0.01240799,0.99990427,-0.78045011,-0.04125006,-0.99907517,-0.01214418,1.58753252,0.99913001,-0.04117148,-0.00665149,-0.79805672
4,1598305683799329700,1598305683799282100,0.00595427,-0.01277780,0.99990082,-0.78059745,-0.04130867,-0.99906808,-0.01252117,1.58735883,0.99912882,-0.04123002,-0.00647643,-0.79642415
4,1598305683808264300,1598305683808188100,0.00603297,-0.01264901,0.99990195,-0.78072667,-0.04135438,-0.99906784,-0.01238895,1.58732879,0.99912643,-0.04127558,-0.00655034,-0.79518473
4,1598305683817303500,1598305683817275600,0.00609511,-0.01284972,0.99989903,-0.78085631,-0.04127618,-0.99906862,-0.01258744,1.58734155,0.99912930,-0.04119529,-0.00661972,-0.79389620
4,1598305683825826700,1598305683825801900,0.00585645,-0.01282000,0.99990082,-0.78075749,-0.04126262,-0.99906939,-0.01256766,1.58725405,0.99913126,-0.04118492,-0.00637990,-0.79266798
4,1598305683834857300,1598305683834800500,0.00582317,-0.01280530,0.99990129,-0.78082496,-0.04140829,-0.99906355,-0.01255342,1.58721900,0.99912548,-0.04133109,-0.00634784,-0.79129362
4,1598305683843771300,1598305683843724700,0.00593805,-0.01340606,0.99989265,-0.78098774,-0.04128764,-0.99906087,-0.01314971,1.58727419,0.99912983,-0.04120512,-0.00648585,-0.79003191
4,1598305683852834100,1598305683852802900,0.00581023,-0.01275008,0.99990201,-0.78104538,-0.04137065,-0.99906582,-0.01249902,1.58716094,0.99912709,-0.04129397,-0.00633219,-0.78882086
4,1598305683861715900,1598305683861666100,0.00566182,-0.01338333,0.99989456,-0.78092533,-0.04121793,-0.99906391,-0.01313882,1.58710194,0.99913418,-0.04113919,-0.00620806,-0.78754616
4,1598305683870896500,1598305683870823100,0.00580132,-0.01343532,0.99989307,-0.78085214,-0.04132650,-0.99905884,-0.01318434,1.58696222,0.99912894,-0.04124559,-0.00635096,-0.78602457
4,1598305683879835900,1598305683879767500,0.00547436,-0.01293499,0.99990153,-0.78084362,-0.04147144,-0.99905914,-0.01269704,1.58692384,0.99912477,-0.04139785,-0.00600553,-0.78487968
4,1598305683888678000,1598305683888639600,0.00560355,-0.01351754,0.99989307,-0.78090250,-0.04141296,-0.99905407,-0.01327412,1.58703589,0.99912655,-0.04133415,-0.00615793,-0.78364813
4,1598305683897580300,1598305683897535100,0.00517744,-0.01372557,0.99989259,-0.78075558,-0.04133671,-0.99905419,-0.01350002,1.58695662,0.99913198,-0.04126237,-0.00573978,-0.78243387
4,1598305683906680900,1598305683906649400,0.00517967,-0.01343490,0.99989647,-0.78060108,-0.04161644,-0.99904650,-0.01320790,1.58681512,0.99912035,-0.04154372,-0.00573373,-0.78095174
4,1598305683915571800,1598305683915524500,0.00521624,-0.01366313,0.99989325,-0.78057665,-0.04158922,-0.99904460,-0.01343457,1.58686793,0.99912131,-0.04151470,-0.00577939,-0.77976906
4,1598305683924657300,1598305683924571800,0.00467685,-0.01387264,0.99989301,-0.78047669,-0.04161771,-0.99904025,-0.01366615,1.58682573,0.99912274,-0.04154934,-0.00524959,-0.77855468
4,1598305683933656400,1598305683933526200,0.00497451,-0.01394327,0.99989063,-0.78047353,-0.04173691,-0.99903452,-0.01372369,1.58668137,0.99911642,-0.04166408,-0.00555158,-0.77710390
4,1598305683942577200,1598305683942486000,0.00484192,-0.01376248,0.99989378,-0.78049362,-0.04172740,-0.99903727,-0.01354863,1.58660460,0.99911743,-0.04165736,-0.00541142,-0.77591455
4,1598305683951435300,1598305683951412800,0.00462699,-0.01381972,0.99989402,-0.78051442,-0.04168649,-0.99903810,-0.01361499,1.58653021,0.99912012,-0.04161907,-0.00519851,-0.77470469
4,1598305683960547000,1598305683960516800,0.00470039,-0.01374091,0.99989468,-0.78054321,-0.04175506,-0.99903637,-0.01353283,1.58644199,0.99911696,-0.04168705,-0.00526950,-0.77347100
4,1598305683969495900,1598305683969383600,0.00455892,-0.01373445,0.99989545,-0.78062737,-0.04196791,-0.99902743,-0.01353118,1.58638072,0.99910867,-0.04190183,-0.00513074,-0.77209830
4,1598305683978527000,1598305683978465500,0.00467551,-0.01376577,0.99989450,-0.78074253,-0.04205619,-0.99902338,-0.01355712,1.58636665,0.99910444,-0.04198836,-0.00524977,-0.77082050
4,1598305683987413200,1598305683987379600,0.00464538,-0.01364553,0.99989623,-0.78082275,-0.04206092,-0.99902481,-0.01343822,1.58632302,0.99910438,-0.04199413,-0.00521469,-0.76955640
4,1598305683996588000,1598305683996519200,0.00459945,-0.01386286,0.99989349,-0.78065109,-0.04198480,-0.99902505,-0.01365769,1.58634460,0.99910772,-0.04191750,-0.00517690,-0.76844549
4,1598305684005329000,1598305684005307200,0.00447601,-0.01386149,0.99989408,-0.78062892,-0.04222808,-0.99901474,-0.01366027,1.58633208,0.99909812,-0.04216246,-0.00505683,-0.76707554
4,1598305684014490000,1598305684014401500,0.00457451,-0.01355242,0.99989790,-0.78061533,-0.04236142,-0.99901330,-0.01334663,1.58630157,0.99909198,-0.04229603,-0.00514397,-0.76583707
4,1598305684023268400,1598305684023209300,0.00431672,-0.01439250,0.99988729,-0.78056693,-0.04203785,-0.99901527,-0.01419846,1.58637357,0.99910682,-0.04197182,-0.00491738,-0.76462269
4,1598305684032569600,1598305684032513300,0.00420257,-0.01401156,0.99989313,-0.78052199,-0.04232170,-0.99900854,-0.01382129,1.58621168,0.99909532,-0.04225909,-0.00479132,-0.76330698
4,1598305684041429100,1598305684041373300,0.00418201,-0.01406751,0.99989241,-0.78044683,-0.04224619,-0.99901098,-0.01387842,1.58617294,0.99909860,-0.04218361,-0.00477204,-0.76205957
4,1598305684050498700,1598305684050408400,0.00449663,-0.01426233,0.99988836,-0.78044879,-0.04222130,-0.99900949,-0.01405992,1.58617711,0.99909824,-0.04215336,-0.00509423,-0.76078713
4,1598305684059185300,1598305684059161300,0.00404429,-0.01389425,0.99989545,-0.78062135,-0.04234455,-0.99900913,-0.01371067,1.58613038,0.99909496,-0.04228467,-0.00462851,-0.75957811
4,1598305684068391700,1598305684068346300,0.00412256,-0.01431283,0.99988919,-0.78074294,-0.04239604,-0.99900115,-0.01412532,1.58610439,0.99909246,-0.04233310,-0.00472513,-0.75820947
