3,1598296822740800900,1598296822740736800,-0.99756598,0.06847042,0.01319678,-0.00496697,-0.01036846,0.04149946,-0.99908471,1.89037192,-0.06895542,-0.99678969,-0.04068851,0.83533621
3,1598296822750246500,1598296822750182500,-0.99756312,0.06850004,0.01325357,-0.00604248,-0.01040577,0.04176468,-0.99907327,1.89070404,-0.06899008,-0.99677658,-0.04095011,0.83522248
3,1598296822759150100,1598296822759095400,-0.99754822,0.06867427,0.01347231,-0.00378966,-0.01062853,0.04160816,-0.99907744,1.89068580,-0.06917146,-0.99677116,-0.04077624,0.83537650
3,1598296822768189700,1598296822768131600,-0.99756843,0.06844887,0.01311819,0.00002849,-0.01025773,0.04197509,-0.99906600,1.89060950,-0.06893560,-0.99677128,-0.04117090,0.83579183
3,1598296822777058700,1598296822776996400,-0.99757010,0.06841713,0.01315726,0.00057912,-0.01032519,0.04158444,-0.99908161,1.89068007,-0.06890145,-0.99678981,-0.04077698,0.83573675
3,1598296822786146600,1598296822786086000,-0.99755204,0.06865156,0.01330134,0.00223339,-0.01042340,0.04211037,-0.99905860,1.89067185,-0.06914708,-0.99675167,-0.04129170,0.83610368
3,1598296822795053900,1598296822795022000,-0.99755836,0.06859219,0.01313728,0.00248849,-0.01027860,0.04186442,-0.99907041,1.89087844,-0.06907842,-0.99676603,-0.04105717,0.83559966
3,1598296822804101600,1598296822804049600,-0.99757737,0.06831449,0.01314060,0.00298500,-0.01028818,0.04193968,-0.99906719,1.89092636,-0.06880188,-0.99678195,-0.04113524,0.83543015
3,1598296822813047700,1598296822812988900,-0.99758804,0.06812349,0.01331802,0.00506377,-0.01047090,0.04198134,-0.99906349,1.89087582,-0.06861874,-0.99679327,-0.04116677,0.83557773
3,1598296822822259300,1598296822822175300,-0.99758726,0.06813952,0.01329409,0.00703406,-0.01042805,0.04224580,-0.99905282,1.89088058,-0.06863657,-0.99678099,-0.04143331,0.83568454
3,1598296822830991000,1598296822830952000,-0.99758947,0.06814733,0.01309301,0.00630581,-0.01023219,0.04216114,-0.99905843,1.89087749,-0.06863517,-0.99678409,-0.04136220,0.83535385
3,1598296822840026600,1598296822839982000,-0.99760967,0.06779823,0.01335890,0.00948834,-0.01049382,0.04244058,-0.99904388,1.89104640,-0.06830037,-0.99679607,-0.04162767,0.83598852
3,1598296822848914800,1598296822848875200,-0.99759722,0.06792074,0.01366590,0.01222193,-0.01080757,0.04227412,-0.99904758,1.89084613,-0.06843376,-0.99679476,-0.04143848,0.83599854
3,1598296822858017600,1598296822857954100,-0.99760556,0.06791058,0.01309147,0.00973117,-0.01026949,0.04173833,-0.99907577,1.89092422,-0.06839424,-0.99681807,-0.04094098,0.83486390
3,1598296822866918300,1598296822866871400,-0.99760818,0.06788102,0.01304985,0.01055717,-0.01019768,0.04219534,-0.99905735,1.89098573,-0.06836769,-0.99680078,-0.04140218,0.83480263
3,1598296822876010400,1598296822875941800,-0.99761271,0.06779617,0.01313787,0.01802027,-0.01031413,0.04183375,-0.99907136,1.89091134,-0.06828281,-0.99682176,-0.04103463,0.83586502
3,1598296822884844400,1598296822884795400,-0.99761343,0.06775054,0.01332357,0.01971710,-0.01048830,0.04203357,-0.99906111,1.89093482,-0.06824699,-0.99681652,-0.04122267,0.83610773
3,1598296822893867700,1598296822893826300,-0.99760836,0.06782648,0.01331507,0.02089763,-0.01046419,0.04221516,-0.99905372,1.89100528,-0.06832439,-0.99680370,-0.04140445,0.83608174
3,1598296822902708400,1598296822902660200,-0.99762040,0.06769648,0.01307366,0.02250826,-0.01022826,0.04220906,-0.99905646,1.89088488,-0.06818447,-0.99681282,-0.04141620,0.83595133
3,1598296822911839400,1598296822911750800,-0.99761760,0.06767601,0.01338879,0.02332056,-0.01056272,0.04194549,-0.99906403,1.89095294,-0.06817427,-0.99682528,-0.04113071,0.83596325
3,1598296822920691400,1598296822920651800,-0.99761951,0.06767565,0.01324684,0.02770650,-0.01039168,0.04236818,-0.99904799,1.89097869,-0.06817245,-0.99680746,-0.04156405,0.83661413
3,1598296822929730700,1598296822929671000,-0.99760687,0.06787154,0.01319755,0.02842140,-0.01035089,0.04212388,-0.99905878,1.89094245,-0.06836358,-0.99680448,-0.04132054,0.83637023
3,1598296822938816900,1598296822938584700,-0.99761641,0.06773818,0.01315971,0.02965510,-0.01031120,0.04223111,-0.99905467,1.89087236,-0.06822988,-0.99680901,-0.04143198,0.83617401
3,1598296822947833900,1598296822947776300,-0.99761844,0.06771350,0.01313247,0.03233695,-0.01027473,0.04238041,-0.99904871,1.89098430,-0.06820565,-0.99680436,-0.04158375,0.83640313
3,1598296822956601200,1598296822956565600,-0.99760121,0.06791192,0.01341545,0.03271210,-0.01056769,0.04212022,-0.99905664,1.89106131,-0.06841293,-0.99680191,-0.04130151,0.83644438
3,1598296822965756400,1598296822965648100,-0.99760401,0.06791496,0.01319215,0.03456903,-0.01032146,0.04244762,-0.99904537,1.89109182,-0.06841010,-0.99678779,-0.04164493,0.83653951
3,1598296822974574300,1598296822974522900,-0.99760890,0.06783974,0.01320322,0.03706181,-0.01035958,0.04209924,-0.99905974,1.89122891,-0.06833184,-0.99680769,-0.04129579,0.83659697
3,1598296822983800900,1598296822983694400,-0.99760038,0.06788608,0.01360594,0.03916752,-0.01074577,0.04232074,-0.99904627,1.89126885,-0.06839713,-0.99679512,-0.04148969,0.83694124
3,1598296822992507600,1598296822992462300,-0.99759412,0.06804505,0.01326230,0.04028463,-0.01039717,0.04228909,-0.99905127,1.89138961,-0.06854138,-0.99678564,-0.04147988,0.83680654
3,1598296823001709900,1598296823001657600,-0.99760640,0.06786954,0.01324689,0.04230714,-0.01039259,0.04223755,-0.99905354,1.89120579,-0.06836483,-0.99679983,-0.04143110,0.83666658
3,1598296823010642600,1598296823010554400,-0.99759102,0.06804729,0.01348572,0.04331994,-0.01063216,0.04212431,-0.99905580,1.89128399,-0.06855109,-0.99679250,-0.04129934,0.83657503
3,1598296823019780000,1598296823019742400,-0.99757802,0.06824464,0.01344991,0.04595721,-0.01056946,0.04239467,-0.99904501,1.89131653,-0.06874967,-0.99676752,-0.04157069,0.83725858
3,1598296823028424100,1598296823028376400,-0.99756670,0.06836188,0.01369070,0.04693353,-0.01080947,0.04234039,-0.99904478,1.89136255,-0.06887621,-0.99676180,-0.04149841,0.83714294
3,1598296823037520800,1598296823037469000,-0.99758053,0.06823915,0.01329216,0.04912221,-0.01041310,0.04237449,-0.99904752,1.89128327,-0.06873742,-0.99676871,-0.04156138,0.83708358
3,1598296823046422400,1598296823046362300,-0.99757111,0.06833169,0.01352149,0.05068386,-0.01065385,0.04215814,-0.99905413,1.89124238,-0.06883711,-0.99677157,-0.04132774,0.83714437
3,1598296823055567300,1598296823055535300,-0.99756241,0.06847402,0.01343875,0.05303442,-0.01055994,0.04223236,-0.99905199,1.89124918,-0.06897667,-0.99675870,-0.04140633,0.83737969
3,1598296823064348900,1598296823064297300,-0.99754751,0.06863675,0.01371382,0.05453253,-0.01080150,0.04262365,-0.99903280,1.89139390,-0.06915492,-0.99673086,-0.04177773,0.83767343
3,1598296823073445100,1598296823073387100,-0.99754274,0.06875712,0.01345465,0.05547893,-0.01055766,0.04232484,-0.99904811,1.89165676,-0.06926110,-0.99673527,-0.04149493,0.83742929
3,1598296823082251600,1598296823082208800,-0.99755329,0.06859204,0.01351926,0.05531120,-0.01062538,0.04238066,-0.99904501,1.89160681,-0.06909949,-0.99674428,-0.04154815,0.83705306
3,1598296823091421100,1598296823091392600,-0.99755073,0.06862035,0.01356337,0.05826747,-0.01067375,0.04230312,-0.99904782,1.89123940,-0.06912878,-0.99674565,-0.04146707,0.83695865
3,1598296823100486300,1598296823100430500,-0.99753666,0.06886101,0.01337127,0.05891299,-0.01048130,0.04215986,-0.99905586,1.89130187,-0.06935975,-0.99673504,-0.04133426,0.83698773
3,1598296823109523600,1598296823109421600,-0.99754250,0.06871590,0.01367973,0.06112671,-0.01077693,0.04243799,-0.99904096,1.89141858,-0.06923056,-0.99673331,-0.04159315,0.83725977
3,1598296823118154700,1598296823118115400,-0.99754405,0.06873289,0.01348573,0.06507897,-0.01060105,0.04216279,-0.99905449,1.89126170,-0.06923649,-0.99674380,-0.04133060,0.83755350
3,1598296823127227000,1598296823127166700,-0.99753273,0.06888884,0.01352747,0.06522679,-0.01064091,0.04209770,-0.99905682,1.89144766,-0.06939334,-0.99673581,-0.04126079,0.83743858
3,1598296823136139300,1598296823136111300,-0.99755061,0.06865039,0.01342084,0.06598699,-0.01052332,0.04239581,-0.99904543,1.89132655,-0.06915385,-0.99673963,-0.04156953,0.83702087
3,1598296823145349200,1598296823145191100,-0.99754637,0.06869993,0.01347858,0.07010102,-0.01061222,0.04191846,-0.99906468,1.89137316,-0.06920066,-0.99675637,-0.04108655,0.83771729
3,1598296823154165000,1598296823154125100,-0.99753577,0.06880820,0.01371035,0.07136834,-0.01079818,0.04251796,-0.99903733,1.89160621,-0.06932488,-0.99672353,-0.04167018,0.83796406
3,1598296823163190600,1598296823163117500,-0.99752623,0.06899649,0.01345389,0.06873727,-0.01057313,0.04194889,-0.99906379,1.89175320,-0.06949627,-0.99673462,-0.04111561,0.83711529
3,1598296823172034600,1598296823171973900,-0.99753618,0.06883156,0.01355811,0.07200742,-0.01065956,0.04230483,-0.99904788,1.89173865,-0.06933963,-0.99673104,-0.04146688,0.83743811
3,1598296823181049200,1598296823181007600,-0.99753809,0.06883344,0.01341224,0.07430279,-0.01053414,0.04200648,-0.99906176,1.89168441,-0.06933221,-0.99674344,-0.04117796,0.83739471
3,1598296823189985500,1598296823189936900,-0.99753702,0.06880865,0.01361732,0.07529283,-0.01072312,0.04225725,-0.99904919,1.89177930,-0.06931865,-0.99673462,-0.04141533,0.83738303
3,1598296823199183500,1598296823199126700,-0.99754226,0.06878734,0.01333755,0.07764316,-0.01046340,0.04197558,-0.99906385,1.89162815,-0.06928280,-0.99674791,-0.04115267,0.83758020
3,1598296823207941400,1598296823207870600,-0.99755228,0.06866807,0.01320190,0.07742977,-0.01031654,0.04220530,-0.99905568,1.89158833,-0.06916040,-0.99674648,-0.04139357,0.83714890
3,1598296823217035100,1598296823216993800,-0.99753571,0.06884095,0.01355065,0.08086312,-0.01068481,0.04182888,-0.99906766,1.89154267,-0.06934357,-0.99675047,-0.04099025,0.83751678
3,1598296823225893100,1598296823225833900,-0.99752867,0.06900579,0.01322806,0.08009982,-0.01033295,0.04214413,-0.99905807,1.89159846,-0.06949824,-0.99672568,-0.04132694,0.83710957
3,1598296823234895100,1598296823234866700,-0.99753827,0.06885260,0.01329730,0.08314788,-0.01041593,0.04203967,-0.99906164,1.89166188,-0.06934696,-0.99674076,-0.04121902,0.83742309
3,1598296823243839900,1598296823243779300,-0.99753904,0.06881928,0.01341131,0.08336687,-0.01054565,0.04183613,-0.99906880,1.89177072,-0.06931627,-0.99675161,-0.04100743,0.83722496
3,1598296823252918300,1598296823252887500,-0.99753511,0.06888890,0.01334718,0.08847141,-0.01045689,0.04214731,-0.99905670,1.89146745,-0.06938651,-0.99673373,-0.04132306,0.83769608
3,1598296823261874200,1598296823261830200,-0.99753296,0.06891969,0.01334651,0.09084749,-0.01046735,0.04196920,-0.99906409,1.89149058,-0.06941530,-0.99673903,-0.04114426,0.83783388
3,1598296823270849500,1598296823270801300,-0.99754846,0.06873661,0.01313152,0.08986294,-0.01025706,0.04200567,-0.99906468,1.89157772,-0.06922391,-0.99675024,-0.04119765,0.83736491
3,1598296823279767300,1598296823279732700,-0.99753720,0.06881255,0.01358534,0.09365606,-0.01071384,0.04192787,-0.99906319,1.89142323,-0.06931767,-0.99674821,-0.04108736,0.83774567
3,1598296823288862600,1598296823288801300,-0.99753767,0.06889912,0.01310565,0.09541643,-0.01021033,0.04220817,-0.99905664,1.89143705,-0.06938729,-0.99673039,-0.04140076,0.83808088
3,1598296823297698200,1598296823297660300,-0.99752021,0.06904817,0.01363667,0.09612870,-0.01075210,0.04197694,-0.99906069,1.89158380,-0.06955573,-0.99672985,-0.04113043,0.83774638
3,1598296823306798600,1598296823306742600,-0.99754274,0.06885102,0.01296994,0.09765208,-0.01008778,0.04204485,-0.99906480,1.89150143,-0.06933194,-0.99674064,-0.04124698,0.83758926
3,1598296823315613200,1598296823315563300,-0.99751711,0.06905743,0.01381115,0.09789324,-0.01094079,0.04177173,-0.99906725,1.89160275,-0.06956992,-0.99673784,-0.04091247,0.83737922
3,1598296823324770700,1598296823324705300,-0.99752778,0.06901729,0.01323227,0.10165942,-0.01034504,0.04202449,-0.99906301,1.89149904,-0.06950870,-0.99672997,-0.04120661,0.83780766
3,1598296823333638800,1598296823333580500,-0.99751693,0.06909707,0.01362478,0.10473526,-0.01073845,0.04197300,-0.99906105,1.89142001,-0.06960407,-0.99672663,-0.04112678,0.83809352
3,1598296823342618700,1598296823342553600,-0.99753267,0.06898093,0.01305303,0.10560572,-0.01016993,0.04198282,-0.99906653,1.89144516,-0.06946450,-0.99673426,-0.04117770,0.83799577
3,1598296823351594700,1598296823351501400,-0.99750775,0.06913736,0.01408900,0.10630667,-0.01118684,0.04218596,-0.99904716,1.89148581,-0.06966585,-0.99671489,-0.04130739,0.83821535
3,1598296823360703800,1598296823360667100,-0.99751568,0.06911668,0.01362232,0.10804749,-0.01073322,0.04200102,-0.99905992,1.89167070,-0.06962383,-0.99672413,-0.04115483,0.83798122
3,1598296823369489900,1598296823369443600,-0.99752212,0.06908864,0.01328944,0.10748255,-0.01040785,0.04190254,-0.99906749,1.89174807,-0.06958106,-0.99673021,-0.04107965,0.83760977
3,1598296823378627000,1598296823378561300,-0.99751294,0.06912771,0.01376554,0.11019945,-0.01087018,0.04208722,-0.99905479,1.89170074,-0.06964171,-0.99671972,-0.04123112,0.83787584
3,1598296823387611700,1598296823387573500,-0.99750990,0.06921437,0.01354577,0.11320758,-0.01064304,0.04213622,-0.99905515,1.89161003,-0.06971973,-0.99671161,-0.04129465,0.83806229
3,1598296823396530900,1598296823396455900,-0.99749762,0.06933498,0.01382986,0.11500096,-0.01092236,0.04213930,-0.99905205,1.89161766,-0.06985205,-0.99670309,-0.04127654,0.83810043
3,1598296823405465800,1598296823405407800,-0.99751282,0.06923065,0.01324504,0.11667979,-0.01033320,0.04225026,-0.99905360,1.89159298,-0.06972471,-0.99670565,-0.04142980,0.83805537
3,1598296823414649000,1598296823414518100,-0.99749798,0.06933764,0.01379338,0.11783612,-0.01089283,0.04203775,-0.99905664,1.89167571,-0.06985205,-0.99670720,-0.04117728,0.83818412
3,1598296823423512900,1598296823423450700,-0.99748945,0.06950060,0.01358763,0.12048137,-0.01064915,0.04247720,-0.99904066,1.89169466,-0.07001108,-0.99667722,-0.04163044,0.83867240
3,1598296823432558400,1598296823432531200,-0.99748045,0.06960243,0.01372600,0.12203014,-0.01079331,0.04233737,-0.99904507,1.89178526,-0.07011709,-0.99667603,-0.04147945,0.83840370
3,1598296823441286600,1598296823441245900,-0.99748969,0.06951138,0.01351190,0.12161076,-0.01060611,0.04200367,-0.99906117,1.89177442,-0.07001370,-0.99669653,-0.04116099,0.83785343
3,1598296823450644800,1598296823450589200,-0.99748343,0.06956777,0.01368191,0.12446153,-0.01076047,0.04219706,-0.99905133,1.89178002,-0.07007909,-0.99668443,-0.04134229,0.83811164
3,1598296823459398100,1598296823459289900,-0.99748355,0.06955600,0.01373617,0.12417173,-0.01081453,0.04220802,-0.99905032,1.89184976,-0.07006973,-0.99668479,-0.04134959,0.83757758
3,1598296823468399600,1598296823468276100,-0.99748325,0.06956959,0.01368826,0.12682652,-0.01077931,0.04201837,-0.99905866,1.89197969,-0.07007930,-0.99669182,-0.04116271,0.83786869
3,1598296823477299400,1598296823477261800,-0.99748254,0.06955713,0.01380314,0.12823892,-0.01088250,0.04219452,-0.99905014,1.89200044,-0.07007346,-0.99668527,-0.04133134,0.83789635
3,1598296823486353900,1598296823486305700,-0.99747705,0.06962818,0.01384205,0.12910998,-0.01092822,0.04205681,-0.99905545,1.89206612,-0.07014456,-0.99668610,-0.04118979,0.83768058
3,1598296823495208600,1598296823495136100,-0.99747133,0.06972924,0.01374683,0.13148165,-0.01082465,0.04211371,-0.99905419,1.89196467,-0.07024223,-0.99667668,-0.04125242,0.83794689
3,1598296823504362500,1598296823504286800,-0.99747938,0.06962618,0.01368277,0.13380241,-0.01077608,0.04195293,-0.99906147,1.89198089,-0.07013488,-0.99669069,-0.04109688,0.83809114
3,1598296823513224000,1598296823513142400,-0.99747533,0.06965378,0.01383823,0.13502061,-0.01092809,0.04198914,-0.99905831,1.89203203,-0.07016924,-0.99668723,-0.04112195,0.83817220
3,1598296823522229600,1598296823522162900,-0.99747819,0.06962535,0.01377865,0.13562405,-0.01086758,0.04201777,-0.99905777,1.89206409,-0.07013866,-0.99668801,-0.04115515,0.83782053
3,1598296823531121100,1598296823531073400,-0.99747384,0.06965625,0.01393136,0.13905168,-0.01101148,0.04212813,-0.99905151,1.89190936,-0.07017705,-0.99668109,-0.04125468,0.83845448
3,1598296823540139900,1598296823540083500,-0.99748850,0.06948107,0.01375166,0.14045191,-0.01083701,0.04215305,-0.99905241,1.89195764,-0.06999490,-0.99669236,-0.04129422,0.83837390
3,1598296823549166500,1598296823549089900,-0.99748850,0.06943789,0.01397198,0.14047599,-0.01106855,0.04202373,-0.99905527,1.89211118,-0.06995946,-0.99670076,-0.04114961,0.83832145
3,1598296823558433100,1598296823558171900,-0.99748737,0.06949091,0.01378654,0.14548624,-0.01087837,0.04205573,-0.99905604,1.89210963,-0.07000509,-0.99669576,-0.04119411,0.83878732
3,1598296823566821600,1598296823566737800,-0.99748141,0.06953764,0.01398121,0.14788365,-0.01108204,0.04190471,-0.99906015,1.89217317,-0.07005817,-0.99669886,-0.04102855,0.83894682
3,1598296823576136900,1598296823576065700,-0.99749643,0.06933379,0.01392681,0.14799678,-0.01102784,0.04202047,-0.99905586,1.89207494,-0.06985351,-0.99670821,-0.04115066,0.83855200
3,1598296823584712800,1598296823584664500,-0.99748951,0.06940249,0.01407733,0.14939976,-0.01119003,0.04181710,-0.99906260,1.89214849,-0.06992614,-0.99671197,-0.04093550,0.83855891
3,1598296823593819600,1598296823593789700,-0.99751246,0.06907567,0.01406049,0.15110922,-0.01116738,0.04209228,-0.99905127,1.89220524,-0.06960195,-0.99672306,-0.04121618,0.83864617
3,1598296823602767000,1598296823602681600,-0.99752319,0.06897703,0.01377571,0.15323400,-0.01090872,0.04177002,-0.99906766,1.89206553,-0.06948811,-0.99674344,-0.04091411,0.83851933
3,1598296823611759300,1598296823611708000,-0.99752170,0.06897554,0.01388941,0.15167153,-0.01102220,0.04177658,-0.99906617,1.89228582,-0.06949133,-0.99674332,-0.04091278,0.83808780
3,1598296823620712500,1598296823620631700,-0.99752373,0.06888288,0.01420471,0.15388405,-0.01132183,0.04206330,-0.99905080,1.89228833,-0.06941500,-0.99673772,-0.04117925,0.83810568
3,1598296823629695400,1598296823629647600,-0.99752736,0.06887063,0.01400740,0.15958917,-0.01115397,0.04164326,-0.99907029,1.89217710,-0.06938991,-0.99675614,-0.04077211,0.83896303
3,1598296823638654700,1598296823638602000,-0.99754804,0.06860021,0.01385920,0.15928829,-0.01099126,0.04200894,-0.99905676,1.89204049,-0.06911772,-0.99675947,-0.04115193,0.83845496
3,1598296823647779700,1598296823647748200,-0.99754548,0.06860399,0.01402635,0.16214240,-0.01119384,0.04149960,-0.99907583,1.89206970,-0.06912261,-0.99678051,-0.04062980,0.83880568
3,1598296823656726600,1598296823656666400,-0.99754882,0.06858242,0.01389115,0.16050136,-0.01102070,0.04205659,-0.99905443,1.89233446,-0.06910178,-0.99675864,-0.04119767,0.83838487
3,1598296823665680400,1598296823665632800,-0.99753487,0.06874400,0.01409142,0.16371000,-0.01125375,0.04149295,-0.99907541,1.89219272,-0.06926513,-0.99677110,-0.04061703,0.83874059
3,1598296823674540800,1598296823674484400,-0.99755043,0.06853729,0.01399384,0.16558158,-0.01113262,0.04195248,-0.99905759,1.89223099,-0.06905982,-0.99676615,-0.04108671,0.83890343
3,1598296823683664000,1598296823683594000,-0.99754113,0.06864637,0.01412574,0.16658556,-0.01129276,0.04148353,-0.99907535,1.89226496,-0.06916887,-0.99677825,-0.04060631,0.83872843
3,1598296823692498100,1598296823692451600,-0.99753642,0.06877369,0.01383528,0.16863334,-0.01099622,0.04148980,-0.99907839,1.89237225,-0.06928429,-0.99676931,-0.04063134,0.83891511
3,1598296823701731000,1598296823701671100,-0.99754268,0.06868905,0.01380468,0.17009151,-0.01098227,0.04129906,-0.99908644,1.89229631,-0.06919640,-0.99678302,-0.04044321,0.83881378
3,1598296823710485700,1598296823710368100,-0.99754190,0.06864777,0.01405949,0.17248869,-0.01121921,0.04158643,-0.99907190,1.89242589,-0.06916875,-0.99677384,-0.04071403,0.83913732
3,1598296823719480200,1598296823719445100,-0.99754554,0.06861654,0.01395791,0.17339003,-0.01110694,0.04175665,-0.99906605,1.89238942,-0.06913528,-0.99676895,-0.04089204,0.83887577
3,1598296823728408100,1598296823728368500,-0.99753302,0.06881425,0.01387547,0.17362440,-0.01107735,0.04087820,-0.99910271,1.89256668,-0.06931970,-0.99679172,-0.04001507,0.83871770
3,1598296823737485900,1598296823737407500,-0.99755085,0.06859457,0.01368270,0.17730641,-0.01085194,0.04147226,-0.99908072,1.89254951,-0.06909898,-0.99678230,-0.04062631,0.83914614
3,1598296823746465000,1598296823746349200,-0.99753690,0.06871316,0.01410133,0.18013644,-0.01130267,0.04094962,-0.99909729,1.89239836,-0.06922859,-0.99679577,-0.04007211,0.83924675
3,1598296823755093900,1598296823755044600,-0.99754000,0.06869304,0.01397991,0.18316364,-0.01114501,0.04148053,-0.99907714,1.89230859,-0.06920961,-0.99677515,-0.04061291,0.83980441
3,1598296823764006600,1598296823763907400,-0.99752647,0.06892249,0.01380918,0.18402791,-0.01101110,0.04081364,-0.99910611,1.89234424,-0.06942448,-0.99678689,-0.03995377,0.83951688
3,1598296823773051900,1598296823772977600,-0.99753731,0.06875265,0.01387656,0.18591332,-0.01103927,0.04147761,-0.99907845,1.89224458,-0.06926483,-0.99677122,-0.04061648,0.83964372
3,1598296823781848600,1598296823781801100,-0.99752641,0.06888348,0.01401184,0.18679488,-0.01121003,0.04089428,-0.99910057,1.89231002,-0.06939453,-0.99678630,-0.04002094,0.83977556
3,1598296823791018800,1598296823790960600,-0.99752522,0.06895471,0.01374466,0.18870556,-0.01092001,0.04117488,-0.99909228,1.89250469,-0.06945804,-0.99676979,-0.04031999,0.83969760
3,1598296823799847500,1598296823799797000,-0.99752522,0.06894860,0.01376930,0.18874538,-0.01097482,0.04074604,-0.99910927,1.89236295,-0.06944823,-0.99678785,-0.03988851,0.83912802
3,1598296823808832600,1598296823808802900,-0.99752504,0.06896868,0.01368626,0.19041240,-0.01086542,0.04111076,-0.99909550,1.89236367,-0.06946895,-0.99677145,-0.04025964,0.83919406
3,1598296823817739200,1598296823817701900,-0.99751306,0.06901848,0.01429333,0.19015670,-0.01148345,0.04093847,-0.99909568,1.89245379,-0.06954122,-0.99677515,-0.04004409,0.83888674
3,1598296823826799800,1598296823826768400,-0.99751204,0.06916428,0.01364300,0.19401813,-0.01083028,0.04088043,-0.99910533,1.89249778,-0.06966013,-0.99676740,-0.04002965,0.83938169
3,1598296823835685500,1598296823835642700,-0.99749982,0.06926826,0.01400702,0.19415319,-0.01118152,0.04101147,-0.99909610,1.89266825,-0.06978008,-0.99675477,-0.04013440,0.83932447
3,1598296823844759600,1598296823844694600,-0.99751252,0.06913590,0.01375034,0.19857299,-0.01094388,0.04080958,-0.99910700,1.89250743,-0.06963533,-0.99677229,-0.03995145,0.83984613
3,1598296823853688300,1598296823853630800,-0.99751055,0.06907851,0.01417556,0.20076132,-0.01135754,0.04101796,-0.99909383,1.89250541,-0.06959739,-0.99676770,-0.04013129,0.84001255
3,1598296823862754000,1598296823862695700,-0.99751222,0.06922215,0.01333588,0.20154381,-0.01054312,0.04055465,-0.99912167,1.89267075,-0.06970218,-0.99677670,-0.03972394,0.83974838
3,1598296823871593200,1598296823871507500,-0.99750793,0.06916827,0.01392487,0.20154941,-0.01112745,0.04066571,-0.99911082,1.89260316,-0.06967303,-0.99677587,-0.03979470,0.83950305
3,1598296823880724500,1598296823880687900,-0.99753165,0.06892839,0.01340142,0.20420074,-0.01061675,0.04060847,-0.99911875,1.89246011,-0.06941187,-0.99679482,-0.03977644,0.83953643
3,1598296823889607300,1598296823889563200,-0.99751019,0.06913462,0.01392907,0.20647836,-0.01115273,0.04038332,-0.99912202,1.89259386,-0.06963637,-0.99678969,-0.03951174,0.83970594
3,1598296823898692700,1598296823898611000,-0.99752742,0.06903949,0.01314565,0.20708752,-0.01038396,0.04020940,-0.99913728,1.89245081,-0.06950852,-0.99680334,-0.03939307,0.83939576
3,1598296823907462100,1598296823907431200,-0.99751395,0.06903499,0.01415302,0.21025991,-0.01136874,0.04055898,-0.99911243,1.89248645,-0.06954771,-0.99678946,-0.03967330,0.83993077
3,1598296823916760700,1598296823916688700,-0.99753100,0.06889319,0.01363584,0.21114755,-0.01086164,0.04048359,-0.99912113,1.89248610,-0.06938469,-0.99680239,-0.03963534,0.83983731
3,1598296823925474800,1598296823925418200,-0.99752164,0.06900483,0.01375087,0.21466708,-0.01098462,0.04030838,-0.99912691,1.89263141,-0.06949881,-0.99680173,-0.03945049,0.84016585
3,1598296823934610400,1598296823934586900,-0.99753177,0.06892541,0.01340672,0.21360254,-0.01064761,0.04024309,-0.99913317,1.89253044,-0.06940517,-0.99680990,-0.03940987,0.83957672
3,1598296823943402800,1598296823943331800,-0.99752402,0.06895047,0.01385023,0.21595657,-0.01109127,0.04023692,-0.99912858,1.89253581,-0.06944767,-0.99680841,-0.03937255,0.83984685
3,1598296823952620900,1598296823952534300,-0.99752837,0.06885231,0.01402448,0.21773112,-0.01124861,0.04053979,-0.99911457,1.89250720,-0.06935990,-0.99680287,-0.03966510,0.84006310
3,1598296823961832300,1598296823961758400,-0.99752736,0.06901488,0.01327547,0.21753764,-0.01052615,0.04004882,-0.99914229,1.89277625,-0.06948736,-0.99681151,-0.03922334,0.83956814
3,1598296823970876600,1598296823970774300,-0.99752122,0.06897861,0.01390862,0.21911275,-0.01116029,0.04006985,-0.99913454,1.89277458,-0.06947619,-0.99681318,-0.03920070,0.83964610
3,1598296823979806900,1598296823979746400,-0.99753410,0.06887466,0.01349759,0.22003424,-0.01075252,0.04007232,-0.99913889,1.89279735,-0.06935620,-0.99682021,-0.03923293,0.83952522
3,1598296823988767100,1598296823988707800,-0.99753737,0.06870499,0.01410514,0.22257161,-0.01137254,0.04000300,-0.99913484,1.89273930,-0.06920981,-0.99683475,-0.03912313,0.83955216
3,1598296823997716800,1598296823997647700,-0.99753976,0.06882164,0.01335004,0.22512090,-0.01061625,0.03993678,-0.99914581,1.89271891,-0.06929597,-0.99682933,-0.03910790,0.83984900
3,1598296824006700500,1598296824006639100,-0.99753195,0.06879893,0.01402965,0.22581887,-0.01130171,0.03988115,-0.99914050,1.89273286,-0.06929931,-0.99683315,-0.03900517,0.83984804
3,1598296824015694100,1598296824015654500,-0.99755710,0.06855056,0.01344717,0.22892964,-0.01072126,0.03997900,-0.99914300,1.89269686,-0.06902942,-0.99684638,-0.03914639,0.84002662
3,1598296824024742200,1598296824024649500,-0.99753869,0.06874520,0.01381391,0.23023057,-0.01108216,0.03996141,-0.99913973,1.89268231,-0.06923804,-0.99683368,-0.03910121,0.84008121
3,1598296824033692100,1598296824033651200,-0.99755627,0.06855175,0.01350216,0.23315883,-0.01079723,0.03967667,-0.99915421,1.89244819,-0.06902945,-0.99685830,-0.03883953,0.84013343
3,1598296824042797900,1598296824042665400,-0.99755144,0.06860664,0.01357706,0.23470259,-0.01085242,0.03993177,-0.99914348,1.89232874,-0.06909010,-0.99684441,-0.03908945,0.84030032
3,1598296824051572300,1598296824051515700,-0.99756372,0.06841850,0.01362311,0.23567748,-0.01089276,0.04012235,-0.99913538,1.89220786,-0.06890595,-0.99684966,-0.03927933,0.84023881
3,1598296824061010100,1598296824060964700,-0.99755788,0.06853610,0.01346408,0.23766661,-0.01075774,0.03970500,-0.99915349,1.89241338,-0.06901267,-0.99685824,-0.03887074,0.84003282
3,1598296824069883400,1598296824069849200,-0.99756914,0.06838340,0.01340388,0.24066734,-0.01068655,0.03994897,-0.99914455,1.89215350,-0.06886035,-0.99685895,-0.03912108,0.84005809
3,1598296824078930200,1598296824078903000,-0.99756265,0.06844196,0.01358800,0.24149466,-0.01088893,0.03965585,-0.99915403,1.89242232,-0.06892294,-0.99686670,-0.03881394,0.84032202
3,1598296824087822600,1598296824087791300,-0.99756229,0.06843436,0.01365043,0.24208844,-0.01093550,0.03989096,-0.99914420,1.89234948,-0.06892031,-0.99685782,-0.03904536,0.84046197
3,1598296824096855500,1598296824096828300,-0.99755859,0.06854671,0.01335612,0.24287164,-0.01065989,0.03955039,-0.99916071,1.89261389,-0.06901741,-0.99686366,-0.03872313,0.83988643
3,1598296824105769500,1598296824105709200,-0.99756056,0.06847420,0.01357982,0.24420607,-0.01088258,0.03961106,-0.99915588,1.89251447,-0.06895429,-0.99686635,-0.03876925,0.83977413
3,1598296824114820100,1598296824114787800,-0.99757516,0.06828767,0.01344515,0.24605906,-0.01074679,0.03972935,-0.99915266,1.89251578,-0.06876400,-0.99687439,-0.03889914,0.83989382
3,1598296824123894100,1598296824123827100,-0.99756068,0.06848365,0.01352293,0.24736667,-0.01083481,0.03947241,-0.99916190,1.89259064,-0.06896007,-0.99687111,-0.03863411,0.83971381
3,1598296824132902900,1598296824132845200,-0.99756444,0.06848279,0.01324870,0.24987376,-0.01056488,0.03940451,-0.99916750,1.89250827,-0.06894779,-0.99687386,-0.03858503,0.83986163
3,1598296824141643700,1598296824141611000,-0.99756074,0.06848598,0.01350822,0.25045896,-0.01080583,0.03967725,-0.99915409,1.89260399,-0.06896397,-0.99686283,-0.03884042,0.83988070
3,1598296824151091900,1598296824151064100,-0.99756461,0.06841564,0.01357762,0.25360477,-0.01088473,0.03958098,-0.99915707,1.89250851,-0.06889537,-0.99687147,-0.03873989,0.84003520
3,1598296824160148700,1598296824160107900,-0.99754667,0.06872708,0.01331998,0.25493336,-0.01064169,0.03919009,-0.99917507,1.89259017,-0.06919238,-0.99686545,-0.03836257,0.83988500
3,1598296824169187300,1598296824169126800,-0.99755192,0.06865284,0.01330718,0.25866163,-0.01061966,0.03936407,-0.99916852,1.89221263,-0.06911957,-0.99686378,-0.03853863,0.84001565
3,1598296824178126100,1598296824178043900,-0.99754548,0.06872293,0.01342617,0.26007330,-0.01073256,0.03941546,-0.99916524,1.89253211,-0.06919476,-0.99685693,-0.03858114,0.84040642
3,1598296824187199200,1598296824187141600,-0.99753934,0.06876907,0.01364372,0.26092613,-0.01092654,0.03973422,-0.99915051,1.89246655,-0.06925279,-0.99684107,-0.03888504,0.84050989
3,1598296824195989800,1598296824195943600,-0.99753004,0.06895301,0.01339716,0.26275194,-0.01070963,0.03919947,-0.99917400,1.89267528,-0.06942120,-0.99684954,-0.03836419,0.84023762
3,1598296824205227900,1598296824205169800,-0.99753737,0.06885126,0.01337645,0.26515901,-0.01067659,0.03943269,-0.99916518,1.89247477,-0.06932119,-0.99684739,-0.03860049,0.84030390
3,1598296824213958400,1598296824213921500,-0.99753201,0.06893304,0.01335472,0.26781702,-0.01064664,0.03950477,-0.99916267,1.89258623,-0.06940287,-0.99683893,-0.03867336,0.84096360
3,1598296824223004200,1598296824222969400,-0.99751341,0.06920603,0.01333193,0.26844227,-0.01062632,0.03931702,-0.99917024,1.89281261,-0.06967279,-0.99682736,-0.03848384,0.84070492
3,1598296824231951600,1598296824231901000,-0.99751586,0.06917635,0.01330064,0.27025282,-0.01058828,0.03942946,-0.99916625,1.89282298,-0.06964311,-0.99682498,-0.03859905,0.84074712
3,1598296824240972300,1598296824240911700,-0.99752092,0.06906843,0.01348054,0.26823628,-0.01077895,0.03933924,-0.99916774,1.89306593,-0.06954125,-0.99683607,-0.03849723,0.84030867
3,1598296824249902000,1598296824249836800,-0.99752343,0.06901357,0.01357995,0.27034271,-0.01086090,0.03962248,-0.99915570,1.89316809,-0.06949332,-0.99682862,-0.03877480,0.84061217
3,1598296824259295100,1598296824259197300,-0.99751425,0.06917131,0.01344783,0.26909852,-0.01071349,0.03975019,-0.99915218,1.89315140,-0.06964719,-0.99681258,-0.03891031,0.84019160
3,1598296824267925500,1598296824267891600,-0.99751681,0.06917828,0.01321949,0.27479684,-0.01052766,0.03913256,-0.99917853,1.89320934,-0.06963879,-0.99683654,-0.03830710,0.84097648
3,1598296824276957500,1598296824276924400,-0.99751389,0.06914869,0.01359283,0.27480590,-0.01086294,0.03970262,-0.99915248,1.89330626,-0.06962976,-0.99681604,-0.03885275,0.84078455
3,1598296824285896100,1598296824285814800,-0.99751395,0.06914991,0.01357836,0.27913070,-0.01087247,0.03935806,-0.99916601,1.89314330,-0.06962666,-0.99682963,-0.03850839,0.84096742
3,1598296824294937900,1598296824294909200,-0.99751371,0.06921917,0.01323591,0.28109872,-0.01051788,0.03948507,-0.99916476,1.89310288,-0.06968400,-0.99681979,-0.03865886,0.84118509
3,1598296824303924900,1598296824303877200,-0.99751359,0.06922102,0.01323843,0.28207123,-0.01053179,0.03932124,-0.99917108,1.89307272,-0.06968418,-0.99682617,-0.03849445,0.84095764
3,1598296824312959200,1598296824312904000,-0.99751621,0.06917331,0.01328727,0.28447878,-0.01057395,0.03944449,-0.99916577,1.89314425,-0.06963974,-0.99682462,-0.03861509,0.84122372
3,1598296824321780000,1598296824321726700,-0.99751520,0.06914932,0.01348855,0.28576946,-0.01076840,0.03956031,-0.99915916,1.89308059,-0.06962475,-0.99682170,-0.03871738,0.84126210
3,1598296824330844000,1598296824330813600,-0.99750835,0.06927517,0.01334725,0.28882277,-0.01062314,0.03954362,-0.99916136,1.89311361,-0.06974483,-0.99681360,-0.03870917,0.84143615
3,1598296824339849800,1598296824339729100,-0.99752057,0.06912979,0.01318604,0.28907287,-0.01048375,0.03930825,-0.99917209,1.89304900,-0.06959087,-0.99683303,-0.03848605,0.84108973
3,1598296824348783700,1598296824348725200,-0.99751645,0.06909826,0.01365773,0.29030085,-0.01093880,0.03957542,-0.99915671,1.89298177,-0.06958047,-0.99682462,-0.03872128,0.84118056
3,1598296824357698400,1598296824357656200,-0.99751991,0.06912157,0.01328084,0.29180992,-0.01057057,0.03942938,-0.99916643,1.89300799,-0.06958762,-0.99682879,-0.03860094,0.84096861
3,1598296824366752000,1598296824366719900,-0.99753344,0.06892341,0.01329259,0.29178226,-0.01059802,0.03931452,-0.99917066,1.89300597,-0.06938887,-0.99684703,-0.03848710,0.84066606
3,1598296824375665800,1598296824375614200,-0.99753857,0.06885090,0.01328454,0.29294109,-0.01058538,0.03942076,-0.99916661,1.89302874,-0.06931716,-0.99684787,-0.03859492,0.84058261
3,1598296824385014700,1598296824384820300,-0.99754250,0.06873828,0.01357355,0.29597378,-0.01089131,0.03924659,-0.99917018,1.89294195,-0.06921393,-0.99686247,-0.03840149,0.84070945
3,1598296824393660700,1598296824393611300,-0.99754304,0.06879184,0.01325756,0.29641426,-0.01057687,0.03918729,-0.99917591,1.89303017,-0.06925467,-0.99686110,-0.03836340,0.84039617
3,1598296824402727700,1598296824402660700,-0.99756193,0.06850445,0.01331750,0.29986489,-0.01066958,0.03887511,-0.99918711,1.89301729,-0.06896648,-0.99689317,-0.03804942,0.84072900
3,1598296824411615100,1598296824411564400,-0.99755651,0.06856826,0.01340016,0.30278492,-0.01071891,0.03932293,-0.99916905,1.89296901,-0.06903821,-0.99687123,-0.03849186,0.84104609
3,1598296824420624400,1598296824420559500,-0.99755794,0.06848982,0.01369541,0.30269909,-0.01103594,0.03905903,-0.99917597,1.89304912,-0.06896830,-0.99688697,-0.03820779,0.84061861
3,1598296824429531600,1598296824429481500,-0.99756300,0.06851202,0.01320162,0.30579031,-0.01051832,0.03937949,-0.99916893,1.89293313,-0.06897494,-0.99687284,-0.03856289,0.84100223
3,1598296824438848900,1598296824438788900,-0.99756277,0.06847373,0.01341997,0.30888188,-0.01075491,0.03914213,-0.99917579,1.89245725,-0.06894258,-0.99688482,-0.03831030,0.84100103
3,1598296824447604700,1598296824447574000,-0.99756634,0.06840548,0.01349974,0.31373763,-0.01081694,0.03943895,-0.99916339,1.89280975,-0.06888068,-0.99687785,-0.03860303,0.84228897
3,1598296824456606500,1598296824456552600,-0.99755287,0.06861547,0.01343020,0.30975103,-0.01075455,0.03921673,-0.99917287,1.89298427,-0.06908542,-0.99687213,-0.03838283,0.84110427
3,1598296824465409000,1598296824465368700,-0.99756283,0.06850308,0.01326422,0.31163239,-0.01059991,0.03911147,-0.99917859,1.89287090,-0.06896558,-0.99688399,-0.03829002,0.84125972
3,1598296824474551400,1598296824474459300,-0.99756491,0.06844106,0.01342602,0.31436813,-0.01072307,0.03970874,-0.99915373,1.89306092,-0.06891629,-0.99686468,-0.03887815,0.84192014
3,1598296824483454700,1598296824483401900,-0.99755883,0.06852853,0.01343301,0.31646013,-0.01075858,0.03924745,-0.99917161,1.89301062,-0.06899896,-0.99687696,-0.03841437,0.84197736
3,1598296824492548000,1598296824492488200,-0.99754804,0.06867611,0.01347608,0.31762302,-0.01076642,0.03967426,-0.99915463,1.89326119,-0.06915271,-0.99684989,-0.03883759,0.84180593
3,1598296824501331900,1598296824501273600,-0.99755388,0.06863731,0.01323678,0.31900930,-0.01055781,0.03924789,-0.99917370,1.89308691,-0.06910008,-0.99686939,-0.03842722,0.84162021
3,1598296824510467800,1598296824510367500,-0.99755454,0.06857404,0.01351390,0.32181764,-0.01080467,0.03972639,-0.99915218,1.89325380,-0.06905279,-0.99685484,-0.03888832,0.84223676
3,1598296824519327400,1598296824519274900,-0.99753648,0.06877038,0.01384774,0.32308447,-0.01113765,0.03963609,-0.99915212,1.89312220,-0.06926093,-0.99684489,-0.03877250,0.84222412
3,1598296824528408600,1598296824528278600,-0.99753606,0.06883845,0.01353594,0.32527876,-0.01082925,0.03954186,-0.99915922,1.89315724,-0.06931579,-0.99684387,-0.03869896,0.84211969
3,1598296824537228500,1598296824537177400,-0.99754292,0.06875578,0.01345114,0.32712674,-0.01075251,0.03947012,-0.99916291,1.89289093,-0.06922913,-0.99685252,-0.03863385,0.84202790
3,1598296824546318300,1598296824546235800,-0.99753731,0.06881502,0.01356167,0.33092046,-0.01085902,0.03949737,-0.99916065,1.89303076,-0.06929290,-0.99684733,-0.03865283,0.84296322
3,1598296824555211300,1598296824555159900,-0.99753207,0.06883308,0.01385189,0.32855952,-0.01111109,0.04004269,-0.99913615,1.89303696,-0.06932828,-0.99682432,-0.03917906,0.84255958
3,1598296824564324000,1598296824564254000,-0.99751532,0.06909072,0.01377837,0.33242798,-0.01106011,0.03957276,-0.99915546,1.89300954,-0.06957760,-0.99682528,-0.03871028,0.84244299
3,1598296824573216700,1598296824573151200,-0.99752700,0.06895226,0.01362025,0.33350980,-0.01089636,0.03972730,-0.99915111,1.89318395,-0.06943485,-0.99682868,-0.03887773,0.84245324
3,1598296824582310000,1598296824582178800,-0.99750936,0.06912768,0.01401978,0.33406091,-0.01127884,0.03988263,-0.99914068,1.89323735,-0.06962740,-0.99681032,-0.03900361,0.84270644
3,1598296824591107000,1598296824591051500,-0.99750412,0.06929475,0.01356084,0.33578873,-0.01082522,0.03970215,-0.99915290,1.89345801,-0.06977445,-0.99680597,-0.03885293,0.84234667
3,1598296824600024400,1598296824599990100,-0.99750328,0.06925976,0.01379807,0.33653891,-0.01107756,0.03951144,-0.99915773,1.89336514,-0.06974658,-0.99681592,-0.03864557,0.84207845
3,1598296824609081900,1598296824609026000,-0.99750900,0.06923977,0.01348281,0.33906770,-0.01075233,0.03965756,-0.99915546,1.89342642,-0.06971601,-0.99681157,-0.03881428,0.84245467
3,1598296824618165200,1598296824618038600,-0.99749321,0.06934330,0.01410255,0.33871222,-0.01135795,0.03981614,-0.99914247,1.89349985,-0.06984538,-0.99679804,-0.03892873,0.84205961
3,1598296824626977700,1598296824626905300,-0.99747962,0.06961891,0.01370233,0.34031248,-0.01096411,0.03956277,-0.99915689,1.89354074,-0.07010230,-0.99678892,-0.03869975,0.84193754
3,1598296824636098400,1598296824636057100,-0.99748105,0.06959021,0.01374150,0.34380639,-0.01099134,0.03974924,-0.99914920,1.89337158,-0.07007724,-0.99678349,-0.03888423,0.84222579
3,1598296824644985200,1598296824644929000,-0.99747944,0.06961250,0.01375131,0.34570956,-0.01100910,0.03962404,-0.99915397,1.89342320,-0.07009852,-0.99678689,-0.03875779,0.84254146
3,1598296824653989200,1598296824653921600,-0.99746740,0.06974009,0.01397387,0.34676898,-0.01120539,0.03993176,-0.99913955,1.89356267,-0.07023808,-0.99676573,-0.03904916,0.84249926
3,1598296824662934100,1598296824662860800,-0.99745238,0.06996733,0.01391112,0.34894228,-0.01115690,0.03960243,-0.99915320,1.89367723,-0.07045901,-0.99676299,-0.03872091,0.84248686
3,1598296824671971100,1598296824671933600,-0.99746180,0.06987014,0.01372186,0.35109770,-0.01096196,0.03973186,-0.99915022,1.89353514,-0.07035592,-0.99676460,-0.03886510,0.84247947
3,1598296824680855500,1598296824680802900,-0.99745435,0.06991613,0.01402395,0.35299671,-0.01127696,0.03953093,-0.99915469,1.89348269,-0.07041141,-0.99676937,-0.03864186,0.84252048
3,1598296824689958900,1598296824689913300,-0.99744183,0.07009795,0.01400652,0.35401475,-0.01124598,0.03962219,-0.99915141,1.89360118,-0.07059345,-0.99675298,-0.03873251,0.84236789
3,1598296824699031100,1598296824698968800,-0.99743629,0.07018167,0.01398636,0.35624421,-0.01121963,0.03966308,-0.99915010,1.89355111,-0.07067677,-0.99674547,-0.03877398,0.84249306
3,1598296824707919900,1598296824707854300,-0.99744391,0.07006761,0.01400773,0.35725176,-0.01124156,0.03971840,-0.99914765,1.89368033,-0.07056424,-0.99675125,-0.03882921,0.84268832
3,1598296824716692400,1598296824716653100,-0.99745667,0.06980634,0.01440308,0.35811007,-0.01162243,0.04007755,-0.99912894,1.89377487,-0.07032278,-0.99675524,-0.03916430,0.84288168
3,1598296824725824700,1598296824725784400,-0.99745363,0.06991282,0.01409111,0.35997462,-0.01131747,0.03991153,-0.99913913,1.89377189,-0.07041502,-0.99675441,-0.03901867,0.84293866
