0,1598640151870230100,1598640151870128600,-0.67587000,-0.06157538,-0.73444426,0.90170777,0.73696947,-0.06823829,-0.67247277,1.48517537,-0.00870942,-0.99576712,0.09149942,0.01341844
0,1598640151879754600,1598640151879672500,-0.67586398,-0.06158018,-0.73444939,0.90169418,0.73697495,-0.06824112,-0.67246646,1.48517156,-0.00870901,-0.99576664,0.09150475,0.01342344
0,1598640151888627000,1598640151888557000,-0.67585117,-0.06159094,-0.73446029,0.90170324,0.73698694,-0.06822314,-0.67245513,1.48520195,-0.00869004,-0.99576730,0.09150040,0.01345420
0,1598640151897694300,1598640151897604600,-0.67584258,-0.06158322,-0.73446882,0.90170515,0.73699486,-0.06821556,-0.67244726,1.48520088,-0.00869071,-0.99576819,0.09148949,0.01345706
0,1598640151906639100,1598640151906532700,-0.67584270,-0.06160271,-0.73446709,0.90170467,0.73699492,-0.06821036,-0.67244768,1.48519921,-0.00867365,-0.99576741,0.09150036,0.01346350
0,1598640151915721000,1598640151915595400,-0.67583984,-0.06161091,-0.73446906,0.90171087,0.73699760,-0.06821013,-0.67244476,1.48519957,-0.00866830,-0.99576688,0.09150620,0.01344705
0,1598640151924550100,1598640151924466000,-0.67584658,-0.06160018,-0.73446369,0.90172470,0.73699141,-0.06820252,-0.67245239,1.48523068,-0.00866905,-0.99576813,0.09149328,0.01347566
0,1598640151933564300,1598640151933511700,-0.67584908,-0.06158975,-0.73446232,0.90173423,0.73698884,-0.06822503,-0.67245287,1.48523307,-0.00869250,-0.99576712,0.09150082,0.01347828
0,1598640151942419700,1598640151942367700,-0.67584902,-0.06157467,-0.73446363,0.90173376,0.73698878,-0.06822512,-0.67245293,1.48524022,-0.00870280,-0.99576807,0.09148970,0.01347661
0,1598640151951536500,1598640151951431000,-0.67584544,-0.06158793,-0.73446584,0.90174925,0.73699206,-0.06823547,-0.67244828,1.48524749,-0.00870189,-0.99576658,0.09150648,0.01344395
0,1598640151960513500,1598640151960376500,-0.67583919,-0.06158504,-0.73447180,0.90174949,0.73699766,-0.06824833,-0.67244089,1.48524594,-0.00871420,-0.99576586,0.09151292,0.01344109
0,1598640151969431700,1598640151969351100,-0.67584240,-0.06157109,-0.73447001,0.90175474,0.73699462,-0.06824479,-0.67244452,1.48524094,-0.00872059,-0.99576694,0.09150028,0.01345205
0,1598640151978341700,1598640151978282200,-0.67584473,-0.06158763,-0.73446649,0.90174234,0.73699284,-0.06822159,-0.67244887,1.48524046,-0.00869195,-0.99576759,0.09149684,0.01347232
0,1598640151987474000,1598640151987363300,-0.67584676,-0.06157812,-0.73446542,0.90174091,0.73699075,-0.06824166,-0.67244905,1.48523831,-0.00871299,-0.99576676,0.09150340,0.01347494
0,1598640151996385700,1598640151996285700,-0.67585546,-0.06155643,-0.73445922,0.90173852,0.73698252,-0.06825135,-0.67245716,1.48524022,-0.00873378,-0.99576747,0.09149410,0.01347685
0,1598640152005382500,1598640152005275400,-0.67585462,-0.06156638,-0.73445916,0.90175283,0.73698354,-0.06823090,-0.67245811,1.48522091,-0.00871196,-0.99576819,0.09148760,0.01350594
0,1598640152014285500,1598640152014191900,-0.67583656,-0.06159085,-0.73447376,0.90176332,0.73700017,-0.06824339,-0.67243862,1.48522460,-0.00870694,-0.99576581,0.09151386,0.01349497
0,1598640152023318100,1598640152023230700,-0.67584842,-0.06159252,-0.73446268,0.90176904,0.73698926,-0.06824692,-0.67245018,1.48522520,-0.00870690,-0.99576557,0.09151761,0.01350331
0,1598640152032221900,1598640152032142300,-0.67584789,-0.06157947,-0.73446429,0.90177047,0.73698956,-0.06825815,-0.67244875,1.48522544,-0.00872414,-0.99576557,0.09151559,0.01350594
0,1598640152041232200,1598640152041139600,-0.67584574,-0.06158841,-0.73446548,0.90176523,0.73699147,-0.06827231,-0.67244524,1.48523891,-0.00872880,-0.99576402,0.09153172,0.01349711
0,1598640152050196400,1598640152050105400,-0.67585057,-0.06161487,-0.73445880,0.90177190,0.73698717,-0.06827763,-0.67244935,1.48523962,-0.00871421,-0.99576199,0.09155487,0.01349258
0,1598640152059267000,1598640152059190100,-0.67584985,-0.06161559,-0.73445946,0.90177715,0.73698789,-0.06827895,-0.67244840,1.48524117,-0.00871482,-0.99576187,0.09155625,0.01349783
0,1598640152068162600,1598640152068094200,-0.67584872,-0.06160128,-0.73446167,0.90178049,0.73698872,-0.06828592,-0.67244685,1.48524213,-0.00872983,-0.99576229,0.09155037,0.01349735
0,1598640152077187500,1598640152077093700,-0.67584175,-0.06162101,-0.73446643,0.90178287,0.73699534,-0.06828032,-0.67244017,1.48524058,-0.00871317,-0.99576151,0.09156108,0.01350069
0,1598640152086092300,1598640152086026600,-0.67583215,-0.06163347,-0.73447418,0.90179813,0.73700398,-0.06829906,-0.67242873,1.48524213,-0.00871980,-0.99575937,0.09158282,0.01347876
0,1598640152095127500,1598640152095025500,-0.67583656,-0.06161463,-0.73447174,0.90178216,0.73699981,-0.06830299,-0.67243290,1.48523760,-0.00873488,-0.99576032,0.09157167,0.01346636
0,1598640152104112900,1598640152104020700,-0.67585111,-0.06160137,-0.73445952,0.90178192,0.73698640,-0.06830595,-0.67244732,1.48523796,-0.00874425,-0.99576092,0.09156403,0.01345778
0,1598640152113108900,1598640152113034400,-0.67584646,-0.06164098,-0.73446041,0.90178668,0.73699087,-0.06830770,-0.67244226,1.48523736,-0.00871930,-0.99575830,0.09159438,0.01344419
0,1598640152122025000,1598640152121894800,-0.67584372,-0.06163913,-0.73446310,0.90179265,0.73699337,-0.06831639,-0.67243868,1.48524034,-0.00872731,-0.99575788,0.09159884,0.01345062
0,1598640152131085500,1598640152131003500,-0.67583030,-0.06163731,-0.73447561,0.90186298,0.73700571,-0.06830192,-0.67242652,1.48523724,-0.00871953,-0.99575895,0.09158751,0.01347041
0,1598640152139989800,1598640152139894300,-0.67582613,-0.06162769,-0.73448026,0.90186489,0.73700947,-0.06830513,-0.67242211,1.48524976,-0.00872895,-0.99575931,0.09158257,0.01345563
0,1598640152149019500,1598640152148942400,-0.67584085,-0.06167102,-0.73446310,0.90184605,0.73699653,-0.06828665,-0.67243820,1.48524213,-0.00868410,-0.99575794,0.09160221,0.01350570
0,1598640152157899700,1598640152157821500,-0.67583811,-0.06166226,-0.73446631,0.90183723,0.73699868,-0.06831279,-0.67243320,1.48520505,-0.00870968,-0.99575669,0.09161340,0.01347780
0,1598640152166903100,1598640152166845000,-0.67586076,-0.06162995,-0.73444819,0.90178740,0.73697770,-0.06831873,-0.67245561,1.48520565,-0.00873314,-0.99575830,0.09159386,0.01345658
0,1598640152175910000,1598640152175813600,-0.67584908,-0.06161126,-0.73446047,0.90178716,0.73698813,-0.06832763,-0.67244327,1.48520851,-0.00875382,-0.99575877,0.09158598,0.01345587
0,1598640152184902200,1598640152184795800,-0.67584890,-0.06163946,-0.73445833,0.90179813,0.73698854,-0.06832501,-0.67244309,1.48521161,-0.00873284,-0.99575722,0.09160493,0.01344180
0,1598640152193884200,1598640152193802700,-0.67584801,-0.06165093,-0.73445815,0.90180910,0.73698950,-0.06831637,-0.67244285,1.48522902,-0.00871877,-0.99575710,0.09160757,0.01345754
0,1598640152202850800,1598640152202769600,-0.67586964,-0.06162137,-0.73444068,0.90178430,0.73696935,-0.06832884,-0.67246372,1.48523283,-0.00874533,-0.99575818,0.09159447,0.01344681
0,1598640152211767400,1598640152211689800,-0.67587024,-0.06161314,-0.73444086,0.90178955,0.73696876,-0.06832492,-0.67246473,1.48523462,-0.00874794,-0.99575883,0.09158576,0.01344609
0,1598640152220814900,1598640152220731300,-0.67586988,-0.06162459,-0.73444027,0.90181196,0.73696929,-0.06831710,-0.67246497,1.48527288,-0.00873445,-0.99575871,0.09158891,0.01347518
0,1598640152229759300,1598640152229680500,-0.67588121,-0.06161433,-0.73443073,0.90179002,0.73695862,-0.06833674,-0.67247462,1.48527861,-0.00875454,-0.99575800,0.09159476,0.01346564
0,1598640152238848100,1598640152238723800,-0.67587209,-0.06160539,-0.73443985,0.90179908,0.73696691,-0.06833398,-0.67246586,1.48528326,-0.00875969,-0.99575871,0.09158617,0.01347518
0,1598640152247661300,1598640152247600500,-0.67586756,-0.06164214,-0.73444092,0.90178192,0.73697150,-0.06832092,-0.67246217,1.48528540,-0.00872563,-0.99575740,0.09160441,0.01351285
0,1598640152256684300,1598640152256622700,-0.67587477,-0.06162879,-0.73443538,0.90178764,0.73696488,-0.06831509,-0.67247003,1.48529077,-0.00872949,-0.99575859,0.09159073,0.01352024
0,1598640152265607900,1598640152265547200,-0.67585844,-0.06162399,-0.73445082,0.90177953,0.73697972,-0.06832061,-0.67245317,1.48529994,-0.00873886,-0.99575853,0.09159070,0.01351833
0,1598640152274676400,1598640152274588300,-0.67587316,-0.06163123,-0.73443675,0.90180218,0.73696655,-0.06829494,-0.67247021,1.48528123,-0.00871311,-0.99575979,0.09157887,0.01354694
0,1598640152283657400,1598640152283540900,-0.67588013,-0.06163245,-0.73443007,0.90182316,0.73695987,-0.06831798,-0.67247516,1.48528624,-0.00872847,-0.99575818,0.09159543,0.01352286
0,1598640152292593700,1598640152292507900,-0.67589349,-0.06162676,-0.73441833,0.90179336,0.73694718,-0.06837621,-0.67248321,1.48519719,-0.00877374,-0.99575448,0.09163071,0.01345062
0,1598640152301595000,1598640152301482200,-0.67590588,-0.06162176,-0.73440731,0.90177405,0.73693573,-0.06837850,-0.67249548,1.48519874,-0.00877731,-0.99575466,0.09162870,0.01344228
0,1598640152310630300,1598640152310524000,-0.67591685,-0.06161198,-0.73439801,0.90177310,0.73692566,-0.06837408,-0.67250699,1.48520911,-0.00877930,-0.99575561,0.09161866,0.01343250
0,1598640152319534400,1598640152319420700,-0.67592138,-0.06162623,-0.73439276,0.90176260,0.73692161,-0.06838204,-0.67251062,1.48520792,-0.00877498,-0.99575418,0.09163459,0.01345730
0,1598640152328593500,1598640152328483700,-0.67591548,-0.06160372,-0.73440009,0.90177453,0.73692697,-0.06836437,-0.67250651,1.48523617,-0.00877789,-0.99575675,0.09160595,0.01347852
0,1598640152337422500,1598640152337335700,-0.67590785,-0.06162143,-0.73440558,0.90178096,0.73693413,-0.06835973,-0.67249918,1.48523653,-0.00876342,-0.99575597,0.09161581,0.01348758
0,1598640152346609000,1598640152346399100,-0.67589456,-0.06164259,-0.73441607,0.90179026,0.73694628,-0.06838597,-0.67248315,1.48524034,-0.00877011,-0.99575287,0.09164898,0.01347709
0,1598640152355399000,1598640152355311000,-0.67590588,-0.06163302,-0.73440647,0.90179861,0.73693579,-0.06838509,-0.67249471,1.48524213,-0.00877455,-0.99575353,0.09164146,0.01348281
0,1598640152364403100,1598640152364324000,-0.67590684,-0.06160986,-0.73440748,0.90177143,0.73693466,-0.06839260,-0.67249525,1.48524618,-0.00879572,-0.99575442,0.09162946,0.01347351
0,1598640152373396900,1598640152373302500,-0.67591113,-0.06161305,-0.73440331,0.90177763,0.73693091,-0.06837690,-0.67250091,1.48524165,-0.00878137,-0.99575537,0.09162128,0.01348114
0,1598640152382427400,1598640152382272800,-0.67590022,-0.06163871,-0.73441112,0.90178287,0.73694098,-0.06838504,-0.67248905,1.48524356,-0.00877136,-0.99575323,0.09164557,0.01347184
0,1598640152391300700,1598640152391199700,-0.67591500,-0.06164363,-0.73439711,0.90178788,0.73692751,-0.06838568,-0.67250377,1.48524570,-0.00876667,-0.99575281,0.09164979,0.01347733
0,1598640152400328600,1598640152400211600,-0.67591119,-0.06161833,-0.73440278,0.90177715,0.73693091,-0.06837428,-0.67250121,1.48524785,-0.00877580,-0.99575514,0.09162343,0.01346779
0,1598640152409264400,1598640152409176200,-0.67590785,-0.06164324,-0.73440367,0.90178239,0.73693424,-0.06836052,-0.67249894,1.48524237,-0.00874920,-0.99575460,0.09163246,0.01347446
0,1598640152418258900,1598640152418162100,-0.67590690,-0.06166732,-0.73440260,0.90178049,0.73693520,-0.06837954,-0.67249596,1.48524201,-0.00874706,-0.99575180,0.09166302,0.01347709
0,1598640152427177400,1598640152427088800,-0.67591208,-0.06166786,-0.73439777,0.90178621,0.73693049,-0.06837594,-0.67250150,1.48525119,-0.00874342,-0.99575204,0.09166104,0.01348686
0,1598640152436275800,1598640152436135900,-0.67591709,-0.06164479,-0.73439515,0.90179265,0.73692566,-0.06838127,-0.67250621,1.48525524,-0.00876237,-0.99575305,0.09164770,0.01348591
0,1598640152445102400,1598640152445014500,-0.67591524,-0.06163746,-0.73439741,0.90178668,0.73692733,-0.06837889,-0.67250466,1.48525524,-0.00876580,-0.99575365,0.09164067,0.01349211
0,1598640152454219100,1598640152454059800,-0.67591339,-0.06163916,-0.73439902,0.90179145,0.73692906,-0.06837336,-0.67250335,1.48526883,-0.00876077,-0.99575394,0.09163816,0.01350856
0,1598640152463219900,1598640152463055100,-0.67592198,-0.06161749,-0.73439288,0.90179026,0.73692089,-0.06838644,-0.67251092,1.48527026,-0.00878409,-0.99575436,0.09163113,0.01350880
0,1598640152472118800,1598640152472014600,-0.67592591,-0.06163025,-0.73438811,0.90179431,0.73691750,-0.06837703,-0.67251563,1.48526907,-0.00876796,-0.99575430,0.09163423,0.01351309
0,1598640152481006900,1598640152480913800,-0.67592221,-0.06164572,-0.73439032,0.90180242,0.73692089,-0.06838783,-0.67251080,1.48527169,-0.00876592,-0.99575257,0.09165289,0.01349640
0,1598640152490047000,1598640152489987000,-0.67591101,-0.06163058,-0.73440188,0.90179861,0.73693109,-0.06838494,-0.67249990,1.48526525,-0.00877547,-0.99575365,0.09163962,0.01349068
0,1598640152498977200,1598640152498889600,-0.67592329,-0.06162605,-0.73439097,0.90179336,0.73691964,-0.06839906,-0.67251104,1.48526561,-0.00878744,-0.99575305,0.09164596,0.01348639
0,1598640152508136500,1598640152507985900,-0.67590821,-0.06164521,-0.73440325,0.90179861,0.73693365,-0.06839591,-0.67249596,1.48525882,-0.00877403,-0.99575210,0.09165776,0.01349783
0,1598640152517020200,1598640152516930500,-0.67590815,-0.06167009,-0.73440123,0.90180147,0.73693383,-0.06841096,-0.67249429,1.48525667,-0.00876828,-0.99574947,0.09168634,0.01349354
0,1598640152525996100,1598640152525942700,-0.67590320,-0.06166261,-0.73440641,0.90178859,0.73693818,-0.06842061,-0.67248857,1.48522758,-0.00878116,-0.99574929,0.09168723,0.01347303
0,1598640152534959000,1598640152534868700,-0.67590928,-0.06166410,-0.73440069,0.90176857,0.73693258,-0.06842834,-0.67249388,1.48522472,-0.00878508,-0.99574864,0.09169364,0.01346469
0,1598640152543918200,1598640152543846700,-0.67591357,-0.06170225,-0.73439354,0.90175712,0.73692900,-0.06841599,-0.67249906,1.48523021,-0.00874951,-0.99574715,0.09171350,0.01345158
0,1598640152552890800,1598640152552784100,-0.67590529,-0.06169307,-0.73440188,0.90174568,0.73693651,-0.06841828,-0.67249060,1.48523092,-0.00875849,-0.99574757,0.09170817,0.01343632
0,1598640152561966600,1598640152561883300,-0.67589617,-0.06171989,-0.73440808,0.90173948,0.73694527,-0.06839720,-0.67248315,1.48522651,-0.00872585,-0.99574727,0.09171362,0.01343346
0,1598640152570851100,1598640152570755900,-0.67590070,-0.06169721,-0.73440576,0.90173614,0.73694080,-0.06840781,-0.67248696,1.48523021,-0.00874850,-0.99574792,0.09170410,0.01342678
0,1598640152579820300,1598640152579755200,-0.67589903,-0.06171253,-0.73440605,0.90174091,0.73694241,-0.06841622,-0.67248434,1.48523009,-0.00874460,-0.99574649,0.09172104,0.01340771
0,1598640152588761700,1598640152588671200,-0.67589247,-0.06169906,-0.73441321,0.90173090,0.73694843,-0.06840398,-0.67247903,1.48521197,-0.00874546,-0.99574816,0.09170279,0.01339293
0,1598640152597887100,1598640152597696700,-0.67590278,-0.06169966,-0.73440361,0.90173542,0.73693883,-0.06841870,-0.67248797,1.48521078,-0.00875464,-0.99574709,0.09171329,0.01339006
0,1598640152606689700,1598640152606596400,-0.67589915,-0.06170478,-0.73440659,0.90174067,0.73694229,-0.06841293,-0.67248482,1.48520648,-0.00874737,-0.99574715,0.09171310,0.01339579
0,1598640152615775800,1598640152615660200,-0.67588830,-0.06171447,-0.73441577,0.90172422,0.73695260,-0.06837890,-0.67247695,1.48520303,-0.00871702,-0.99574888,0.09169714,0.01341534
0,1598640152624749400,1598640152624634300,-0.67589700,-0.06172076,-0.73440725,0.90173948,0.73694474,-0.06837399,-0.67248607,1.48523545,-0.00870797,-0.99574888,0.09169859,0.01344538
0,1598640152633700300,1598640152633607500,-0.67590046,-0.06170037,-0.73440576,0.90175283,0.73694146,-0.06836525,-0.67249060,1.48523676,-0.00871487,-0.99575067,0.09167771,0.01344442
0,1598640152642695600,1598640152642559100,-0.67588717,-0.06169850,-0.73441815,0.90176332,0.73695368,-0.06835777,-0.67247790,1.48522592,-0.00871231,-0.99575138,0.09167109,0.01346064
0,1598640152651655200,1598640152651534600,-0.67588580,-0.06166619,-0.73442209,0.90174091,0.73695487,-0.06833374,-0.67247909,1.48523235,-0.00871655,-0.99575502,0.09163103,0.01345420
0,1598640152660628600,1598640152660508600,-0.67588073,-0.06167153,-0.73442626,0.90174758,0.73695970,-0.06832142,-0.67247504,1.48524630,-0.00870448,-0.99575549,0.09162657,0.01346922
0,1598640152669638300,1598640152669558900,-0.67587650,-0.06167379,-0.73443002,0.90176952,0.73696381,-0.06829275,-0.67247343,1.48524618,-0.00868227,-0.99575734,0.09160879,0.01347780
0,1598640152678591400,1598640152678486100,-0.67587215,-0.06166661,-0.73443460,0.90176904,0.73696774,-0.06829756,-0.67246866,1.48524714,-0.00869121,-0.99575746,0.09160674,0.01348019
0,1598640152687583100,1598640152687474200,-0.67588383,-0.06166950,-0.73442364,0.90179265,0.73695707,-0.06829140,-0.67248094,1.48527074,-0.00868322,-0.99575776,0.09160486,0.01348710
0,1598640152696489600,1598640152696415700,-0.67588872,-0.06165886,-0.73442006,0.90177357,0.73695254,-0.06829476,-0.67248559,1.48527193,-0.00869231,-0.99575812,0.09159932,0.01348090
0,1598640152705563100,1598640152705461100,-0.67588425,-0.06163362,-0.73442626,0.90177190,0.73695630,-0.06830233,-0.67248064,1.48527718,-0.00871557,-0.99575919,0.09158576,0.01347613
0,1598640152714398000,1598640152714325200,-0.67587280,-0.06166714,-0.73443407,0.90178812,0.73696691,-0.06832326,-0.67246693,1.48527694,-0.00870979,-0.99575567,0.09162450,0.01345491
0,1598640152723531500,1598640152723427000,-0.67588609,-0.06164587,-0.73442352,0.90179288,0.73695445,-0.06833337,-0.67247951,1.48527014,-0.00873007,-0.99575627,0.09161577,0.01345634
0,1598640152732600600,1598640152732530500,-0.67589509,-0.06160888,-0.73441845,0.90178382,0.73694587,-0.06834570,-0.67248774,1.48526764,-0.00876309,-0.99575770,0.09159696,0.01344943
0,1598640152741679800,1598640152741589900,-0.67587906,-0.06164125,-0.73443043,0.90180433,0.73696101,-0.06832127,-0.67247361,1.48524046,-0.00872509,-0.99575740,0.09160413,0.01348090
0,1598640152750595900,1598640152750465600,-0.67590356,-0.06152090,-0.73441792,0.90176332,0.73693782,-0.06829029,-0.67250216,1.48523891,-0.00878069,-0.99576700,0.09149474,0.01349711
0,1598640152759600800,1598640152759543200,-0.67590076,-0.06149408,-0.73442274,0.90176904,0.73694021,-0.06828365,-0.67250019,1.48523438,-0.00879429,-0.99576914,0.09147044,0.01350737
0,1598640152768532600,1598640152768435800,-0.67590630,-0.06146523,-0.73442006,0.90176713,0.73693466,-0.06831498,-0.67250311,1.48522949,-0.00883634,-0.99576867,0.09147039,0.01351094
0,1598640152777553600,1598640152777448700,-0.67590034,-0.06149277,-0.73442328,0.90175712,0.73694038,-0.06831223,-0.67249715,1.48523855,-0.00881635,-0.99576724,0.09148878,0.01350069
0,1598640152786587600,1598640152786429900,-0.67590219,-0.06152552,-0.73441887,0.90176189,0.73693877,-0.06833038,-0.67249703,1.48523211,-0.00880735,-0.99576390,0.09152521,0.01349831
0,1598640152795532700,1598640152795436300,-0.67591524,-0.06149912,-0.73440897,0.90176094,0.73692673,-0.06831693,-0.67251158,1.48522127,-0.00881365,-0.99576646,0.09149681,0.01349759
0,1598640152804479200,1598640152804408900,-0.67590886,-0.06151366,-0.73441362,0.90174949,0.73693246,-0.06834070,-0.67250293,1.48523557,-0.00882225,-0.99576402,0.09152348,0.01348186
0,1598640152813457600,1598640152813365900,-0.67590576,-0.06151348,-0.73441648,0.90175807,0.73693550,-0.06832281,-0.67250144,1.48522353,-0.00880949,-0.99576521,0.09151126,0.01346588
0,1598640152822416700,1598640152822344100,-0.67592096,-0.06149811,-0.73440385,0.90176237,0.73692161,-0.06829966,-0.67251897,1.48523045,-0.00880089,-0.99576771,0.09148447,0.01347232
0,1598640152831413100,1598640152831342800,-0.67593467,-0.06148788,-0.73439211,0.90175331,0.73690999,-0.06818269,-0.67254353,1.48523116,-0.00871953,-0.99577641,0.09139808,0.01342106
0,1598640152840454200,1598640152840380100,-0.67597717,-0.06161219,-0.73434252,0.90175307,0.73687166,-0.06822762,-0.67258102,1.48520434,-0.00866324,-0.99576557,0.09152061,0.01333570
0,1598640152849355500,1598640152849274000,-0.67597055,-0.06159392,-0.73435014,0.90171540,0.73687798,-0.06818967,-0.67257792,1.48509562,-0.00864837,-0.99576932,0.09148142,0.01326346
0,1598640152858273200,1598640152858197900,-0.67593265,-0.06167465,-0.73437834,0.90171850,0.73691314,-0.06821325,-0.67253703,1.48494697,-0.00861585,-0.99576271,0.09155641,0.01316381
0,1598640152867539300,1598640152867448700,-0.67590189,-0.06169227,-0.73440510,0.90172184,0.73694116,-0.06823638,-0.67250395,1.48473012,-0.00862484,-0.99576008,0.09158467,0.01303530
0,1598640152876280300,1598640152876168000,-0.67587537,-0.06172052,-0.73442721,0.90172684,0.73696476,-0.06834747,-0.67246681,1.48446345,-0.00869122,-0.99575067,0.09168023,0.01288342
0,1598640152885189100,1598640152885116500,-0.67579782,-0.06176403,-0.73449486,0.90177095,0.73703486,-0.06849015,-0.67237550,1.48411965,-0.00877704,-0.99573815,0.09180778,0.01269197
0,1598640152894139500,1598640152894090200,-0.67576844,-0.06180027,-0.73451883,0.90176618,0.73706126,-0.06858008,-0.67233735,1.48367739,-0.00882269,-0.99572974,0.09189485,0.01248193
0,1598640152903216700,1598640152903119200,-0.67568004,-0.06188244,-0.73459315,0.90178287,0.73714173,-0.06869411,-0.67223752,1.48319721,-0.00886251,-0.99571681,0.09203139,0.01230454
0,1598640152912217600,1598640152912152300,-0.67558891,-0.06199789,-0.73466730,0.90180767,0.73722488,-0.06883240,-0.67213213,1.48268867,-0.00889812,-0.99570000,0.09220880,0.01209116
0,1598640152921195100,1598640152921143900,-0.67555428,-0.06201911,-0.73469734,0.90180099,0.73725593,-0.06892405,-0.67208874,1.48211694,-0.00895596,-0.99569243,0.09228590,0.01191306
0,1598640152930090800,1598640152930023500,-0.67547864,-0.06204385,-0.73476481,0.90178835,0.73732501,-0.06895969,-0.67200929,1.48154044,-0.00897509,-0.99568832,0.09232728,0.01175022
0,1598640152939167800,1598640152939058900,-0.67540377,-0.06205180,-0.73483294,0.90178239,0.73739421,-0.06888576,-0.67194092,1.48085856,-0.00892437,-0.99569297,0.09228233,0.01166296
0,1598640152948061000,1598640152947981500,-0.67535424,-0.06204396,-0.73487914,0.90176427,0.73743939,-0.06889121,-0.67189080,1.48017454,-0.00893994,-0.99569309,0.09227964,0.01152110
0,1598640152957135500,1598640152957029700,-0.67531067,-0.06193206,-0.73492867,0.90171993,0.73747885,-0.06883308,-0.67185348,1.47937369,-0.00897813,-0.99570411,0.09215727,0.01141548
0,1598640152966120400,1598640152966070100,-0.67536491,-0.06200898,-0.73487228,0.90171707,0.73742986,-0.06883246,-0.67190725,1.47856414,-0.00891881,-0.99569935,0.09221429,0.01132202
0,1598640152975112300,1598640152975042200,-0.67527854,-0.06195047,-0.73495650,0.90171421,0.73750937,-0.06871577,-0.67183197,1.47763991,-0.00888278,-0.99571109,0.09209132,0.01127815
0,1598640152983923100,1598640152983858600,-0.67532253,-0.06203979,-0.73490870,0.90170753,0.73746961,-0.06875121,-0.67187196,1.47672129,-0.00884306,-0.99570304,0.09218171,0.01114464
0,1598640152992991900,1598640152992933600,-0.67532378,-0.06187457,-0.73492140,0.90166557,0.73746794,-0.06865432,-0.67188370,1.47559094,-0.00888300,-0.99572003,0.09199442,0.01101971
0,1598640153001872000,1598640153001804800,-0.67527521,-0.06189099,-0.73496461,0.90167868,0.73751223,-0.06868356,-0.67183208,1.47445297,-0.00889960,-0.99571699,0.09202567,0.01094270
0,1598640153010940100,1598640153010856200,-0.67520887,-0.06186727,-0.73502755,0.90170109,0.73757356,-0.06858090,-0.67177528,1.47318769,-0.00884797,-0.99572557,0.09193811,0.01090145
0,1598640153019928800,1598640153019863800,-0.67518723,-0.06190687,-0.73504418,0.90170276,0.73759371,-0.06857779,-0.67175347,1.47194719,-0.00882153,-0.99572331,0.09196499,0.01078272
0,1598640153028586600,1598640153028490000,-0.67516118,-0.06187335,-0.73507094,0.90174305,0.73761755,-0.06854033,-0.67173105,1.47065878,-0.00881971,-0.99572796,0.09191465,0.01066899
0,1598640153037423200,1598640153037348100,-0.67508990,-0.06182903,-0.73514014,0.90176666,0.73768300,-0.06846605,-0.67166680,1.46927190,-0.00880365,-0.99573576,0.09183097,0.01058674
0,1598640153046502800,1598640153046396300,-0.67499202,-0.06185770,-0.73522758,0.90175903,0.73777241,-0.06849577,-0.67156559,1.46786380,-0.00881848,-0.99573195,0.09187099,0.01041746
0,1598640153055410200,1598640153055293300,-0.67506415,-0.06187215,-0.73516017,0.90171373,0.73770767,-0.06837716,-0.67164868,1.46646821,-0.00871176,-0.99573922,0.09180257,0.01020718
0,1598640153064389600,1598640153064332700,-0.67505825,-0.06192794,-0.73516089,0.90172994,0.73771471,-0.06824032,-0.67165494,1.46504033,-0.00857338,-0.99574512,0.09175137,0.01006103
0,1598640153073410600,1598640153073308300,-0.67509145,-0.06201917,-0.73512268,0.90172946,0.73768556,-0.06818426,-0.67169261,1.46360469,-0.00846596,-0.99574327,0.09178129,0.00993419
0,1598640153082373800,1598640153082294000,-0.67513531,-0.06199044,-0.73508483,0.90168655,0.73764628,-0.06806456,-0.67174792,1.46220303,-0.00839131,-0.99575329,0.09167980,0.00974679
0,1598640153091282800,1598640153091206300,-0.67527944,-0.06201312,-0.73495048,0.90161192,0.73751479,-0.06804653,-0.67189407,1.46075583,-0.00834459,-0.99575311,0.09168604,0.00954103
0,1598640153100378300,1598640153100286400,-0.67525798,-0.06196633,-0.73497415,0.90159070,0.73753494,-0.06794804,-0.67188197,1.45923412,-0.00830598,-0.99576277,0.09158480,0.00936031
0,1598640153109192500,1598640153109123000,-0.67532122,-0.06201068,-0.73491228,0.90157044,0.73747802,-0.06788084,-0.67195123,1.45768726,-0.00821830,-0.99576455,0.09157288,0.00922084
0,1598640153118361300,1598640153118252200,-0.67547202,-0.06195709,-0.73477817,0.90152776,0.73734057,-0.06776610,-0.67211360,1.45609140,-0.00815080,-0.99577570,0.09145758,0.00898004
0,1598640153126977200,1598640153126780800,-0.67549294,-0.06194082,-0.73476046,0.90146911,0.73732150,-0.06775498,-0.67213565,1.45444357,-0.00815104,-0.99577749,0.09143829,0.00869942
0,1598640153135873200,1598640153135818300,-0.67551970,-0.06204638,-0.73472679,0.90149105,0.73729759,-0.06777253,-0.67216009,1.45269835,-0.00808920,-0.99576974,0.09152834,0.00844264
0,1598640153144777600,1598640153144732000,-0.67555583,-0.06190106,-0.73470587,0.90146148,0.73726439,-0.06765677,-0.67220813,1.45089388,-0.00809744,-0.99578661,0.09134339,0.00822377
0,1598640153153867200,1598640153153802600,-0.67544067,-0.06195232,-0.73480743,0.90146339,0.73736995,-0.06767981,-0.67209011,1.44895864,-0.00809407,-0.99578190,0.09139547,0.00792623
0,1598640153162761600,1598640153162710300,-0.67538786,-0.06197509,-0.73485404,0.90149939,0.73741835,-0.06769255,-0.67203569,1.44708812,-0.00809465,-0.99577963,0.09142028,0.00763988
0,1598640153171747800,1598640153171685000,-0.67536271,-0.06201932,-0.73487341,0.90155303,0.73744249,-0.06759259,-0.67201924,1.44513631,-0.00799380,-0.99578363,0.09138522,0.00738430
0,1598640153180743900,1598640153180621400,-0.67529511,-0.06198809,-0.73493820,0.90154779,0.73750365,-0.06763926,-0.67194742,1.44320416,-0.00805791,-0.99578243,0.09139293,0.00706077
0,1598640153189728100,1598640153189682700,-0.67528355,-0.06196454,-0.73495084,0.90152252,0.73751420,-0.06762802,-0.67193705,1.44122720,-0.00806697,-0.99578464,0.09136781,0.00671506
0,1598640153198716700,1598640153198635800,-0.67519504,-0.06189117,-0.73503828,0.90152776,0.73759508,-0.06756278,-0.67185479,1.43924117,-0.00807934,-0.99579370,0.09126866,0.00637341
0,1598640153207678700,1598640153207624000,-0.67518121,-0.06204957,-0.73503768,0.90151632,0.73760855,-0.06760463,-0.67183578,1.43727756,-0.00800484,-0.99578094,0.09141366,0.00604725
0,1598640153216598200,1598640153216538700,-0.67521238,-0.06183624,-0.73502696,0.90147793,0.73757911,-0.06751690,-0.67187691,1.43535018,-0.00808038,-0.99580020,0.09119736,0.00569749
0,1598640153225668900,1598640153225539100,-0.67524576,-0.06184188,-0.73499584,0.90141475,0.73754817,-0.06758577,-0.67190397,1.43335056,-0.00812346,-0.99579513,0.09124838,0.00527930
0,1598640153234372000,1598640153234266100,-0.67531085,-0.06185031,-0.73493534,0.90136850,0.73748916,-0.06752422,-0.67197490,1.43144870,-0.00806403,-0.99579877,0.09121379,0.00489163
0,1598640153243347100,1598640153243292500,-0.67527115,-0.06194904,-0.73496354,0.90134037,0.73752588,-0.06756735,-0.67193031,1.42942977,-0.00803411,-0.99578977,0.09131531,0.00449014
0,1598640153252348000,1598640153252260000,-0.67523819,-0.06191930,-0.73499632,0.90131533,0.73755544,-0.06760432,-0.67189407,1.42747641,-0.00808571,-0.99578905,0.09131794,0.00407696
0,1598640153261377100,1598640153261289700,-0.67530161,-0.06177860,-0.73494983,0.90127194,0.73749715,-0.06751941,-0.67196667,1.42543197,-0.00811021,-0.99580353,0.09115751,0.00360298
0,1598640153270286500,1598640153270206900,-0.67530340,-0.06190908,-0.73493725,0.90126646,0.73749602,-0.06757970,-0.67196178,1.42345572,-0.00806633,-0.99579138,0.09129451,0.00316405
0,1598640153279383800,1598640153279270400,-0.67529684,-0.06186143,-0.73494732,0.90125549,0.73750216,-0.06751955,-0.67196113,1.42146182,-0.00805485,-0.99579847,0.09121868,0.00272059
0,1598640153288259800,1598640153288148000,-0.67527288,-0.06182599,-0.73497230,0.90122783,0.73752338,-0.06756793,-0.67193294,1.41944027,-0.00811765,-0.99579740,0.09122494,0.00224209
0,1598640153297297400,1598640153297190100,-0.67530507,-0.06184620,-0.73494101,0.90118444,0.73749393,-0.06758752,-0.67196333,1.41746378,-0.00811446,-0.99579477,0.09125340,0.00179553
0,1598640153306161500,1598640153306107600,-0.67535758,-0.06174728,-0.73490107,0.90116346,0.73744565,-0.06752580,-0.67202246,1.41558170,-0.00812919,-0.99580508,0.09113935,0.00136232
0,1598640153315263900,1598640153315161300,-0.67540109,-0.06173468,-0.73486209,0.90106380,0.73740619,-0.06747847,-0.67207056,1.41366673,-0.00809728,-0.99580908,0.09109858,0.00100470
0,1598640153324192900,1598640153324110000,-0.67554063,-0.06174469,-0.73473305,0.90099728,0.73727924,-0.06740803,-0.67221689,1.41176462,-0.00802107,-0.99581325,0.09105991,0.00056124
0,1598640153333177800,1598640153333120600,-0.67548454,-0.06166464,-0.73479134,0.90092695,0.73733020,-0.06737613,-0.67216420,1.40986431,-0.00805861,-0.99582034,0.09097874,0.00014424
0,1598640153342033500,1598640153341985300,-0.67548990,-0.06160259,-0.73479158,0.90087593,0.73732460,-0.06739668,-0.67216825,1.40804982,-0.00811520,-0.99582279,0.09094691,-0.00027966
0,1598640153351118500,1598640153351062500,-0.67555422,-0.06151247,-0.73473996,0.90082967,0.73726642,-0.06723739,-0.67224807,1.40614295,-0.00805034,-0.99583912,0.09077361,-0.00067329
0,1598640153360031300,1598640153359936300,-0.67552984,-0.06157327,-0.73475736,0.90079105,0.73728883,-0.06727979,-0.67221922,1.40429294,-0.00804356,-0.99583250,0.09084679,-0.00107670
0,1598640153369115600,1598640153368984300,-0.67556912,-0.06140754,-0.73473507,0.90075266,0.73725247,-0.06718213,-0.67226887,1.40238976,-0.00807871,-0.99584937,0.09065899,-0.00147557
0,1598640153378008200,1598640153377966400,-0.67551756,-0.06142700,-0.73478091,0.90077293,0.73730034,-0.06711797,-0.67222279,1.40040421,-0.00802438,-0.99585247,0.09062949,-0.00182819
0,1598640153387054800,1598640153387003900,-0.67546076,-0.06147599,-0.73482901,0.90078318,0.73735261,-0.06712219,-0.67216504,1.39846945,-0.00800125,-0.99584913,0.09066795,-0.00229931
0,1598640153396100300,1598640153396028700,-0.67545044,-0.06142196,-0.73484302,0.90074527,0.73736197,-0.06707919,-0.67215902,1.39658093,-0.00800732,-0.99585539,0.09059891,-0.00271511
0,1598640153405085200,1598640153404961900,-0.67537552,-0.06137511,-0.73491573,0.90072262,0.73743010,-0.06708609,-0.67208362,1.39476681,-0.00805342,-0.99585783,0.09056818,-0.00315380
0,1598640153414035400,1598640153413947900,-0.67536676,-0.06129214,-0.73493069,0.90067995,0.73743808,-0.06702022,-0.67208147,1.39296281,-0.00806189,-0.99586737,0.09046240,-0.00352812
0,1598640153422948700,1598640153422870100,-0.67530119,-0.06124121,-0.73499513,0.90066040,0.73749804,-0.06695836,-0.67202181,1.39114535,-0.00805864,-0.99587464,0.09038234,-0.00389981
0,1598640153431872000,1598640153431794500,-0.67528141,-0.06124616,-0.73501289,0.90056169,0.73751587,-0.06699372,-0.67199868,1.38940787,-0.00808391,-0.99587190,0.09040965,-0.00430036
0,1598640153440908900,1598640153440818800,-0.67532897,-0.06129315,-0.73496538,0.90048969,0.73747194,-0.06709979,-0.67203635,1.38777113,-0.00812481,-0.99586195,0.09051640,-0.00469685
0,1598640153449866000,1598640153449794900,-0.67536151,-0.06114310,-0.73494792,0.90040100,0.73744148,-0.06704745,-0.67207497,1.38612080,-0.00818361,-0.99587470,0.09037071,-0.00502467
0,1598640153458879200,1598640153458806700,-0.67541754,-0.06115699,-0.73489529,0.90032995,0.73738945,-0.06715582,-0.67212123,1.38452101,-0.00824760,-0.99586654,0.09045474,-0.00533462
0,1598640153467747800,1598640153467644700,-0.67550111,-0.06111220,-0.73482215,0.90021646,0.73731250,-0.06717131,-0.67220414,1.38297534,-0.00827910,-0.99586821,0.09043309,-0.00561237
0,1598640153476800000,1598640153476699800,-0.67550987,-0.06106666,-0.73481792,0.90013111,0.73730409,-0.06718270,-0.67221218,1.38139713,-0.00831728,-0.99587029,0.09040728,-0.00587702
0,1598640153485704800,1598640153485657400,-0.67554826,-0.06100130,-0.73478806,0.90002716,0.73726791,-0.06724901,-0.67224526,1.37982655,-0.00840592,-0.99586982,0.09040427,-0.00603628
0,1598640153494891600,1598640153494793300,-0.67560124,-0.06092417,-0.73474580,0.89994276,0.73721856,-0.06728198,-0.67229605,1.37820935,-0.00847606,-0.99587232,0.09037022,-0.00622869
0,1598640153503712500,1598640153503615000,-0.67564011,-0.06082690,-0.73471808,0.89985502,0.73718202,-0.06730383,-0.67233390,1.37668145,-0.00855336,-0.99587673,0.09031366,-0.00638008
0,1598640153512762500,1598640153512662200,-0.67558706,-0.06078589,-0.73477030,0.89968669,0.73723048,-0.06728407,-0.67228281,1.37505841,-0.00857304,-0.99588054,0.09026946,-0.00636697
0,1598640153521683600,1598640153521548400,-0.67566139,-0.06078041,-0.73470241,0.89965475,0.73716235,-0.06728864,-0.67235702,1.37359750,-0.00857095,-0.99588060,0.09026939,-0.00636673
0,1598640153530721900,1598640153530620000,-0.67559385,-0.06065261,-0.73477507,0.89959896,0.73722345,-0.06724723,-0.67229414,1.37200332,-0.00863521,-0.99589121,0.09014636,-0.00639963
0,1598640153539594300,1598640153539489000,-0.67552865,-0.06072000,-0.73482943,0.89950383,0.73728323,-0.06729946,-0.67222339,1.37046516,-0.00863621,-0.99588358,0.09023052,-0.00644231
0,1598640153548552300,1598640153548479500,-0.67548943,-0.06085119,-0.73485458,0.89941299,0.73731887,-0.06744207,-0.67216998,1.36893153,-0.00865775,-0.99586594,0.09042312,-0.00640535
0,1598640153557516000,1598640153557455500,-0.67551595,-0.06069285,-0.73484331,0.89935577,0.73729378,-0.06739462,-0.67220229,1.36747575,-0.00872661,-0.99587882,0.09027462,-0.00622129
0,1598640153566604000,1598640153566534900,-0.67548358,-0.06081992,-0.73486257,0.89927280,0.73732179,-0.06769484,-0.67214143,1.36596417,-0.00886683,-0.99585074,0.09057061,-0.00607777
0,1598640153575482200,1598640153575406500,-0.67543870,-0.06058109,-0.73492360,0.89918125,0.73736113,-0.06766515,-0.67210126,1.36456180,-0.00901209,-0.99586725,0.09037380,-0.00585747
0,1598640153584587300,1598640153584432500,-0.67555642,-0.06068400,-0.73480684,0.89903629,0.73725182,-0.06794024,-0.67219341,1.36313605,-0.00913157,-0.99584228,0.09063688,-0.00552678
0,1598640153593392000,1598640153593312800,-0.67552352,-0.06029314,-0.73486930,0.89897025,0.73727965,-0.06782536,-0.67217445,1.36177385,-0.00931528,-0.99587381,0.09027053,-0.00511456
0,1598640153602505800,1598640153602405000,-0.67552352,-0.06021947,-0.73487532,0.89884698,0.73727578,-0.06816831,-0.67214406,1.36030340,-0.00961904,-0.99585485,0.09044766,-0.00476313
0,1598640153611380600,1598640153611260700,-0.67541802,-0.06008294,-0.73498350,0.89873445,0.73737168,-0.06810334,-0.67204541,1.35887313,-0.00967631,-0.99586755,0.09030171,-0.00430393
0,1598640153620437900,1598640153620364800,-0.67551643,-0.06011310,-0.73489058,0.89865911,0.73728102,-0.06819993,-0.67213506,1.35748219,-0.00971536,-0.99585915,0.09039040,-0.00386286
0,1598640153629355400,1598640153629254500,-0.67542654,-0.05997175,-0.73498470,0.89856970,0.73736191,-0.06819952,-0.67204636,1.35611916,-0.00982176,-0.99586767,0.09028466,-0.00338411
0,1598640153638437100,1598640153638318100,-0.67536157,-0.05992538,-0.73504823,0.89852750,0.73742056,-0.06823777,-0.67197812,1.35479438,-0.00988948,-0.99586785,0.09027538,-0.00280738
0,1598640153647294200,1598640153647167600,-0.67540455,-0.05991250,-0.73500979,0.89841259,0.73738122,-0.06822498,-0.67202258,1.35360491,-0.00988349,-0.99586952,0.09025781,-0.00212765
0,1598640153656358600,1598640153656287700,-0.67544436,-0.05988103,-0.73497570,0.89840496,0.73734522,-0.06816208,-0.67206848,1.35258758,-0.00985330,-0.99587572,0.09019269,-0.00137520
0,1598640153665222900,1598640153665151400,-0.67537493,-0.05993721,-0.73503500,0.89834344,0.73740846,-0.06823655,-0.67199153,1.35157323,-0.00987896,-0.99586725,0.09028347,-0.00068712
0,1598640153674238900,1598640153674170800,-0.67536861,-0.05988696,-0.73504484,0.89826667,0.73741376,-0.06823897,-0.67198551,1.35066319,-0.00991549,-0.99587005,0.09024793,0.00008512
0,1598640153683217500,1598640153683119400,-0.67543429,-0.05994767,-0.73497951,0.89809191,0.73735368,-0.06829307,-0.67204589,1.34990418,-0.00990641,-0.99586272,0.09033011,0.00101614
0,1598640153692202100,1598640153692154100,-0.67546350,-0.05993158,-0.73495406,0.89803779,0.73732775,-0.06820268,-0.67208350,1.34943056,-0.00984679,-0.99586987,0.09025763,0.00201249
0,1598640153701123900,1598640153701036400,-0.67556566,-0.05994239,-0.73485923,0.89790809,0.73723358,-0.06828594,-0.67217839,1.34897065,-0.00988854,-0.99586356,0.09032317,0.00295377
0,1598640153710260800,1598640153710176100,-0.67569906,-0.05987710,-0.73474193,0.89781511,0.73711085,-0.06830180,-0.67231137,1.34866822,-0.00992812,-0.99586642,0.09028754,0.00402904
0,1598640153719116900,1598640153719029900,-0.67577696,-0.05971435,-0.73468351,0.89765871,0.73703909,-0.06819293,-0.67240107,1.34860039,-0.00994822,-0.99588358,0.09009501,0.00533056
0,1598640153728112500,1598640153728041600,-0.67583263,-0.05977744,-0.73462713,0.89756215,0.73698795,-0.06826681,-0.67244959,1.34852099,-0.00995333,-0.99587476,0.09019218,0.00648260
0,1598640153737099000,1598640153737000200,-0.67594099,-0.05966520,-0.73453665,0.89742744,0.73688817,-0.06823228,-0.67256248,1.34858418,-0.00999053,-0.99588382,0.09008756,0.00765324
0,1598640153746086200,1598640153746022900,-0.67603022,-0.05965641,-0.73445517,0.89723957,0.73680615,-0.06824588,-0.67265093,1.34867036,-0.00999556,-0.99588341,0.09009150,0.00897026
0,1598640153754975600,1598640153754913300,-0.67603034,-0.05960691,-0.73445910,0.89722145,0.73680639,-0.06816591,-0.67265874,1.34899771,-0.00996992,-0.99589187,0.09000099,0.01033187
0,1598640153764150600,1598640153763990900,-0.67638326,-0.05973813,-0.73412341,0.89711773,0.73648322,-0.06826467,-0.67300260,1.34936476,-0.00991076,-0.99587727,0.09016925,0.01160932
0,1598640153772971900,1598640153772898500,-0.67631155,-0.05946505,-0.73421168,0.89705646,0.73654848,-0.06806075,-0.67295182,1.34977174,-0.00995389,-0.99590755,0.08982916,0.01285791
0,1598640153781964000,1598640153781906900,-0.67633921,-0.05965492,-0.73417073,0.89682019,0.73652381,-0.06816895,-0.67296785,1.35015178,-0.00990184,-0.99588877,0.09004259,0.01427960
0,1598640153790923900,1598640153790850400,-0.67632574,-0.05961576,-0.73418635,0.89676750,0.73653787,-0.06795764,-0.67297381,1.35070002,-0.00977370,-0.99590558,0.08987077,0.01569605
0,1598640153799962600,1598640153799905100,-0.67637181,-0.05957136,-0.73414761,0.89663470,0.73649496,-0.06799235,-0.67301732,1.35115063,-0.00982384,-0.99590594,0.08986214,0.01702261
0,1598640153808870600,1598640153808775400,-0.67623669,-0.05952790,-0.73427552,0.89656150,0.73661846,-0.06798123,-0.67288321,1.35164189,-0.00986160,-0.99590921,0.08982074,0.01832700
0,1598640153818045500,1598640153817883000,-0.67622578,-0.05953032,-0.73428535,0.89647782,0.73662871,-0.06796131,-0.67287409,1.35213971,-0.00984657,-0.99591053,0.08980893,0.01974726
0,1598640153826838500,1598640153826749900,-0.67613351,-0.05959347,-0.73436511,0.89649570,0.73671460,-0.06787360,-0.67278886,1.35276484,-0.00975019,-0.99591261,0.08979499,0.02124333
0,1598640153835811400,1598640153835762900,-0.67606592,-0.05929205,-0.73445177,0.89641750,0.73677146,-0.06810819,-0.67270285,1.35330319,-0.01013625,-0.99591464,0.08973035,0.02267861
