5,1597163291747133800,1597163291747025600,0.03455306,-0.00647348,-0.99938202,0.08325338,-0.99394965,0.10409795,-0.03503950,1.81342673,0.10426047,0.99454606,-0.00283736,1.02254772
5,1597163291756942700,1597163291756887200,0.03456142,-0.00645128,-0.99938184,0.08321238,-0.99395019,0.10409057,-0.03504547,1.81334698,0.10425234,0.99454701,-0.00281471,1.02249050
5,1597163291765923100,1597163291765780200,0.03462651,-0.00635391,-0.99938023,0.08319795,-0.99395072,0.10406740,-0.03510000,1.81332994,0.10422594,0.99455005,-0.00271192,1.02258730
5,1597163291775279200,1597163291775179800,0.03461130,-0.00640014,-0.99938047,0.08314323,-0.99394596,0.10411637,-0.03508983,1.81335461,0.10427646,0.99454463,-0.00275776,1.02249050
5,1597163291783926200,1597163291783891800,0.03465922,-0.00639465,-0.99937880,0.08302081,-0.99394387,0.10412060,-0.03513693,1.81335068,0.10428062,0.99454427,-0.00274718,1.02248955
5,1597163291793029200,1597163291792939000,0.03477727,-0.00628874,-0.99937540,0.08306003,-0.99394977,0.10402788,-0.03524305,1.81332946,0.10418456,0.99455464,-0.00263286,1.02252126
5,1597163291805236000,1597163291805195800,0.03474943,-0.00634584,-0.99937600,0.08299792,-0.99394602,0.10407110,-0.03522142,1.81336606,0.10422969,0.99454969,-0.00269097,1.02241635
5,1597163291814638600,1597163291814616400,0.03472765,-0.00634664,-0.99937671,0.08295977,-0.99394435,0.10409456,-0.03519991,1.81335902,0.10425311,0.99454725,-0.00269321,1.02238679
5,1597163291823960600,1597163291823848500,0.03467872,-0.00634480,-0.99937844,0.08298588,-0.99394733,0.10408277,-0.03515102,1.81338120,0.10424113,0.99454844,-0.00269693,1.02242088
5,1597163291832834500,1597163291832769100,0.03470472,-0.00628436,-0.99937797,0.08300424,-0.99395341,0.10401806,-0.03517041,1.81339645,0.10417441,0.99455565,-0.00263643,1.02246881
5,1597163291841810300,1597163291841663500,0.03462453,-0.00638258,-0.99938011,0.08297515,-0.99394733,0.10409945,-0.03510111,1.81341326,0.10425898,0.99454653,-0.00273955,1.02238965
5,1597163291851015600,1597163291850984900,0.03452390,-0.00638664,-0.99938357,0.08314729,-0.99395585,0.10405134,-0.03500131,1.81348181,0.10421076,0.99455154,-0.00275570,1.02240062
5,1597163291859726700,1597163291859700200,0.03455537,-0.00628340,-0.99938315,0.08317912,-0.99395710,0.10403272,-0.03502180,1.81352687,0.10418862,0.99455416,-0.00265050,1.02251577
5,1597163291868528500,1597163291868500800,0.03454535,-0.00635478,-0.99938303,0.08318377,-0.99395174,0.10408469,-0.03501943,1.81348658,0.10424303,0.99454820,-0.00272068,1.02249455
5,1597163291877587300,1597163291877495200,0.03467837,-0.00642678,-0.99937797,0.08319855,-0.99394792,0.10407422,-0.03515919,1.81350267,0.10423546,0.99454892,-0.00277871,1.02249122
5,1597163291886472900,1597163291886451700,0.03453041,-0.00636196,-0.99938345,0.08317733,-0.99395931,0.10401751,-0.03500513,1.81352246,0.10417610,0.99455523,-0.00273177,1.02249169
5,1597163291895568100,1597163291895472500,0.03453002,-0.00630429,-0.99938381,0.08323383,-0.99396408,0.10397396,-0.03499861,1.81359386,0.10413057,0.99456012,-0.00267601,1.02259111
5,1597163291904418900,1597163291904387000,0.03451349,-0.00642893,-0.99938369,0.08324468,-0.99395770,0.10403585,-0.03499532,1.81355405,0.10419673,0.99455285,-0.00279939,1.02259564
5,1597163291913435900,1597163291913329200,0.03459231,-0.00644159,-0.99938083,0.08329594,-0.99395508,0.10403400,-0.03507503,1.81356132,0.10419555,0.99455297,-0.00280386,1.02260876
5,1597163291922421400,1597163291922316600,0.03465721,-0.00641391,-0.99937880,0.08328438,-0.99394977,0.10406409,-0.03513677,1.81350470,0.10422483,0.99454999,-0.00276852,1.02258778
5,1597163291931513600,1597163291931484900,0.03462622,-0.00637022,-0.99938011,0.08334208,-0.99395627,0.10401402,-0.03510126,1.81355023,0.10417317,0.99455553,-0.00273007,1.02265429
5,1597163291940403100,1597163291940328600,0.03455722,-0.00645354,-0.99938202,0.08330619,-0.99395365,0.10405938,-0.03504146,1.81357145,0.10422123,0.99455023,-0.00281852,1.02265000
5,1597163291949868400,1597163291949525600,0.03467248,-0.00647339,-0.99937785,0.08333790,-0.99394840,0.10407008,-0.03515819,1.81354988,0.10423294,0.99454898,-0.00282583,1.02264547
5,1597163291958325400,1597163291958275300,0.03472772,-0.00643104,-0.99937618,0.08320427,-0.99393713,0.10416009,-0.03520896,1.81336546,0.10432156,0.99453986,-0.00277478,1.02246237
5,1597163291967542500,1597163291967434300,0.03471946,-0.00646842,-0.99937630,0.08316088,-0.99393976,0.10413691,-0.03520459,1.81339693,0.10429969,0.99454206,-0.00281364,1.02245307
5,1597163291976261600,1597163291976176500,0.03464774,-0.00645435,-0.99937886,0.08317018,-0.99394089,0.10415072,-0.03513182,1.81340659,0.10431279,0.99454069,-0.00280660,1.02245641
5,1597163291985244600,1597163291985199700,0.03459223,-0.00642455,-0.99938095,0.08322895,-0.99394935,0.10408951,-0.03507333,1.81346941,0.10425043,0.99454731,-0.00278500,1.02252126
5,1597163291994301300,1597163291994161800,0.03470623,-0.00636157,-0.99937737,0.08323419,-0.99395174,0.10403075,-0.03518000,1.81345809,0.10418980,0.99455386,-0.00271261,1.02258015
5,1597163292003197800,1597163292003124400,0.03474123,-0.00642574,-0.99937576,0.08323944,-0.99394572,0.10407405,-0.03522161,1.81344318,0.10423543,0.99454892,-0.00277117,1.02254415
5,1597163292012165200,1597163292012072000,0.03476270,-0.00642788,-0.99937499,0.08320200,-0.99394226,0.10409962,-0.03524325,1.81344175,0.10426112,0.99454618,-0.00277016,1.02253294
5,1597163292021128400,1597163292021089100,0.03474111,-0.00644147,-0.99937564,0.08327377,-0.99394733,0.10405809,-0.03522309,1.81349635,0.10422004,0.99455047,-0.00278735,1.02258134
5,1597163292029985900,1597163292029943100,0.03473137,-0.00632197,-0.99937677,0.08329535,-0.99395800,0.10396384,-0.03520069,1.81348717,0.10412160,0.99456114,-0.00267294,1.02263331
5,1597163292039077500,1597163292039009700,0.03473773,-0.00640365,-0.99937606,0.08336008,-0.99394482,0.10408475,-0.03521585,1.81346595,0.10424533,0.99454790,-0.00274917,1.02261376
5,1597163292047996800,1597163292047944800,0.03473001,-0.00639334,-0.99937636,0.08336306,-0.99394739,0.10406299,-0.03520704,1.81348252,0.10422321,0.99455023,-0.00274056,1.02261591
5,1597163292057086200,1597163292057023800,0.03471933,-0.00638735,-0.99937677,0.08336461,-0.99394673,0.10407308,-0.03519582,1.81347072,0.10423306,0.99454927,-0.00273529,1.02261353
5,1597163292065938300,1597163292065883400,0.03481290,-0.00629812,-0.99937409,0.08341360,-0.99394977,0.10401571,-0.03527942,1.81347966,0.10417282,0.99455583,-0.00263888,1.02270079
5,1597163292075023900,1597163292074964700,0.03474399,-0.00639018,-0.99937588,0.08337939,-0.99394941,0.10403907,-0.03522055,1.81350636,0.10419922,0.99455279,-0.00273675,1.02262664
5,1597163292083935000,1597163292083860400,0.03487869,-0.00635481,-0.99937141,0.08336186,-0.99394685,0.10401952,-0.03535078,1.81352460,0.10417880,0.99455500,-0.00268826,1.02264428
5,1597163292092911500,1597163292092831500,0.03484964,-0.00631338,-0.99937272,0.08339334,-0.99394929,0.10400759,-0.03531753,1.81352687,0.10416534,0.99455661,-0.00265053,1.02262092
5,1597163292102193400,1597163292102090400,0.03482032,-0.00636423,-0.99937344,0.08340478,-0.99394721,0.10403548,-0.03529375,1.81349266,0.10419492,0.99455339,-0.00270313,1.02258563
5,1597163292110962300,1597163292110909300,0.03483148,-0.00637504,-0.99937296,0.08334363,-0.99394464,0.10405570,-0.03530603,1.81349361,0.10421554,0.99455118,-0.00271198,1.02255082
5,1597163292119801600,1597163292119715100,0.03475116,-0.00636283,-0.99937582,0.08340490,-0.99395019,0.10403010,-0.03522480,1.81353855,0.10418931,0.99455392,-0.00270915,1.02258086
5,1597163292128920500,1597163292128841700,0.03492554,-0.00631717,-0.99937010,0.08338845,-0.99394768,0.10399677,-0.03539338,1.81354547,0.10415486,0.99455768,-0.00264674,1.02272558
5,1597163292137952200,1597163292137844500,0.03480340,-0.00635764,-0.99937403,0.08334935,-0.99395186,0.10399677,-0.03527613,1.81353951,0.10415596,0.99455738,-0.00269973,1.02270246
5,1597163292146849000,1597163292146796600,0.03477371,-0.00635093,-0.99937516,0.08329082,-0.99395204,0.10400527,-0.03524593,1.81353879,0.10416414,0.99455661,-0.00269583,1.02268672
5,1597163292155981400,1597163292155726500,0.03478175,-0.00633189,-0.99937499,0.08328295,-0.99395305,0.10399399,-0.03525190,1.81354201,0.10415222,0.99455786,-0.00267646,1.02269769
5,1597163292164764800,1597163292164714900,0.03477245,-0.00620893,-0.99937606,0.08333123,-0.99395657,0.10396764,-0.03522979,1.81350625,0.10412153,0.99456143,-0.00255615,1.02274203
5,1597163292173773100,1597163292173667800,0.03476840,-0.00633791,-0.99937540,0.08329093,-0.99395299,0.10399885,-0.03523926,1.81348205,0.10415726,0.99455738,-0.00268370,1.02269173
5,1597163292182934800,1597163292182789200,0.03480300,-0.00632191,-0.99937427,0.08321345,-0.99394840,0.10403159,-0.03527210,1.81343055,0.10418950,0.99455398,-0.00266299,1.02262330
5,1597163292191727900,1597163292191692600,0.03494287,-0.00625637,-0.99936986,0.08322275,-0.99394935,0.10397734,-0.03540425,1.81343985,0.10413334,0.99456012,-0.00258523,1.02265978
5,1597163292200775200,1597163292200698400,0.03482647,-0.00631568,-0.99937350,0.08316660,-0.99394447,0.10406095,-0.03529488,1.81343234,0.10421868,0.99455094,-0.00265333,1.02257228
5,1597163292209600800,1597163292209550500,0.03487176,-0.00633463,-0.99937183,0.08319104,-0.99394554,0.10403517,-0.03534183,1.81340599,0.10419371,0.99455357,-0.00266835,1.02257013
5,1597163292218605300,1597163292218565400,0.03483607,-0.00632152,-0.99937314,0.08317697,-0.99394494,0.10405292,-0.03530501,1.81341434,0.10421091,0.99455178,-0.00265843,1.02259350
5,1597163292227575600,1597163292227546300,0.03474029,-0.00621191,-0.99937713,0.08322239,-0.99395680,0.10397583,-0.03519813,1.81339967,0.10412973,0.99456054,-0.00256220,1.02262378
5,1597163292236659600,1597163292236597900,0.03479725,-0.00632885,-0.99937451,0.08318448,-0.99394643,0.10405158,-0.03526716,1.81344187,0.10420971,0.99455190,-0.00266978,1.02255416
5,1597163292245511000,1597163292245484700,0.03470136,-0.00635493,-0.99937767,0.08316457,-0.99395043,0.10404520,-0.03517449,1.81340683,0.10420399,0.99455237,-0.00270590,1.02253556
5,1597163292254674400,1597163292254590200,0.03473169,-0.00629485,-0.99937695,0.08316565,-0.99395400,0.10400306,-0.03519828,1.81342852,0.10415985,0.99455714,-0.00264454,1.02256465
5,1597163292263595200,1597163292263525500,0.03469267,-0.00621828,-0.99937874,0.08318067,-0.99395669,0.10399326,-0.03515147,1.81340241,0.10414726,0.99455869,-0.00257289,1.02259898
5,1597163292272751600,1597163292272661000,0.03497635,-0.00635687,-0.99936807,0.08314264,-0.99394202,0.10403261,-0.03544815,1.81336045,0.10419222,0.99455363,-0.00267965,1.02250624
5,1597163292281631700,1597163292281579900,0.03480139,-0.00638363,-0.99937391,0.08319080,-0.99394852,0.10402869,-0.03527692,1.81340957,0.10418877,0.99455392,-0.00272465,1.02251387
5,1597163292290723600,1597163292290500800,0.03476103,-0.00633293,-0.99937570,0.08324838,-0.99395061,0.10402398,-0.03523149,1.81352019,0.10418218,0.99455476,-0.00267857,1.02259612
5,1597163292299529500,1597163292299445500,0.03475019,-0.00619110,-0.99937695,0.08325720,-0.99395984,0.10394452,-0.03520572,1.81354618,0.10409774,0.99456394,-0.00254160,1.02265143
5,1597163292308436400,1597163292308355800,0.03477274,-0.00627393,-0.99937570,0.08323014,-0.99395102,0.10401846,-0.03523697,1.81348920,0.10417461,0.99455571,-0.00261894,1.02259231
5,1597163292317408200,1597163292317337000,0.03467741,-0.00631264,-0.99937874,0.08322585,-0.99395388,0.10402162,-0.03514620,1.81349397,0.10417888,0.99455512,-0.00266725,1.02260375
5,1597163292326369000,1597163292326288700,0.03462312,-0.00631064,-0.99938059,0.08323264,-0.99395472,0.10403176,-0.03509202,1.81349111,0.10418880,0.99455404,-0.00267056,1.02258444
5,1597163292335383300,1597163292335351000,0.03470109,-0.00622410,-0.99937844,0.08323812,-0.99395692,0.10398772,-0.03516044,1.81347930,0.10414195,0.99455923,-0.00257799,1.02265072
5,1597163292344381300,1597163292344320600,0.03473540,-0.00631943,-0.99937665,0.08323753,-0.99394488,0.10408767,-0.03520476,1.81345189,0.10424528,0.99454814,-0.00266564,1.02261972
5,1597163292353411200,1597163292353164100,0.03481834,-0.00627005,-0.99937403,0.08325076,-0.99394667,0.10404442,-0.03528198,1.81346595,0.10420053,0.99455297,-0.00260940,1.02266717
5,1597163292362220300,1597163292362172200,0.03475650,-0.00624728,-0.99937642,0.08328629,-0.99395376,0.10399824,-0.03521800,1.81342840,0.10415342,0.99455798,-0.00259492,1.02270412
5,1597163292371065300,1597163292370989500,0.03481687,-0.00623953,-0.99937433,0.08328509,-0.99395072,0.10400756,-0.03527725,1.81340492,0.10416261,0.99455708,-0.00258055,1.02270746
5,1597163292380898200,1597163292380628800,0.03477832,-0.00631326,-0.99937522,0.08322811,-0.99394113,0.10410951,-0.03524686,1.81342506,0.10426701,0.99454594,-0.00265422,1.02263594
5,1597163292389941100,1597163292389891000,0.03474659,-0.00628725,-0.99937648,0.08324373,-0.99394310,0.10410240,-0.03521257,1.81343806,0.10425891,0.99454677,-0.00263193,1.02264452
5,1597163292399181700,1597163292399121700,0.03462571,-0.00631747,-0.99938047,0.08323395,-0.99394834,0.10409137,-0.03509548,1.81348145,0.10424861,0.99454778,-0.00267497,1.02264500
5,1597163292407918600,1597163292407806400,0.03464378,-0.00637424,-0.99937952,0.08325839,-0.99394721,0.10409451,-0.03511937,1.81350517,0.10425380,0.99454707,-0.00272942,1.02263331
5,1597163292417030200,1597163292416971200,0.03461602,-0.00634015,-0.99938065,0.08327866,-0.99395013,0.10407692,-0.03508815,1.81351376,0.10423495,0.99454916,-0.00269905,1.02263737
5,1597163292425877300,1597163292425828600,0.03469020,-0.00638717,-0.99937785,0.08324206,-0.99394733,0.10407710,-0.03516683,1.81348491,0.10423698,0.99454880,-0.00273800,1.02259779
5,1597163292434914500,1597163292434876200,0.03458790,-0.00633207,-0.99938166,0.08325386,-0.99395037,0.10408462,-0.03505937,1.81349266,0.10424228,0.99454838,-0.00269368,1.02260256
5,1597163292443732400,1597163292443679700,0.03473093,-0.00634807,-0.99937660,0.08331704,-0.99394667,0.10407114,-0.03520326,1.81349337,0.10422976,0.99454975,-0.00269514,1.02266693
5,1597163292452951500,1597163292452831500,0.03463383,-0.00638643,-0.99937975,0.08328485,-0.99394614,0.10410774,-0.03511079,1.81351018,0.10426742,0.99454558,-0.00274208,1.02261090
5,1597163292461804700,1597163292461747400,0.03474750,-0.00643641,-0.99937552,0.08331490,-0.99394357,0.10409214,-0.03522900,1.81353033,0.10425390,0.99454695,-0.00278044,1.02262044
5,1597163292470832300,1597163292470733700,0.03473794,-0.00643843,-0.99937582,0.08334863,-0.99394774,0.10405558,-0.03521960,1.81346619,0.10421740,0.99455076,-0.00278476,1.02266455
5,1597163292479722700,1597163292479651600,0.03464689,-0.00641918,-0.99937910,0.08331251,-0.99394721,0.10409167,-0.03512714,1.81347942,0.10425253,0.99454701,-0.00277379,1.02264404
5,1597163292488796200,1597163292488722400,0.03465743,-0.00638488,-0.99937898,0.08334816,-0.99394780,0.10408361,-0.03513403,1.81351638,0.10424331,0.99454820,-0.00273892,1.02265382
5,1597163292497709900,1597163292497669400,0.03470973,-0.00636202,-0.99937731,0.08339298,-0.99395078,0.10403834,-0.03518353,1.81349993,0.10419741,0.99455309,-0.00271237,1.02270508
5,1597163292506867700,1597163292506782500,0.03463833,-0.00642923,-0.99937940,0.08334422,-0.99394792,0.10408758,-0.03511966,1.81349456,0.10424879,0.99454749,-0.00278485,1.02264118
5,1597163292515624800,1597163292515581000,0.03459613,-0.00643352,-0.99938083,0.08334875,-0.99395072,0.10407461,-0.03507811,1.81348443,0.10423586,0.99454880,-0.00279397,1.02263761
5,1597163292525137600,1597163292525065900,0.03458127,-0.00642234,-0.99938130,0.08340955,-0.99395341,0.10405465,-0.03506210,1.81353521,0.10421548,0.99455094,-0.00278518,1.02268863
5,1597163292533609700,1597163292533529800,0.03461702,-0.00629222,-0.99938089,0.08343983,-0.99395859,0.10399779,-0.03508395,1.81353438,0.10415418,0.99455774,-0.00265411,1.02276993
5,1597163292542758600,1597163292542670300,0.03456563,-0.00639588,-0.99938208,0.08342385,-0.99395555,0.10403996,-0.03504375,1.81355679,0.10419983,0.99455267,-0.00276098,1.02271032
5,1597163292551621000,1597163292551558300,0.03454082,-0.00635940,-0.99938315,0.08333480,-0.99395120,0.10409123,-0.03501542,1.81354189,0.10424972,0.99454755,-0.00272554,1.02267528
5,1597163292560784200,1597163292560568900,0.03457670,-0.00627953,-0.99938244,0.08336782,-0.99395466,0.10404923,-0.03504265,1.81356740,0.10420503,0.99455243,-0.00264382,1.02273226
5,1597163292569631000,1597163292569428600,0.03464676,-0.00633478,-0.99937963,0.08337331,-0.99394810,0.10408648,-0.03511820,1.81358361,0.10424440,0.99454814,-0.00269014,1.02267456
5,1597163292578538300,1597163292578493200,0.03457071,-0.00638682,-0.99938190,0.08323824,-0.99394894,0.10410202,-0.03504803,1.81358314,0.10426154,0.99454618,-0.00274923,1.02262759
5,1597163292587578600,1597163292587440100,0.03482004,-0.00639865,-0.99937320,0.08322489,-0.99393612,0.10414010,-0.03529734,1.81351626,0.10430070,0.99454212,-0.00273365,1.02257109
5,1597163292596657200,1597163292596587300,0.03480785,-0.00631300,-0.99937421,0.08325922,-0.99394864,0.10402770,-0.03527598,1.81353045,0.10418531,0.99455452,-0.00265378,1.02261591
5,1597163292605409500,1597163292605367000,0.03479176,-0.00641826,-0.99937409,0.08323467,-0.99394453,0.10406884,-0.03527106,1.81343102,0.10423010,0.99454951,-0.00275862,1.02255821
5,1597163292614428300,1597163292614405600,0.03475678,-0.00640982,-0.99937534,0.08322632,-0.99394649,0.10406202,-0.03523537,1.81346881,0.10422289,0.99455029,-0.00275415,1.02255797
5,1597163292623322300,1597163292623165200,0.03472740,-0.00639459,-0.99937642,0.08326495,-0.99395138,0.10402589,-0.03520447,1.81347978,0.10418617,0.99455416,-0.00274333,1.02258992
5,1597163292632506400,1597163292632424400,0.03487208,-0.00637749,-0.99937153,0.08329177,-0.99394786,0.10401117,-0.03534654,1.81348228,0.10417125,0.99455583,-0.00271177,1.02267027
5,1597163292641408600,1597163292641292300,0.03483637,-0.00639990,-0.99937266,0.08326638,-0.99394262,0.10407224,-0.03531352,1.81348240,0.10423297,0.99454933,-0.00273564,1.02262950
5,1597163292650621400,1597163292650517200,0.03481426,-0.00644335,-0.99937314,0.08329535,-0.99394459,0.10405950,-0.03529603,1.81344819,0.10422172,0.99455023,-0.00278154,1.02264595
5,1597163292659241500,1597163292659178900,0.03485891,-0.00634202,-0.99937218,0.08331954,-0.99395007,0.10399601,-0.03532971,1.81342554,0.10415480,0.99455762,-0.00267845,1.02272677
5,1597163292668362200,1597163292668320700,0.03473329,-0.00641021,-0.99937618,0.08327925,-0.99395198,0.10401762,-0.03521193,1.81348014,0.10417846,0.99455488,-0.00275856,1.02264214
5,1597163292676853400,1597163292676807800,0.03464210,-0.00640440,-0.99937940,0.08327782,-0.99395114,0.10405651,-0.03512074,1.81347013,0.10421688,0.99455088,-0.00276092,1.02264619
5,1597163292685999100,1597163292685931600,0.03466603,-0.00639206,-0.99937856,0.08332825,-0.99395162,0.10404430,-0.03514322,1.81349099,0.10420430,0.99455225,-0.00274652,1.02267408
5,1597163292694983300,1597163292694888000,0.03475633,-0.00631317,-0.99937594,0.08335388,-0.99395609,0.10397398,-0.03522461,1.81348813,0.10413150,0.99456006,-0.00266123,1.02274251
5,1597163292704015000,1597163292703921200,0.03470307,-0.00638881,-0.99937737,0.08328629,-0.99394923,0.10405487,-0.03517975,1.81351066,0.10421485,0.99455112,-0.00273907,1.02265382
5,1597163292712775300,1597163292712706800,0.03479637,-0.00638554,-0.99937415,0.08327496,-0.99394971,0.10401855,-0.03527210,1.81350422,0.10417870,0.99455494,-0.00272739,1.02265573
5,1597163292722025300,1597163292721904400,0.03468059,-0.00640553,-0.99937809,0.08327925,-0.99395466,0.10400967,-0.03515901,1.81349909,0.10417020,0.99455571,-0.00275967,1.02266812
5,1597163292730827000,1597163292730712400,0.03483970,-0.00634104,-0.99937290,0.08333528,-0.99395365,0.10396824,-0.03531042,1.81347013,0.10412696,0.99456048,-0.00268045,1.02271366
5,1597163292739967700,1597163292739928100,0.03490271,-0.00638217,-0.99937040,0.08327842,-0.99394411,0.10403635,-0.03537757,1.81351113,0.10419666,0.99455309,-0.00271234,1.02264643
5,1597163292748701500,1597163292748626700,0.03489573,-0.00640786,-0.99937052,0.08329856,-0.99394500,0.10402945,-0.03537327,1.81350565,0.10419066,0.99455363,-0.00273883,1.02265143
5,1597163292757948900,1597163292757831500,0.03495976,-0.00635096,-0.99936861,0.08325827,-0.99394125,0.10404570,-0.03543108,1.81342471,0.10420505,0.99455237,-0.00267506,1.02267671
5,1597163292766804100,1597163292766698800,0.03498355,-0.00633955,-0.99936783,0.08325601,-0.99394292,0.10402204,-0.03545348,1.81340599,0.10418107,0.99455488,-0.00266206,1.02268815
5,1597163292775927300,1597163292775862200,0.03485212,-0.00644967,-0.99937177,0.08323538,-0.99394113,0.10407960,-0.03533440,1.81343770,0.10424213,0.99454820,-0.00278318,1.02260470
5,1597163292784718400,1597163292784641600,0.03467677,-0.00640529,-0.99937814,0.08323979,-0.99394912,0.10406400,-0.03515533,1.81349957,0.10422449,0.99455011,-0.00275791,1.02262378
5,1597163292793844500,1597163292793778300,0.03482159,-0.00631386,-0.99937367,0.08328187,-0.99395078,0.10400267,-0.03528968,1.81346536,0.10416036,0.99455702,-0.00265414,1.02265716
5,1597163292802785600,1597163292802646500,0.03476945,-0.00642356,-0.99937481,0.08323610,-0.99394339,0.10408708,-0.03524948,1.81345832,0.10424846,0.99454749,-0.00276560,1.02261186
5,1597163292811670900,1597163292811557800,0.03485392,-0.00641477,-0.99937189,0.08324254,-0.99394149,0.10407688,-0.03533255,1.81344414,0.10423818,0.99454868,-0.00274837,1.02260423
5,1597163292820786600,1597163292820669500,0.03483930,-0.00639936,-0.99937254,0.08326137,-0.99394387,0.10405981,-0.03531636,1.81348145,0.10422053,0.99455059,-0.00273520,1.02264309
5,1597163292829642000,1597163292829584700,0.03481942,-0.00631666,-0.99937373,0.08330512,-0.99395066,0.10400425,-0.03528780,1.81349063,0.10416203,0.99455690,-0.00265703,1.02269721
5,1597163292838627500,1597163292838579000,0.03474841,-0.00640091,-0.99937564,0.08327401,-0.99395144,0.10401777,-0.03522601,1.81349564,0.10417832,0.99455500,-0.00274774,1.02265811
5,1597163292847797100,1597163292847743900,0.03470965,-0.00638461,-0.99937713,0.08325779,-0.99395674,0.10398068,-0.03518565,1.81350148,0.10414057,0.99455893,-0.00273687,1.02265167
5,1597163292856597100,1597163292856497200,0.03472934,-0.00638044,-0.99937654,0.08317912,-0.99394912,0.10404744,-0.03520498,1.81335688,0.10420720,0.99455202,-0.00272831,1.02250481
5,1597163292865784800,1597163292865534200,0.03480911,-0.00636974,-0.99937373,0.08320153,-0.99395102,0.10400278,-0.03528308,1.81333947,0.10416241,0.99455667,-0.00271094,1.02256870
5,1597163292874450800,1597163292874380700,0.03475877,-0.00643292,-0.99937510,0.08310986,-0.99394155,0.10410770,-0.03523989,1.81343675,0.10426936,0.99454528,-0.00277528,1.02243590
5,1597163292883729300,1597163292883637300,0.03480551,-0.00643906,-0.99937350,0.08318245,-0.99394155,0.10409164,-0.03528697,1.81349051,0.10425366,0.99454695,-0.00277704,1.02245307
5,1597163292892506600,1597163292892468400,0.03493331,-0.00641063,-0.99936914,0.08322561,-0.99393946,0.10406938,-0.03541105,1.81352293,0.10423076,0.99454945,-0.00273627,1.02255869
5,1597163292901620900,1597163292901499300,0.03498660,-0.00646958,-0.99936694,0.08321428,-0.99393666,0.10407639,-0.03547021,1.81344116,0.10424001,0.99454844,-0.00278905,1.02252245
5,1597163292910326500,1597163292910217600,0.03487442,-0.00648817,-0.99937069,0.08320522,-0.99394500,0.10403408,-0.03536046,1.81349659,0.10419806,0.99455267,-0.00282070,1.02251506
5,1597163292919613000,1597163292919497500,0.03479865,-0.00647286,-0.99937356,0.08319974,-0.99394536,0.10405637,-0.03528357,1.81347501,0.10421959,0.99455047,-0.00281259,1.02251005
5,1597163292928377400,1597163292928249100,0.03481385,-0.00638121,-0.99937356,0.08323634,-0.99395198,0.10399158,-0.03528896,1.81349969,0.10415164,0.99455786,-0.00272226,1.02257013
5,1597163292937548400,1597163292937493300,0.03476974,-0.00645855,-0.99937463,0.08322501,-0.99395406,0.10398387,-0.03525313,1.81346643,0.10414654,0.99455816,-0.00280404,1.02255654
5,1597163292946226100,1597163292946170100,0.03469526,-0.00641954,-0.99937737,0.08321452,-0.99395472,0.10400356,-0.03517504,1.81347394,0.10416465,0.99455631,-0.00277227,1.02255702
5,1597163292955467400,1597163292955345800,0.03490794,-0.00646108,-0.99936974,0.08315480,-0.99394757,0.10399918,-0.03539088,1.81344903,0.10416232,0.99455649,-0.00279155,1.02256131
5,1597163292964264800,1597163292964049800,0.03485323,-0.00636593,-0.99937224,0.08318973,-0.99395233,0.10397531,-0.03532649,1.81339478,0.10413495,0.99455965,-0.00270355,1.02260613
5,1597163292973312300,1597163292973265700,0.03477836,-0.00641099,-0.99937463,0.08311844,-0.99395061,0.10401560,-0.03525683,1.81339693,0.10417660,0.99455512,-0.00275469,1.02256536
5,1597163292982077500,1597163292982021800,0.03481636,-0.00641546,-0.99937320,0.08317673,-0.99394894,0.10401820,-0.03529510,1.81338727,0.10417946,0.99455482,-0.00275508,1.02257395
5,1597163292991341300,1597163292991223400,0.03470145,-0.00640738,-0.99937725,0.08317542,-0.99395627,0.10398731,-0.03517988,1.81343150,0.10414799,0.99455816,-0.00276011,1.02262187
5,1597163293000038500,1597163292999988100,0.03484412,-0.00635922,-0.99937260,0.08320999,-0.99395651,0.10393885,-0.03531663,1.81339216,0.10409825,0.99456346,-0.00269911,1.02262902
5,1597163293009407500,1597163293009248200,0.03486393,-0.00639471,-0.99937165,0.08314276,-0.99394500,0.10404066,-0.03534030,1.81332779,0.10420130,0.99455261,-0.00272867,1.02255344
5,1597163293017983600,1597163293017950700,0.03469021,-0.00634798,-0.99937809,0.08319068,-0.99395776,0.10397906,-0.03516249,1.81340289,0.10413761,0.99455935,-0.00270250,1.02263713
5,1597163293027189800,1597163293027112200,0.03473946,-0.00622010,-0.99937713,0.08321834,-0.99395913,0.10395414,-0.03519810,1.81336772,0.10410835,0.99456280,-0.00257120,1.02266669
5,1597163293035947600,1597163293035887600,0.03458421,-0.00632542,-0.99938190,0.08312881,-0.99396020,0.10399208,-0.03505476,1.81345499,0.10414955,0.99455810,-0.00269067,1.02254772
5,1597163293045091300,1597163293045013000,0.03456769,-0.00632149,-0.99938244,0.08311152,-0.99395788,0.10401973,-0.03503799,1.81346250,0.10417701,0.99455529,-0.00268757,1.02254415
5,1597163293053957800,1597163293053876100,0.03457676,-0.00633609,-0.99938202,0.08321917,-0.99396086,0.10398776,-0.03504845,1.81349325,0.10414559,0.99455851,-0.00270227,1.02260566
5,1597163293063072500,1597163293062983300,0.03470076,-0.00631246,-0.99937797,0.08328533,-0.99395907,0.10396402,-0.03516925,1.81344748,0.10412137,0.99456114,-0.00266665,1.02264214
5,1597163293071892300,1597163293071821600,0.03472726,-0.00634700,-0.99937677,0.08323932,-0.99394792,0.10406023,-0.03519946,1.81344438,0.10421880,0.99455088,-0.00269482,1.02258515
5,1597163293080892000,1597163293080852800,0.03466737,-0.00640023,-0.99937850,0.08316934,-0.99395275,0.10403291,-0.03514538,1.81341827,0.10419321,0.99455339,-0.00275499,1.02255225
5,1597163293089978000,1597163293089792000,0.03464327,-0.00640890,-0.99937928,0.08324862,-0.99395210,0.10404665,-0.03512234,1.81348169,0.10420719,0.99455190,-0.00276560,1.02261043
5,1597163293098934900,1597163293098854100,0.03464464,-0.00624904,-0.99938023,0.08327639,-0.99396038,0.10397257,-0.03510686,1.81345642,0.10412753,0.99456060,-0.00260916,1.02265120
5,1597163293107728000,1597163293107653200,0.03466561,-0.00634319,-0.99937892,0.08323443,-0.99395144,0.10404801,-0.03513772,1.81345832,0.10420629,0.99455214,-0.00269789,1.02255082
5,1597163293117009200,1597163293116956000,0.03462706,-0.00634539,-0.99938023,0.08324802,-0.99395448,0.10403141,-0.03509957,1.81346989,0.10418968,0.99455386,-0.00270468,1.02253938
5,1597163293125825000,1597163293125745400,0.03463342,-0.00626943,-0.99938047,0.08330429,-0.99395925,0.10398661,-0.03509786,1.81349826,0.10414226,0.99455905,-0.00263008,1.02263570
5,1597163293134824100,1597163293134805300,0.03458117,-0.00635388,-0.99938184,0.08327532,-0.99395299,0.10406064,-0.03505488,1.81350875,0.10421906,0.99455070,-0.00271690,1.02256322
5,1597163293143710000,1597163293143664300,0.03473457,-0.00636569,-0.99937642,0.08324265,-0.99394768,0.10405956,-0.03520868,1.81349397,0.10421882,0.99455082,-0.00271273,1.02254462
5,1597163293152893200,1597163293152811500,0.03465147,-0.00635937,-0.99937928,0.08324981,-0.99394912,0.10407408,-0.03512542,1.81352162,0.10423287,0.99454933,-0.00271457,1.02254558
5,1597163293161735700,1597163293161596600,0.03473147,-0.00628877,-0.99937701,0.08329654,-0.99395585,0.10398558,-0.03519738,1.81352746,0.10414217,0.99455905,-0.00263914,1.02263784
5,1597163293170828900,1597163293170677700,0.03476344,-0.00638276,-0.99937528,0.08327329,-0.99394983,0.10402906,-0.03523909,1.81351113,0.10418902,0.99455392,-0.00272775,1.02259946
5,1597163293179584500,1597163293179530300,0.03475109,-0.00638956,-0.99937570,0.08324456,-0.99394947,0.10403615,-0.03522754,1.81350517,0.10419630,0.99455309,-0.00273550,1.02259445
5,1597163293188793600,1597163293188692500,0.03469064,-0.00639039,-0.99937773,0.08327568,-0.99395138,0.10403815,-0.03516750,1.81353283,0.10419816,0.99455285,-0.00274256,1.02262521
5,1597163293197700500,1597163293197578100,0.03476563,-0.00631124,-0.99937570,0.08331692,-0.99395096,0.10402008,-0.03523379,1.81353879,0.10417752,0.99455529,-0.00265670,1.02267289
5,1597163293207316900,1597163293207105700,0.03465937,-0.00636050,-0.99937904,0.08326757,-0.99395180,0.10404599,-0.03513331,1.81350791,0.10420486,0.99455225,-0.00271586,1.02264571
5,1597163293216789300,1597163293216574000,0.03464822,-0.00632110,-0.99937969,0.08325672,-0.99395305,0.10403875,-0.03511809,1.81350040,0.10419621,0.99455327,-0.00267807,1.02262831
5,1597163293225938800,1597163293225850600,0.03467414,-0.00628850,-0.99937898,0.08323550,-0.99395525,0.10401064,-0.03514041,1.81340480,0.10416705,0.99455643,-0.00264394,1.02259970
5,1597163293234600400,1597163293234542800,0.03463311,-0.00635386,-0.99938005,0.08319485,-0.99395579,0.10401677,-0.03510643,1.81341100,0.10417536,0.99455535,-0.00271299,1.02251744
5,1597163293243734000,1597163293243598600,0.03472216,-0.00637051,-0.99937677,0.08320260,-0.99394864,0.10405440,-0.03519683,1.81341338,0.10421380,0.99455130,-0.00271896,1.02250242
5,1597163293252628100,1597163293252513300,0.03469493,-0.00636598,-0.99937779,0.08318770,-0.99394667,0.10408241,-0.03516935,1.81338573,0.10424156,0.99454844,-0.00271627,1.02246618
5,1597163293261570000,1597163293261438300,0.03473696,-0.00630307,-0.99937665,0.08320320,-0.99395621,0.10397961,-0.03520432,1.81340706,0.10413672,0.99455953,-0.00265300,1.02255559
5,1597163293270630700,1597163293270550800,0.03475817,-0.00636029,-0.99937558,0.08314586,-0.99394405,0.10408640,-0.03523166,1.81341493,0.10424551,0.99454802,-0.00270388,1.02248383
5,1597163293279631600,1597163293279592200,0.03477715,-0.00638899,-0.99937475,0.08316386,-0.99394184,0.10410042,-0.03525357,1.81341791,0.10426058,0.99454635,-0.00272995,1.02249241
5,1597163293288503900,1597163293288471800,0.03487879,-0.00637954,-0.99937129,0.08317244,-0.99394232,0.10406165,-0.03535356,1.81343102,0.10422178,0.99455047,-0.00271133,1.02250981
5,1597163293297671000,1597163293297625200,0.03483427,-0.00626317,-0.99937356,0.08320367,-0.99395078,0.10400002,-0.03529700,1.81343603,0.10415596,0.99455774,-0.00260252,1.02257228
5,1597163293306447900,1597163293306394700,0.03488571,-0.00633311,-0.99937129,0.08317757,-0.99394023,0.10408082,-0.03535566,1.81344986,0.10423931,0.99454880,-0.00266379,1.02253103
5,1597163293315495000,1597163293315428500,0.03487961,-0.00633398,-0.99937153,0.08318102,-0.99394196,0.10406633,-0.03534964,1.81346154,0.10422486,0.99455029,-0.00266582,1.02252793
5,1597163293324341500,1597163293324277100,0.03485081,-0.00631240,-0.99937272,0.08320212,-0.99394584,0.10403993,-0.03531868,1.81347585,0.10419763,0.99455315,-0.00264823,1.02255774
5,1597163293334338400,1597163293333855500,0.03497088,-0.00623882,-0.99936891,0.08325529,-0.99394524,0.10400783,-0.03543035,1.81346238,0.10416326,0.99455702,-0.00256374,1.02260447
5,1597163293343524900,1597163293343354500,0.03475721,-0.00628677,-0.99937612,0.08324051,-0.99394572,0.10407358,-0.03522300,1.81345201,0.10423011,0.99454981,-0.00263137,1.02258372
5,1597163293352437400,1597163293352316100,0.03478049,-0.00632241,-0.99937505,0.08329761,-0.99394411,0.10407965,-0.03524990,1.81342614,0.10423749,0.99454898,-0.00266418,1.02257562
5,1597163293360876500,1597163293360817600,0.03494090,-0.00631306,-0.99936956,0.08336771,-0.99394399,0.10402742,-0.03540832,1.81342447,0.10418539,0.99455452,-0.00263998,1.02267337
5,1597163293370349100,1597163293370092900,0.03479906,-0.00634149,-0.99937433,0.08332157,-0.99394780,0.10403764,-0.03527024,1.81344676,0.10419622,0.99455327,-0.00268263,1.02258992
5,1597163293379263500,1597163293378970300,0.03468807,-0.00634569,-0.99937809,0.08330798,-0.99395204,0.10403438,-0.03516028,1.81348777,0.10419282,0.99455357,-0.00269851,1.02257872
5,1597163293387941800,1597163293387828100,0.03471006,-0.00631613,-0.99937755,0.08335769,-0.99395204,0.10402814,-0.03517906,1.81351066,0.10418560,0.99455440,-0.00266710,1.02263832
5,1597163293396747600,1597163293396719500,0.03491088,-0.00629014,-0.99937075,0.08339632,-0.99394786,0.10400092,-0.03537600,1.81352830,0.10415801,0.99455738,-0.00262126,1.02272487
5,1597163293405881300,1597163293405850000,0.03471357,-0.00633317,-0.99937737,0.08336806,-0.99394786,0.10406608,-0.03518442,1.81356096,0.10422413,0.99455035,-0.00268230,1.02266502
5,1597163293414691700,1597163293414608100,0.03483411,-0.00633192,-0.99937320,0.08334315,-0.99394572,0.10404636,-0.03530413,1.81354737,0.10420470,0.99455243,-0.00266919,1.02265334
5,1597163293423765200,1597163293423726200,0.03473365,-0.00632972,-0.99937665,0.08334172,-0.99395066,0.10403265,-0.03520395,1.81356132,0.10419066,0.99455386,-0.00267798,1.02266312
5,1597163293432663900,1597163293432590400,0.03481403,-0.00626764,-0.99937427,0.08338451,-0.99395096,0.10400500,-0.03527735,1.81358147,0.10416105,0.99455714,-0.00260887,1.02271438
5,1597163293441723800,1597163293441628100,0.03480161,-0.00631121,-0.99937439,0.08336568,-0.99394476,0.10406708,-0.03526969,1.81359494,0.10422459,0.99455035,-0.00265127,1.02269578
5,1597163293450648200,1597163293450595500,0.03470271,-0.00626609,-0.99937814,0.08333743,-0.99394673,0.10408315,-0.03516668,1.81357265,0.10423879,0.99454898,-0.00261617,1.02267194
5,1597163293459700700,1597163293459587100,0.03473001,-0.00617212,-0.99937773,0.08336341,-0.99395186,0.10402830,-0.03518390,1.81354594,0.10418075,0.99455523,-0.00252187,1.02268648
5,1597163293468537400,1597163293468466400,0.03467257,-0.00625908,-0.99937922,0.08338439,-0.99394852,0.10407637,-0.03513595,1.81352997,0.10423170,0.99454975,-0.00261259,1.02267241
5,1597163293477575800,1597163293477516900,0.03467912,-0.00625592,-0.99937904,0.08331382,-0.99394774,0.10408136,-0.03514215,1.81351566,0.10423660,0.99454921,-0.00260863,1.02264619
5,1597163293486537200,1597163293486427500,0.03474506,-0.00621918,-0.99937695,0.08333135,-0.99394709,0.10406678,-0.03520386,1.81352770,0.10422090,0.99455094,-0.00256565,1.02267957
5,1597163293495481700,1597163293495438100,0.03473858,-0.00621054,-0.99937725,0.08337581,-0.99395257,0.10401689,-0.03519639,1.81354368,0.10417072,0.99455625,-0.00255960,1.02273870
5,1597163293504682500,1597163293504572500,0.03470862,-0.00625458,-0.99937797,0.08336973,-0.99394411,0.10410628,-0.03517142,1.81348085,0.10426153,0.99454665,-0.00260326,1.02272916
5,1597163293513529600,1597163293513466200,0.03473062,-0.00626427,-0.99937719,0.08328950,-0.99394381,0.10410174,-0.03519430,1.81345534,0.10425738,0.99454701,-0.00261080,1.02270699
5,1597163293522645100,1597163293522506300,0.03484396,-0.00624692,-0.99937332,0.08329868,-0.99394161,0.10408518,-0.03530516,1.81348884,0.10424053,0.99454886,-0.00258231,1.02274132
5,1597163293531648800,1597163293531486500,0.03482363,-0.00618035,-0.99937445,0.08332610,-0.99394500,0.10406189,-0.03527795,1.81350362,0.10421483,0.99455178,-0.00251910,1.02277184
5,1597163293540398800,1597163293540299600,0.03477746,-0.00624537,-0.99937570,0.08322513,-0.99393976,0.10412538,-0.03523897,1.81355631,0.10428047,0.99454463,-0.00258631,1.02263308
5,1597163293549526200,1597163293549455800,0.03488065,-0.00623962,-0.99937212,0.08302426,-0.99393529,0.10413345,-0.03534101,1.81351054,0.10428860,0.99454385,-0.00256950,1.02256131
5,1597163293558423600,1597163293558331200,0.03487561,-0.00619265,-0.99937260,0.08298707,-0.99393612,0.10412878,-0.03533110,1.81347060,0.10428225,0.99454463,-0.00252351,1.02254653
5,1597163293567678900,1597163293567534200,0.03477126,-0.00618139,-0.99937630,0.08302975,-0.99394220,0.10410628,-0.03522608,1.81349087,0.10425912,0.99454713,-0.00252399,1.02255964
5,1597163293576290900,1597163293576140300,0.03473589,-0.00623885,-0.99937713,0.08299327,-0.99394166,0.10412107,-0.03519693,1.81346726,0.10427583,0.99454516,-0.00258425,1.02254581
5,1597163293585383800,1597163293585353600,0.03475461,-0.00625223,-0.99937642,0.08309615,-0.99393839,0.10414574,-0.03521701,1.81346583,0.10430100,0.99454254,-0.00259474,1.02256799
5,1597163293594158700,1597163293594089600,0.03471698,-0.00622642,-0.99937785,0.08309686,-0.99393904,0.10415269,-0.03517691,1.81346917,0.10430694,0.99454194,-0.00257277,1.02257490
5,1597163293603453500,1597163293603416200,0.03473759,-0.00624385,-0.99937707,0.08307624,-0.99394125,0.10412456,-0.03519916,1.81347013,0.10427949,0.99454474,-0.00258896,1.02254558
5,1597163293612122500,1597163293612042900,0.03473716,-0.00624490,-0.99937707,0.08307922,-0.99394226,0.10411490,-0.03519882,1.81347966,0.10426988,0.99454576,-0.00259039,1.02254295
5,1597163293621201000,1597163293621130800,0.03472307,-0.00623879,-0.99937761,0.08307087,-0.99394184,0.10412366,-0.03518418,1.81347585,0.10427838,0.99454492,-0.00258547,1.02254224
5,1597163293630114800,1597163293630021400,0.03465979,-0.00622600,-0.99937987,0.08309770,-0.99394399,0.10412481,-0.03511992,1.81350493,0.10427891,0.99454486,-0.00257936,1.02258945
5,1597163293639206600,1597163293639076000,0.03462325,-0.00612035,-0.99938178,0.08315003,-0.99395710,0.10401563,-0.03507229,1.81358051,0.10416599,0.99455690,-0.00248197,1.02263761
5,1597163293648152400,1597163293648047400,0.03474002,-0.00623384,-0.99937701,0.08312297,-0.99394125,0.10412405,-0.03520053,1.81356478,0.10427864,0.99454492,-0.00257877,1.02257657
5,1597163293657190800,1597163293657103900,0.03471360,-0.00624210,-0.99937785,0.08321846,-0.99394310,0.10411488,-0.03517509,1.81356168,0.10426968,0.99454576,-0.00259009,1.02260017
5,1597163293666056600,1597163293665970100,0.03475471,-0.00619850,-0.99937677,0.08324862,-0.99394548,0.10407993,-0.03521134,1.81358624,0.10423334,0.99454969,-0.00254369,1.02267885
5,1597163293675333000,1597163293675233300,0.03475182,-0.00623658,-0.99937665,0.08308983,-0.99394643,0.10407048,-0.03521241,1.81354690,0.10422523,0.99455053,-0.00258216,1.02263832
5,1597163293683963200,1597163293683887900,0.03474550,-0.00624096,-0.99937683,0.08307004,-0.99394435,0.10409240,-0.03520664,1.81355977,0.10424727,0.99454814,-0.00258636,1.02264667
5,1597163293692968400,1597163293692897400,0.03485417,-0.00620669,-0.99937320,0.08317161,-0.99394709,0.10403080,-0.03531099,1.81355536,0.10418478,0.99455482,-0.00254318,1.02266955
5,1597163293702056200,1597163293701933300,0.03466911,-0.00623238,-0.99937952,0.08314395,-0.99395210,0.10404405,-0.03512964,1.81353116,0.10419846,0.99455333,-0.00258756,1.02264452
5,1597163293711052400,1597163293710960300,0.03469471,-0.00633192,-0.99937803,0.08321095,-0.99395347,0.10401931,-0.03516540,1.81353784,0.10417729,0.99455523,-0.00268465,1.02266312
5,1597163293719864200,1597163293719763700,0.03465469,-0.00630042,-0.99937958,0.08322668,-0.99395382,0.10403038,-0.03512236,1.81352627,0.10418714,0.99455428,-0.00265718,1.02267933
5,1597163293728976200,1597163293728922700,0.03469962,-0.00621650,-0.99937856,0.08326375,-0.99396145,0.10394534,-0.03515808,1.81353450,0.10409931,0.99456364,-0.00257203,1.02273297
5,1597163293737916900,1597163293737879500,0.03464426,-0.00630024,-0.99937999,0.08323121,-0.99395949,0.10397959,-0.03511183,1.81355608,0.10413634,0.99455959,-0.00265989,1.02267718
5,1597163293746882600,1597163293746797200,0.03455573,-0.00629899,-0.99938303,0.08319676,-0.99396259,0.10397998,-0.03502364,1.81356263,0.10413647,0.99455953,-0.00266781,1.02267265
