6,1597163291747198100,1597163291747063600,-0.01009983,-0.01765445,0.99979329,-0.27413476,0.37518165,-0.92686605,-0.01257663,1.81536329,0.92689645,0.37497702,0.01598489,1.01862359
6,1597163291756966200,1597163291756914600,-0.01011804,-0.01767808,0.99979270,-0.27412808,0.37523305,-0.92684507,-0.01259082,1.81531239,0.92687535,0.37502784,0.01601133,1.01858044
6,1597163291766000200,1597163291765810200,-0.01016220,-0.01762730,0.99979311,-0.27411348,0.37515393,-0.92687792,-0.01252855,1.81533444,0.92690694,0.37494898,0.01603213,1.01866007
6,1597163291775323100,1597163291775226700,-0.01015523,-0.01769355,0.99979198,-0.27410817,0.37517518,-0.92686844,-0.01259222,1.81533146,0.92689836,0.37496924,0.01605082,1.01865029
6,1597163291783968000,1597163291783930100,-0.01024026,-0.01755248,0.99979365,-0.27433181,0.37522894,-0.92684889,-0.01242861,1.81531215,0.92687571,0.37502420,0.01607740,1.01858449
6,1597163291793100300,1597163291792968300,-0.01022103,-0.01754098,0.99979407,-0.27434862,0.37515038,-0.92688072,-0.01242652,1.81531692,0.92690772,0.37494606,0.01605421,1.01856852
6,1597163291805290900,1597163291805258200,-0.01019815,-0.01761104,0.99979305,-0.27432215,0.37517443,-0.92687005,-0.01249965,1.81532264,0.92689818,0.37496930,0.01605961,1.01855278
6,1597163291814676700,1597163291814650000,-0.01021191,-0.01754768,0.99979401,-0.27444327,0.37520996,-0.92685652,-0.01243512,1.81531215,0.92688370,0.37500566,0.01604909,1.01850009
6,1597163291824024300,1597163291823896800,-0.01014289,-0.01756051,0.99979448,-0.27449524,0.37526184,-0.92683500,-0.01247200,1.81534767,0.92686343,0.37505820,0.01599061,1.01850557
6,1597163291832873900,1597163291832802300,-0.01019388,-0.01754056,0.99979430,-0.27449155,0.37519202,-0.92686379,-0.01243558,1.81534624,0.92689115,0.37498805,0.01602951,1.01850891
6,1597163291841835200,1597163291841682600,-0.01025242,-0.01752144,0.99979407,-0.27449334,0.37525821,-0.92683750,-0.01239477,1.81530762,0.92686367,0.37505382,0.01607743,1.01851702
6,1597163291851049900,1597163291851019400,-0.01012713,-0.01766174,0.99979287,-0.27427000,0.37523341,-0.92684519,-0.01257224,1.81528544,0.92687511,0.37502834,0.01601365,1.01852703
6,1597163291859756700,1597163291859734200,-0.01012766,-0.01758091,0.99979424,-0.27428091,0.37517425,-0.92687011,-0.01249814,1.81533551,0.92689908,0.37497050,0.01598302,1.01858711
6,1597163291868550700,1597163291868520200,-0.01011077,-0.01762913,0.99979365,-0.27427763,0.37515807,-0.92687595,-0.01254946,1.81534243,0.92690581,0.37495369,0.01598516,1.01858425
6,1597163291877654100,1597163291877517400,-0.01019114,-0.01760441,0.99979317,-0.27428967,0.37521201,-0.92685485,-0.01249545,1.81534886,0.92688310,0.37500706,0.01605120,1.01858974
6,1597163291886517400,1597163291886481300,-0.01010901,-0.01766631,0.99979293,-0.27428854,0.37526548,-0.92683202,-0.01258273,1.81538486,0.92686236,0.37506056,0.01599899,1.01861072
6,1597163291895593000,1597163291895503400,-0.01015136,-0.01764494,0.99979287,-0.27424991,0.37516242,-0.92687422,-0.01254882,1.81534207,0.92690361,0.37495732,0.01602882,1.01860762
6,1597163291904442900,1597163291904420900,-0.01015377,-0.01758619,0.99979389,-0.27424335,0.37519151,-0.92686319,-0.01249293,1.81531882,0.92689180,0.37498730,0.01600942,1.01863170
6,1597163291913483500,1597163291913357300,-0.01015252,-0.01759462,0.99979377,-0.27419269,0.37518352,-0.92686629,-0.01250137,1.81535757,0.92689502,0.37497923,0.01601130,1.01864433
6,1597163291922446000,1597163291922349900,-0.01011336,-0.01763767,0.99979341,-0.27419984,0.37519407,-0.92686135,-0.01255579,1.81536913,0.92689121,0.37498957,0.01599127,1.01866412
6,1597163291931545500,1597163291931520600,-0.01012513,-0.01757653,0.99979436,-0.27417254,0.37517494,-0.92686987,-0.01249503,1.81537473,0.92689884,0.37497127,0.01597902,1.01867366
6,1597163291940435400,1597163291940359200,-0.01012543,-0.01766539,0.99979281,-0.27417505,0.37518328,-0.92686540,-0.01257713,1.81531572,0.92689544,0.37497818,0.01601273,1.01869774
6,1597163291950004100,1597163291949560400,-0.01012495,-0.01763420,0.99979341,-0.27420926,0.37518620,-0.92686462,-0.01254837,1.81530786,0.92689425,0.37498158,0.01600063,1.01866221
6,1597163291958366500,1597163291958318700,-0.01018682,-0.01754721,0.99979424,-0.27428007,0.37522861,-0.92684883,-0.01244377,1.81514478,0.92687637,0.37502468,0.01602593,1.01858449
6,1597163291967565700,1597163291967462100,-0.01022160,-0.01760350,0.99979287,-0.27432853,0.37525335,-0.92683828,-0.01248248,1.81522810,0.92686605,0.37504804,0.01607966,1.01857400
6,1597163291976301500,1597163291976195200,-0.01021653,-0.01759341,0.99979317,-0.27433002,0.37524337,-0.92684245,-0.01247519,1.81522274,0.92687011,0.37503827,0.01607102,1.01857424
6,1597163291985267900,1597163291985217900,-0.01017526,-0.01770993,0.99979150,-0.27432632,0.37523404,-0.92684454,-0.01259886,1.81528962,0.92687440,0.37502760,0.01607633,1.01863599
6,1597163291994326400,1597163291994194200,-0.01017001,-0.01759358,0.99979365,-0.27428102,0.37518024,-0.92686772,-0.01249391,1.81528330,0.92689615,0.37497574,0.01602709,1.01863861
6,1597163292003235200,1597163292003157600,-0.01020771,-0.01763827,0.99979246,-0.27432698,0.37524933,-0.92683941,-0.01251998,1.81530678,0.92686778,0.37504363,0.01607975,1.01861882
6,1597163292012190000,1597163292012100900,-0.01016623,-0.01767071,0.99979228,-0.27426553,0.37524253,-0.92684156,-0.01256575,1.81532240,0.92687100,0.37503684,0.01605338,1.01863194
6,1597163292021166500,1597163292021108600,-0.01015079,-0.01769005,0.99979216,-0.27426744,0.37523913,-0.92684263,-0.01258952,1.81533313,0.92687249,0.37503329,0.01604623,1.01866484
6,1597163292030008900,1597163292029962000,-0.01013747,-0.01764999,0.99979293,-0.27427638,0.37523144,-0.92684615,-0.01255753,1.81534731,0.92687577,0.37502643,0.01601878,1.01863742
6,1597163292039099900,1597163292039028800,-0.01011217,-0.01766671,0.99979293,-0.27425992,0.37525159,-0.92683768,-0.01258216,1.81531858,0.92686796,0.37504661,0.01600185,1.01864910
6,1597163292048036100,1597163292047963500,-0.01013088,-0.01768284,0.99979246,-0.27418792,0.37522385,-0.92684877,-0.01259058,1.81534493,0.92687893,0.37501842,0.01602486,1.01866174
6,1597163292057108700,1597163292057043700,-0.01011166,-0.01771206,0.99979210,-0.27416265,0.37518710,-0.92686319,-0.01262550,1.81535101,0.92689407,0.37498140,0.01601756,1.01867747
6,1597163292065975000,1597163292065911900,-0.01013058,-0.01771893,0.99979180,-0.27415669,0.37517756,-0.92686707,-0.01262493,1.81535518,0.92689764,0.37497151,0.01603746,1.01867914
6,1597163292075048200,1597163292074984400,-0.01011622,-0.01772426,0.99979186,-0.27416682,0.37522089,-0.92684937,-0.01263451,1.81533527,0.92688030,0.37501496,0.01602679,1.01868820
6,1597163292083958700,1597163292083896400,-0.01016253,-0.01768182,0.99979216,-0.27419186,0.37522754,-0.92684746,-0.01257769,1.81535137,0.92687714,0.37502170,0.01605386,1.01870346
6,1597163292092937700,1597163292092849900,-0.01011208,-0.01770841,0.99979216,-0.27414155,0.37524751,-0.92683882,-0.01262090,1.81533968,0.92686957,0.37504190,0.01601738,1.01859760
6,1597163292102312200,1597163292102114900,-0.01014513,-0.01770349,0.99979198,-0.27414489,0.37523621,-0.92684358,-0.01260416,1.81533694,0.92687380,0.37503025,0.01604596,1.01859236
6,1597163292110984700,1597163292110928100,-0.01018462,-0.01767017,0.99979210,-0.27414954,0.37527290,-0.92682940,-0.01255782,1.81533849,0.92685848,0.37506694,0.01607063,1.01857376
6,1597163292119853100,1597163292119740000,-0.01012835,-0.01770130,0.99979222,-0.27416641,0.37521741,-0.92685115,-0.01260875,1.81536245,0.92688161,0.37501168,0.01602936,1.01860476
6,1597163292128945200,1597163292128859600,-0.01019073,-0.01766224,0.99979222,-0.27413654,0.37514967,-0.92687935,-0.01255033,1.81538081,0.92690831,0.37494379,0.01607162,1.01868296
6,1597163292137977500,1597163292137874200,-0.01016489,-0.01768859,0.99979198,-0.27412927,0.37518188,-0.92686588,-0.01258388,1.81537282,0.92689562,0.37497592,0.01605797,1.01871586
6,1597163292146872800,1597163292146815300,-0.01019368,-0.01767311,0.99979198,-0.27427191,0.37516358,-0.92687362,-0.01255903,1.81538343,0.92690265,0.37495750,0.01607865,1.01872396
6,1597163292156049700,1597163292155753800,-0.01019362,-0.01762019,0.99979287,-0.27425170,0.37515038,-0.92687958,-0.01251023,1.81539452,0.92690802,0.37494516,0.01605853,1.01873302
6,1597163292164802400,1597163292164733700,-0.01016489,-0.01763138,0.99979299,-0.27427733,0.37513381,-0.92688602,-0.01253167,1.81541383,0.92691505,0.37492877,0.01603588,1.01870441
6,1597163292173795300,1597163292173708100,-0.01018688,-0.01771323,0.99979138,-0.27425545,0.37517497,-0.92686844,-0.01259857,1.81539917,0.92689812,0.37496835,0.01608753,1.01873493
6,1597163292182973900,1597163292182836800,-0.01018625,-0.01764667,0.99979246,-0.27430850,0.37525311,-0.92683768,-0.01253576,1.81531501,0.92686647,0.37504753,0.01606303,1.01868677
6,1597163292191755400,1597163292191711500,-0.01017600,-0.01763850,0.99979281,-0.27428997,0.37522191,-0.92685038,-0.01253257,1.81530714,0.92687917,0.37501660,0.01605004,1.01867270
6,1597163292200800000,1597163292200716500,-0.01018763,-0.01763253,0.99979275,-0.27432323,0.37528300,-0.92682576,-0.01252163,1.81532502,0.92685437,0.37507766,0.01605940,1.01865840
6,1597163292209624000,1597163292209578300,-0.01022327,-0.01760852,0.99979281,-0.27433383,0.37528747,-0.92682445,-0.01248593,1.81532454,0.92685217,0.37508208,0.01608348,1.01865864
6,1597163292218628400,1597163292218584500,-0.01023874,-0.01760879,0.99979264,-0.27429056,0.37529716,-0.92682058,-0.01248021,1.81537342,0.92684805,0.37509155,0.01609805,1.01869488
6,1597163292227607000,1597163292227583500,-0.01021761,-0.01764657,0.99979222,-0.27428073,0.37526426,-0.92683333,-0.01252371,1.81538320,0.92686164,0.37505829,0.01609218,1.01865673
6,1597163292236682900,1597163292236622200,-0.01020652,-0.01767418,0.99979186,-0.27423501,0.37530050,-0.92681825,-0.01255283,1.81530046,0.92684710,0.37509423,0.01609278,1.01864767
6,1597163292245534600,1597163292245503100,-0.01016873,-0.01766764,0.99979234,-0.27417862,0.37529007,-0.92682236,-0.01256112,1.81533241,0.92685175,0.37508437,0.01605520,1.01864552
6,1597163292254697400,1597163292254612800,-0.01020831,-0.01770873,0.99979120,-0.27415133,0.37533876,-0.92680234,-0.01258355,1.81532371,0.92683154,0.37513193,0.01610789,1.01865816
6,1597163292263617400,1597163292263551500,-0.01020637,-0.01764046,0.99979240,-0.27411407,0.37529919,-0.92681921,-0.01252165,1.81534243,0.92684764,0.37509346,0.01607996,1.01870775
6,1597163292272773800,1597163292272687500,-0.01019925,-0.01772401,0.99979103,-0.27413106,0.37533048,-0.92680550,-0.01260125,1.81535673,0.92683500,0.37512350,0.01610512,1.01869750
6,1597163292281658600,1597163292281628700,-0.01020151,-0.01767437,0.99979186,-0.27413666,0.37532154,-0.92680973,-0.01255452,1.81535244,0.92683864,0.37511533,0.01608852,1.01868248
6,1597163292290785200,1597163292290528800,-0.01021823,-0.01768093,0.99979156,-0.27419782,0.37533459,-0.92680442,-0.01255412,1.81536245,0.92683315,0.37512806,0.01610661,1.01869297
6,1597163292299552900,1597163292299471300,-0.01020387,-0.01766473,0.99979198,-0.27415025,0.37529364,-0.92682111,-0.01254521,1.81537628,0.92684984,0.37508756,0.01608667,1.01872563
6,1597163292308462300,1597163292308375400,-0.01015982,-0.01774654,0.99979097,-0.27415013,0.37531456,-0.92681140,-0.01263720,1.81536794,0.92684191,0.37510774,0.01607683,1.01872015
6,1597163292317468500,1597163292317376100,-0.01019838,-0.01770519,0.99979138,-0.27416599,0.37532312,-0.92680866,-0.01258423,1.81540072,0.92683804,0.37511644,0.01609719,1.01872134
6,1597163292326410100,1597163292326319000,-0.01019710,-0.01769397,0.99979162,-0.27415240,0.37532797,-0.92680687,-0.01257426,1.81535935,0.92683607,0.37512150,0.01609185,1.01869416
6,1597163292335415100,1597163292335382900,-0.01024905,-0.01770440,0.99979085,-0.27417165,0.37529999,-0.92681831,-0.01256490,1.81534863,0.92684686,0.37509269,0.01614350,1.01873183
6,1597163292344435300,1597163292344339600,-0.01022434,-0.01764780,0.99979210,-0.27419430,0.37529641,-0.92682034,-0.01252179,1.81538486,0.92684853,0.37509036,0.01609933,1.01873684
6,1597163292353449600,1597163292353184000,-0.01022291,-0.01765199,0.99979198,-0.27419114,0.37534094,-0.92680228,-0.01252541,1.81538701,0.92683053,0.37513483,0.01610023,1.01874948
6,1597163292362318500,1597163292362190400,-0.01022556,-0.01765314,0.99979198,-0.27418900,0.37534940,-0.92679882,-0.01252533,1.81539440,0.92682707,0.37514326,0.01610318,1.01874971
6,1597163292371103000,1597163292371048800,-0.01026747,-0.01760770,0.99979240,-0.27419710,0.37530500,-0.92681760,-0.01246829,1.81540895,0.92684460,0.37509903,0.01612440,1.01873422
6,1597163292380968100,1597163292380706200,-0.01028404,-0.01761161,0.99979210,-0.27420306,0.37533227,-0.92680657,-0.01246521,1.81540835,0.92683339,0.37512606,0.01614156,1.01872015
6,1597163292389964500,1597163292389914900,-0.01026443,-0.01760063,0.99979252,-0.27422631,0.37535146,-0.92679888,-0.01246206,1.81533241,0.92682582,0.37514564,0.01611951,1.01867747
6,1597163292399222300,1597163292399153500,-0.01026249,-0.01762183,0.99979216,-0.27421796,0.37529591,-0.92682105,-0.01248337,1.81534982,0.92684829,0.37508976,0.01612496,1.01868129
6,1597163292407941100,1597163292407867700,-0.01025885,-0.01761276,0.99979234,-0.27420181,0.37536654,-0.92679256,-0.01247511,1.81538665,0.92681980,0.37516060,0.01611915,1.01866436
6,1597163292417052800,1597163292416989100,-0.01023081,-0.01763637,0.99979222,-0.27424490,0.37534446,-0.92680109,-0.01250791,1.81541598,0.92682904,0.37513849,0.01610175,1.01864052
6,1597163292425899500,1597163292425847200,-0.01024520,-0.01757205,0.99979323,-0.27426541,0.37531802,-0.92681265,-0.01244335,1.81538808,0.92683953,0.37511292,0.01609051,1.01864147
6,1597163292434938300,1597163292434896700,-0.01021188,-0.01768444,0.99979162,-0.27427340,0.37532276,-0.92680913,-0.01255995,1.81534946,0.92683798,0.37511623,0.01610190,1.01865911
6,1597163292443759000,1597163292443697900,-0.01024663,-0.01768528,0.99979126,-0.27416736,0.37535033,-0.92679816,-0.01254723,1.81534612,0.92682648,0.37514341,0.01613477,1.01866007
6,1597163292452974300,1597163292452850500,-0.01024741,-0.01759784,0.99979281,-0.27421355,0.37535813,-0.92679608,-0.01246573,1.81536627,0.92682332,0.37515259,0.01610282,1.01867557
6,1597163292461826500,1597163292461765500,-0.01022351,-0.01760031,0.99979299,-0.27415419,0.37528330,-0.92682624,-0.01247829,1.81538320,0.92685390,0.37507802,0.01608056,1.01868820
6,1597163292470868000,1597163292470753800,-0.01024264,-0.01763040,0.99979222,-0.27418369,0.37532613,-0.92680860,-0.01249825,1.81538069,0.92683637,0.37512010,0.01611021,1.01870513
6,1597163292479744700,1597163292479669600,-0.01025847,-0.01766042,0.99979150,-0.27420413,0.37531036,-0.92681473,-0.01252041,1.81537282,0.92684257,0.37510365,0.01613590,1.01869392
6,1597163292488820200,1597163292488745600,-0.01027295,-0.01766290,0.99979138,-0.27417880,0.37528968,-0.92682314,-0.01251766,1.81532300,0.92685080,0.37508276,0.01614994,1.01868320
6,1597163292497731500,1597163292497706800,-0.01028362,-0.01761764,0.99979204,-0.27416635,0.37526163,-0.92683512,-0.01247217,1.81533062,0.92686200,0.37505528,0.01614255,1.01869488
6,1597163292506891000,1597163292506801300,-0.01025733,-0.01764524,0.99979180,-0.27415025,0.37529904,-0.92681950,-0.01250700,1.81530797,0.92684710,0.37509260,0.01612896,1.01870799
6,1597163292515646900,1597163292515599500,-0.01021951,-0.01764302,0.99979222,-0.27415556,0.37527913,-0.92682737,-0.01251945,1.81529570,0.92685562,0.37507319,0.01609287,1.01869988
6,1597163292525179100,1597163292525093400,-0.01023450,-0.01769771,0.99979115,-0.27410936,0.37524363,-0.92684114,-0.01256514,1.81534290,0.92686981,0.37503663,0.01612678,1.01874948
6,1597163292533632900,1597163292533577800,-0.01024312,-0.01766802,0.99979156,-0.27411664,0.37526289,-0.92683375,-0.01253404,1.81535959,0.92686188,0.37505627,0.01612389,1.01876330
6,1597163292542781800,1597163292542699100,-0.01025748,-0.01761162,0.99979240,-0.27409697,0.37522921,-0.92684817,-0.01247698,1.81536078,0.92687535,0.37502334,0.01611561,1.01877308
6,1597163292551645400,1597163292551578000,-0.01020852,-0.01759408,0.99979323,-0.27418411,0.37522542,-0.92684966,-0.01247915,1.81535923,0.92687750,0.37502044,0.01606357,1.01876283
6,1597163292560831100,1597163292560588600,-0.01018554,-0.01757461,0.99979377,-0.27415740,0.37518913,-0.92686445,-0.01247032,1.81536400,0.92689240,0.37498474,0.01603448,1.01875186
6,1597163292569744600,1597163292569483700,-0.01019958,-0.01760614,0.99979311,-0.27416444,0.37522236,-0.92685068,-0.01249373,1.81537366,0.92687881,0.37501726,0.01605976,1.01874661
6,1597163292578560900,1597163292578512000,-0.01016387,-0.01756465,0.99979419,-0.27425337,0.37521186,-0.92685527,-0.01246885,1.81536555,0.92688346,0.37500787,0.01601094,1.01873422
6,1597163292587631000,1597163292587499600,-0.01017603,-0.01759133,0.99979359,-0.27427363,0.37529275,-0.92682230,-0.01248761,1.81530356,0.92685056,0.37508821,0.01603332,1.01870537
6,1597163292596680000,1597163292596606100,-0.01016992,-0.01756783,0.99979413,-0.27428377,0.37526721,-0.92683291,-0.01246854,1.81530428,0.92686105,0.37506309,0.01601851,1.01868606
6,1597163292605431900,1597163292605394800,-0.01020205,-0.01757313,0.99979365,-0.27430314,0.37534526,-0.92680138,-0.01246008,1.81531096,0.92682898,0.37514067,0.01605132,1.01865244
6,1597163292614461400,1597163292614431000,-0.01015252,-0.01764564,0.99979293,-0.27419794,0.37537262,-0.92678916,-0.01254539,1.81531990,0.92681849,0.37516749,0.01603299,1.01865125
6,1597163292623380900,1597163292623220400,-0.01015231,-0.01764381,0.99979287,-0.27421510,0.37533730,-0.92680347,-0.01254438,1.81536150,0.92683280,0.37513220,0.01603165,1.01868868
6,1597163292632530200,1597163292632453400,-0.01017061,-0.01756151,0.99979419,-0.27416265,0.37530869,-0.92681617,-0.01246174,1.81537271,0.92684418,0.37510470,0.01601735,1.01870322
6,1597163292641460100,1597163292641310700,-0.01022252,-0.01759999,0.99979299,-0.27418470,0.37534550,-0.92680109,-0.01247727,1.81535411,0.92682874,0.37514025,0.01608041,1.01870108
6,1597163292650661000,1597163292650548700,-0.01015577,-0.01764512,0.99979281,-0.27413893,0.37535161,-0.92679769,-0.01254406,1.81535065,0.92682695,0.37514642,0.01603550,1.01869726
6,1597163292659311300,1597163292659205000,-0.01017371,-0.01759259,0.99979359,-0.27413058,0.37526596,-0.92683309,-0.01249012,1.81542397,0.92686146,0.37506139,0.01603130,1.01874161
6,1597163292668384900,1597163292668356100,-0.01019982,-0.01766650,0.99979204,-0.27411163,0.37533006,-0.92680633,-0.01254773,1.81541455,0.92683518,0.37512404,0.01608410,1.01872826
6,1597163292676877500,1597163292676825700,-0.01019251,-0.01763730,0.99979270,-0.27409446,0.37531301,-0.92681360,-0.01252370,1.81542528,0.92684221,0.37510753,0.01606613,1.01870751
6,1597163292686023200,1597163292685950400,-0.01019868,-0.01759492,0.99979329,-0.27412820,0.37537241,-0.92679012,-0.01248107,1.81539476,0.92681801,0.37516752,0.01605675,1.01867819
6,1597163292695006100,1597163292694914300,-0.01020363,-0.01754089,0.99979424,-0.27411056,0.37532249,-0.92681104,-0.01242997,1.81540525,0.92683822,0.37511837,0.01604038,1.01869726
6,1597163292704050800,1597163292703941000,-0.01020169,-0.01761872,0.99979281,-0.27407128,0.37533262,-0.92680591,-0.01250268,1.81542182,0.92683417,0.37512732,0.01606795,1.01868486
6,1597163292712798200,1597163292712725700,-0.01020363,-0.01759589,0.99979329,-0.27412188,0.37532318,-0.92681009,-0.01248095,1.81542826,0.92683792,0.37511817,0.01606104,1.01866341
6,1597163292722050200,1597163292721946800,-0.01016706,-0.01759127,0.99979365,-0.27410257,0.37536979,-0.92679107,-0.01248960,1.81542611,0.92681944,0.37516534,0.01602605,1.01865125
6,1597163292730850000,1597163292730731600,-0.01018694,-0.01753345,0.99979454,-0.27414441,0.37528908,-0.92682457,-0.01242993,1.81545568,0.92685193,0.37508532,0.01602170,1.01868486
6,1597163292739990100,1597163292739946700,-0.01019236,-0.01756713,0.99979389,-0.27407628,0.37531859,-0.92681223,-0.01245860,1.81541431,0.92683995,0.37511423,0.01603973,1.01870370
6,1597163292748725700,1597163292748646100,-0.01019123,-0.01758130,0.99979365,-0.27418357,0.37532231,-0.92681050,-0.01247211,1.81540477,0.92683840,0.37511772,0.01604405,1.01866746
6,1597163292757973300,1597163292757850600,-0.01022097,-0.01749252,0.99979490,-0.27415168,0.37529987,-0.92682087,-0.01237902,1.81538391,0.92684716,0.37509635,0.01603800,1.01867843
6,1597163292766831700,1597163292766717100,-0.01015389,-0.01751527,0.99979514,-0.27416849,0.37531346,-0.92681473,-0.01242504,1.81536162,0.92684239,0.37511042,0.01598457,1.01867652
6,1597163292776007500,1597163292775889200,-0.01017892,-0.01754768,0.99979436,-0.27412844,0.37533265,-0.92680669,-0.01244536,1.81536984,0.92683434,0.37512878,0.01602021,1.01867962
6,1597163292784758300,1597163292784660100,-0.01014274,-0.01753326,0.99979502,-0.27418840,0.37531686,-0.92681307,-0.01244584,1.81537652,0.92684114,0.37511367,0.01598102,1.01867199
6,1597163292793867500,1597163292793807100,-0.01014963,-0.01754804,0.99979460,-0.27413863,0.37530309,-0.92681849,-0.01245721,1.81537628,0.92684674,0.37509957,0.01599273,1.01863050
6,1597163292802808200,1597163292802687600,-0.01021132,-0.01754752,0.99979407,-0.27404428,0.37535411,-0.92679816,-0.01243272,1.81538916,0.92682534,0.37514982,0.01605040,1.01865649
6,1597163292811705900,1597163292811577000,-0.01020941,-0.01753829,0.99979424,-0.27421820,0.37536690,-0.92679310,-0.01242464,1.81536841,0.92682016,0.37516278,0.01604536,1.01860642
6,1597163292820809400,1597163292820748200,-0.01015851,-0.01758213,0.99979395,-0.27414644,0.37534845,-0.92679977,-0.01248470,1.81538844,0.92682815,0.37514424,0.01601437,1.01862431
6,1597163292829665700,1597163292829604600,-0.01016822,-0.01750255,0.99979520,-0.27419293,0.37528223,-0.92682761,-0.01240842,1.81538582,0.92685485,0.37507921,0.01599267,1.01867294
6,1597163292838664400,1597163292838646600,-0.01018009,-0.01748516,0.99979544,-0.27415276,0.37529671,-0.92682201,-0.01238759,1.81536591,0.92684895,0.37509376,0.01599732,1.01869345
6,1597163292847834700,1597163292847767200,-0.01015267,-0.01753123,0.99979484,-0.27420831,0.37530178,-0.92681926,-0.01244050,1.81535363,0.92684716,0.37509847,0.01598927,1.01867819
6,1597163292856621000,1597163292856537100,-0.01019537,-0.01752079,0.99979466,-0.27428055,0.37535509,-0.92679805,-0.01241388,1.81524253,0.92682517,0.37515143,0.01602563,1.01859713
6,1597163292865847200,1597163292865582800,-0.01019645,-0.01745708,0.99979579,-0.27427387,0.37527037,-0.92683309,-0.01235588,1.81528771,0.92685944,0.37506771,0.01600158,1.01866579
6,1597163292874474400,1597163292874416200,-0.01023877,-0.01750048,0.99979454,-0.27434325,0.37536645,-0.92679393,-0.01237858,1.81531620,0.92682004,0.37516254,0.01605842,1.01861978
6,1597163292883768800,1597163292883737800,-0.01023602,-0.01753753,0.99979395,-0.27426088,0.37536669,-0.92679334,-0.01241397,1.81530714,0.92681998,0.37516224,0.01606974,1.01862192
6,1597163292892529400,1597163292892491700,-0.01021650,-0.01753591,0.99979424,-0.27426809,0.37534600,-0.92680162,-0.01242013,1.81531703,0.92682856,0.37514186,0.01605079,1.01864815
6,1597163292901653300,1597163292901526300,-0.01022059,-0.01749669,0.99979484,-0.27427155,0.37528342,-0.92682743,-0.01238331,1.81532288,0.92685384,0.37507984,0.01603901,1.01863313
6,1597163292910348600,1597163292910237400,-0.01021081,-0.01755542,0.99979389,-0.27429205,0.37533697,-0.92680502,-0.01244052,1.81535816,0.92683226,0.37513256,0.01605269,1.01863885
6,1597163292919635700,1597163292919525700,-0.01021108,-0.01763336,0.99979252,-0.27424824,0.37532428,-0.92680919,-0.01251288,1.81535208,0.92683744,0.37511864,0.01608205,1.01864505
6,1597163292928400700,1597163292928283100,-0.01022547,-0.01755515,0.99979377,-0.27423882,0.37532088,-0.92681158,-0.01243502,1.81535125,0.92683864,0.37511629,0.01606601,1.01864243
6,1597163292937573000,1597163292937531200,-0.01020503,-0.01762447,0.99979270,-0.27425820,0.37530807,-0.92681581,-0.01250720,1.81532502,0.92684400,0.37510261,0.01607284,1.01865768
6,1597163292946249400,1597163292946204000,-0.01023516,-0.01762298,0.99979246,-0.27424514,0.37529856,-0.92681986,-0.01249467,1.81533468,0.92684758,0.37509277,0.01610008,1.01866174
6,1597163292955492500,1597163292955372400,-0.01025313,-0.01763630,0.99979198,-0.27426493,0.37532821,-0.92680776,-0.01249976,1.81532931,0.92683530,0.37512201,0.01612213,1.01868391
6,1597163292964289000,1597163292964067700,-0.01023754,-0.01761070,0.99979258,-0.27423072,0.37529001,-0.92682350,-0.01248253,1.81530237,0.92685103,0.37508437,0.01609758,1.01867628
6,1597163292973334300,1597163292973305900,-0.01024029,-0.01762229,0.99979234,-0.27420741,0.37532923,-0.92680746,-0.01249158,1.81530619,0.92683512,0.37512335,0.01610500,1.01868439
6,1597163292982141300,1597163292982040300,-0.01021060,-0.01769109,0.99979150,-0.27424276,0.37532634,-0.92680764,-0.01256655,1.81531441,0.92683655,0.37511972,0.01610327,1.01867867
6,1597163292991362800,1597163292991248700,-0.01021859,-0.01768205,0.99979156,-0.27421165,0.37527269,-0.92682946,-0.01255608,1.81535923,0.92685819,0.37506616,0.01610652,1.01870632
6,1597163293000079000,1597163293000006800,-0.01016414,-0.01763988,0.99979281,-0.27422601,0.37523437,-0.92684525,-0.01253810,1.81534767,0.92687434,0.37502921,0.01603976,1.01866102
6,1597163293009447500,1597163293009358400,-0.01016259,-0.01766464,0.99979246,-0.27419579,0.37529084,-0.92682207,-0.01256064,1.81533778,0.92685151,0.37508529,0.01604837,1.01867104
6,1597163293018007000,1597163293017974600,-0.01011604,-0.01774572,0.99979150,-0.27416611,0.37523052,-0.92684519,-0.01265431,1.81536770,0.92687643,0.37502426,0.01603475,1.01869535
6,1597163293027228800,1597163293027141600,-0.01010185,-0.01769854,0.99979246,-0.27412820,0.37519398,-0.92686051,-0.01261654,1.81538177,0.92689133,0.37498865,0.01600346,1.01869369
6,1597163293035970300,1597163293035906100,-0.01010519,-0.01769757,0.99979240,-0.27413350,0.37523633,-0.92684340,-0.01261364,1.81537175,0.92687416,0.37503093,0.01600677,1.01868343
6,1597163293045113100,1597163293045032000,-0.01012123,-0.01766223,0.99979293,-0.27411139,0.37525100,-0.92683804,-0.01257462,1.81537175,0.92686808,0.37504601,0.01600859,1.01868224
6,1597163293053981900,1597163293053894900,-0.01012808,-0.01767868,0.99979252,-0.27408916,0.37529510,-0.92681998,-0.01258653,1.81537807,0.92685014,0.37508976,0.01602170,1.01868582
6,1597163293063096100,1597163293063011000,-0.01010540,-0.01762567,0.99979371,-0.27405143,0.37519512,-0.92686099,-0.01254763,1.81540108,0.92689085,0.37499088,0.01597944,1.01869965
6,1597163293071917800,1597163293071842600,-0.01011837,-0.01766014,0.99979299,-0.27405739,0.37527850,-0.92682689,-0.01257328,1.81541061,0.92685699,0.37507358,0.01600552,1.01870513
6,1597163293080915200,1597163293080871300,-0.01016083,-0.01763926,0.99979293,-0.27415729,0.37528437,-0.92682499,-0.01253790,1.81539977,0.92685413,0.37507927,0.01603714,1.01867771
6,1597163293090017100,1597163293089795800,-0.01016003,-0.01758899,0.99979377,-0.27409959,0.37531644,-0.92681265,-0.01249104,1.81539536,0.92684114,0.37511215,0.01601797,1.01867390
6,1597163293098958200,1597163293098873000,-0.01014644,-0.01756768,0.99979436,-0.27413291,0.37525907,-0.92683607,-0.01247737,1.81540060,0.92686450,0.37505525,0.01599658,1.01870251
6,1597163293107757000,1597163293107672500,-0.01013991,-0.01758577,0.99979413,-0.27410722,0.37529245,-0.92682230,-0.01249601,1.81540918,0.92685109,0.37508839,0.01599777,1.01871657
6,1597163293117032400,1597163293116975000,-0.01014131,-0.01758555,0.99979407,-0.27410746,0.37528899,-0.92682368,-0.01249533,1.81538177,0.92685246,0.37508500,0.01599893,1.01870990
6,1597163293125848000,1597163293125763800,-0.01012298,-0.01752011,0.99979532,-0.27410388,0.37526220,-0.92683524,-0.01244201,1.81542265,0.92686355,0.37505949,0.01595703,1.01875448
6,1597163293134846900,1597163293134827700,-0.01014873,-0.01760903,0.99979359,-0.27408171,0.37529838,-0.92681962,-0.01251417,1.81540489,0.92684859,0.37509388,0.01601475,1.01876712
6,1597163293143732900,1597163293143683300,-0.01016983,-0.01757887,0.99979383,-0.27407444,0.37532154,-0.92681074,-0.01247788,1.81540740,0.92683899,0.37511724,0.01602328,1.01877713
6,1597163293152931600,1597163293152844100,-0.01016000,-0.01757453,0.99979401,-0.27412677,0.37532800,-0.92680812,-0.01247744,1.81537294,0.92683649,0.37512392,0.01601270,1.01875496
6,1597163293161760300,1597163293161636100,-0.01020041,-0.01758669,0.99979341,-0.27414143,0.37527335,-0.92683035,-0.01247450,1.81534755,0.92685813,0.37506858,0.01605392,1.01876283
6,1597163293170856300,1597163293170720500,-0.01025417,-0.01761881,0.99979234,-0.27410930,0.37534568,-0.92680091,-0.01248283,1.81536758,0.92682827,0.37513968,0.01611677,1.01876664
6,1597163293179607500,1597163293179549700,-0.01023883,-0.01755854,0.99979353,-0.27413690,0.37531567,-0.92681372,-0.01243325,1.81536376,0.92684054,0.37511086,0.01607957,1.01875448
6,1597163293188873800,1597163293188723600,-0.01022440,-0.01757842,0.99979341,-0.27416992,0.37533355,-0.92680615,-0.01245680,1.81537366,0.92683351,0.37512863,0.01607388,1.01877284
6,1597163293197723800,1597163293197651000,-0.01024392,-0.01749152,0.99979466,-0.27413535,0.37527484,-0.92683113,-0.01236993,1.81537366,0.92685711,0.37507105,0.01605856,1.01876950
6,1597163293207377000,1597163293207136400,-0.01023820,-0.01754329,0.99979377,-0.27407253,0.37529990,-0.92682028,-0.01241960,1.81533194,0.92684698,0.37509534,0.01607305,1.01876616
6,1597163293216832200,1597163293216788600,-0.01022527,-0.01755060,0.99979383,-0.27416706,0.37531096,-0.92681569,-0.01243107,1.81530809,0.92684269,0.37510645,0.01606393,1.01873016
6,1597163293225980600,1597163293225944200,-0.01024473,-0.01744840,0.99979544,-0.27421701,0.37530324,-0.92682016,-0.01232917,1.81523073,0.92684555,0.37510014,0.01604351,1.01869988
6,1597163293234623100,1597163293234578600,-0.01026624,-0.01747938,0.99979472,-0.27421355,0.37529370,-0.92682374,-0.01234996,1.81521201,0.92684919,0.37508982,0.01607496,1.01869535
6,1597163293243769900,1597163293243631800,-0.01027444,-0.01748933,0.99979436,-0.27425760,0.37539008,-0.92678463,-0.01235446,1.81527066,0.92681003,0.37518597,0.01608756,1.01862693
6,1597163293252665000,1597163293252570700,-0.01029196,-0.01744865,0.99979496,-0.27426714,0.37542912,-0.92676944,-0.01230950,1.81519747,0.92679405,0.37522542,0.01608908,1.01858878
6,1597163293261607200,1597163293261476500,-0.01028633,-0.01739572,0.99979591,-0.27427399,0.37531233,-0.92681736,-0.01226454,1.81518841,0.92684144,0.37510955,0.01606247,1.01862669
6,1597163293270679500,1597163293270570300,-0.01028675,-0.01748110,0.99979436,-0.27431953,0.37541711,-0.92677385,-0.01234173,1.81520319,0.92679894,0.37521297,0.01609629,1.01856112
6,1597163293279654400,1597163293279611300,-0.01030520,-0.01744597,0.99979478,-0.27421284,0.37545151,-0.92676049,-0.01230163,1.81523454,0.92678487,0.37524766,0.01610065,1.01856208
6,1597163293288574800,1597163293288501900,-0.01027891,-0.01747675,0.99979460,-0.27427757,0.37543213,-0.92676783,-0.01234038,1.81525040,0.92679298,0.37522817,0.01608756,1.01856446
6,1597163293297693800,1597163293297644500,-0.01026639,-0.01743405,0.99979544,-0.27424002,0.37537980,-0.92678946,-0.01230642,1.81525481,0.92681432,0.37517667,0.01605922,1.01861405
6,1597163293306495500,1597163293306429900,-0.01029542,-0.01742937,0.99979520,-0.27430487,0.37545055,-0.92676103,-0.01228996,1.81528139,0.92678535,0.37524712,0.01608530,1.01857805
6,1597163293315561700,1597163293315448600,-0.01026517,-0.01743273,0.99979550,-0.27416772,0.37548649,-0.92674625,-0.01230379,1.81527698,0.92677116,0.37528339,0.01605898,1.01856089
6,1597163293324387700,1597163293324316600,-0.01022512,-0.01750278,0.99979460,-0.27419150,0.37543911,-0.92676437,-0.01238458,1.81533170,0.92679071,0.37523538,0.01604757,1.01861787
6,1597163293334407100,1597163293333895400,-0.01025680,-0.01743762,0.99979544,-0.27414191,0.37542975,-0.92676914,-0.01231243,1.81534410,0.92679417,0.37522662,0.01605234,1.01866364
6,1597163293343619400,1597163293343377800,-0.01023415,-0.01750270,0.99979460,-0.27414471,0.37543055,-0.92676789,-0.01238125,1.81531501,0.92679417,0.37522668,0.01605579,1.01868129
6,1597163293352466600,1597163293352375300,-0.01023611,-0.01752912,0.99979413,-0.27416372,0.37544930,-0.92676002,-0.01240468,1.81530011,0.92678648,0.37524498,0.01606780,1.01867247
6,1597163293360918600,1597163293360847000,-0.01027456,-0.01748742,0.99979436,-0.27410686,0.37538558,-0.92678648,-0.01235271,1.81532085,0.92681193,0.37518147,0.01608694,1.01872325
6,1597163293370390800,1597163293370112500,-0.01025751,-0.01753561,0.99979377,-0.27416754,0.37543294,-0.92676663,-0.01240294,1.81533504,0.92679286,0.37522829,0.01608983,1.01872492
6,1597163293379323300,1597163293379001500,-0.01022235,-0.01754577,0.99979401,-0.27416080,0.37547323,-0.92675000,-0.01242488,1.81531918,0.92677701,0.37526882,0.01606157,1.01870441
6,1597163293387981100,1597163293387854900,-0.01023105,-0.01757641,0.99979329,-0.27414751,0.37536150,-0.92679495,-0.01245194,1.81531000,0.92682207,0.37515652,0.01607966,1.01872635
6,1597163293396906200,1597163293396748500,-0.01020354,-0.01756385,0.99979377,-0.27415037,0.37532455,-0.92680991,-0.01245128,1.81530225,0.92683738,0.37512010,0.01604897,1.01869988
6,1597163293405906600,1597163293405886300,-0.01024163,-0.01754065,0.99979389,-0.27414453,0.37541798,-0.92677253,-0.01241385,1.81533182,0.92679912,0.37521341,0.01607683,1.01867628
6,1597163293414729900,1597163293414639400,-0.01026523,-0.01754676,0.99979347,-0.27421796,0.37542054,-0.92677158,-0.01241062,1.81532323,0.92679775,0.37521559,0.01610100,1.01866293
6,1597163293423789000,1597163293423745400,-0.01020458,-0.01757117,0.99979371,-0.27417600,0.37541419,-0.92677355,-0.01245609,1.81537104,0.92680109,0.37520960,0.01605389,1.01869369
6,1597163293432708600,1597163293432617800,-0.01020837,-0.01752594,0.99979436,-0.27421802,0.37535265,-0.92679900,-0.01241382,1.81536651,0.92682594,0.37514871,0.01603958,1.01868057
6,1597163293441749200,1597163293441658000,-0.01022983,-0.01752444,0.99979419,-0.27418351,0.37540886,-0.92677641,-0.01240342,1.81534898,0.92680293,0.37520468,0.01605964,1.01868176
6,1597163293450691300,1597163293450625400,-0.01025203,-0.01753645,0.99979377,-0.27420998,0.37541226,-0.92677498,-0.01240616,1.81535423,0.92680132,0.37520763,0.01608476,1.01866531
6,1597163293459726000,1597163293459631700,-0.01023674,-0.01755422,0.99979365,-0.27420700,0.37538576,-0.92678541,-0.01242882,1.81538546,0.92681223,0.37518108,0.01607692,1.01865745
6,1597163293468561900,1597163293468509300,-0.01022494,-0.01751725,0.99979442,-0.27421033,0.37538573,-0.92678583,-0.01239899,1.81539309,0.92681235,0.37518176,0.01605204,1.01865363
6,1597163293477602000,1597163293477536400,-0.01023751,-0.01759095,0.99979299,-0.27421361,0.37541118,-0.92677468,-0.01246211,1.81534910,0.92680192,0.37520587,0.01609179,1.01867747
6,1597163293486562300,1597163293486472000,-0.01021546,-0.01751076,0.99979460,-0.27424294,0.37543428,-0.92676622,-0.01239568,1.81532514,0.92679280,0.37523052,0.01604155,1.01866055
6,1597163293495513400,1597163293495457100,-0.01016548,-0.01760770,0.99979341,-0.27421230,0.37545422,-0.92675668,-0.01250396,1.81536591,0.92678523,0.37524951,0.01603189,1.01870155
6,1597163293504705400,1597163293504599500,-0.01020178,-0.01755051,0.99979407,-0.27423465,0.37543163,-0.92676669,-0.01243771,1.81537688,0.92679405,0.37522742,0.01604375,1.01866698
6,1597163293513589900,1597163293513484600,-0.01009956,-0.01759641,0.99979424,-0.27420586,0.37541783,-0.92677122,-0.01251886,1.81520987,0.92680073,0.37521416,0.01596606,1.01871634
6,1597163293522702900,1597163293522532600,-0.01010627,-0.01764117,0.99979341,-0.27416587,0.37535334,-0.92679679,-0.01255895,1.81526351,0.92682678,0.37514886,0.01598817,1.01877713
6,1597163293531673900,1597163293531533300,-0.01009998,-0.01762791,0.99979377,-0.27415055,0.37534094,-0.92680192,-0.01254921,1.81519401,0.92683190,0.37513673,0.01597720,1.01875257
6,1597163293540435000,1597163293540317600,-0.01012981,-0.01762204,0.99979353,-0.27421153,0.37544164,-0.92676139,-0.01253086,1.81530583,0.92679071,0.37523717,0.01600400,1.01865959
6,1597163293549592100,1597163293549502700,-0.01012558,-0.01750667,0.99979556,-0.27453744,0.37545031,-0.92675930,-0.01242535,1.81530893,0.92678732,0.37524772,0.01595691,1.01859736
6,1597163293558461300,1597163293558431500,-0.01013905,-0.01754369,0.99979484,-0.27459323,0.37539917,-0.92677963,-0.01245549,1.81530666,0.92680788,0.37519586,0.01598263,1.01858115
6,1597163293567702300,1597163293567575700,-0.01011798,-0.01747523,0.99979627,-0.27458417,0.37537634,-0.92678958,-0.01240033,1.81528544,0.92681736,0.37517434,0.01593709,1.01854181
6,1597163293576336500,1597163293576166100,-0.01015496,-0.01754506,0.99979460,-0.27460814,0.37544543,-0.92676097,-0.01244998,1.81523633,0.92678893,0.37524188,0.01599851,1.01852226
6,1597163293585406300,1597163293585381300,-0.01013696,-0.01760548,0.99979377,-0.27441734,0.37543979,-0.92676240,-0.01251285,1.81527102,0.92679143,0.37523550,0.01600441,1.01857400
6,1597163293594226500,1597163293594108500,-0.01008481,-0.01763202,0.99979377,-0.27445018,0.37535715,-0.92679524,-0.01255844,1.81526542,0.92682552,0.37515309,0.01596496,1.01858139
6,1597163293603504700,1597163293603449800,-0.01009241,-0.01765022,0.99979341,-0.27446812,0.37543568,-0.92676324,-0.01257110,1.81527400,0.92679358,0.37523121,0.01597986,1.01854968
6,1597163293612146600,1597163293612062500,-0.01013181,-0.01765208,0.99979293,-0.27441490,0.37538344,-0.92678457,-0.01255897,1.81527948,0.92681432,0.37517846,0.01601633,1.01855397
6,1597163293621244100,1597163293621156600,-0.01013777,-0.01766486,0.99979270,-0.27439380,0.37537107,-0.92678946,-0.01256878,1.81532204,0.92681921,0.37516579,0.01602650,1.01859975
6,1597163293630139800,1597163293630051800,-0.01007938,-0.01766375,0.99979329,-0.27438259,0.37530044,-0.92681777,-0.01259086,1.81529880,0.92684853,0.37509590,0.01597103,1.01860595
6,1597163293639246200,1597163293639094300,-0.01006207,-0.01772559,0.99979240,-0.27442038,0.37534961,-0.92679703,-0.01265383,1.81528890,0.92682874,0.37514433,0.01597887,1.01858234
6,1597163293648175100,1597163293648067600,-0.01008016,-0.01778041,0.99979126,-0.27427340,0.37536201,-0.92679137,-0.01269765,1.81531239,0.92682350,0.37515566,0.01601636,1.01859784
6,1597163293657229900,1597163293657122500,-0.01002780,-0.01775512,0.99979222,-0.27429181,0.37529504,-0.92681855,-0.01269502,1.81532943,0.92685121,0.37508973,0.01595744,1.01863384
6,1597163293666107400,1597163293666001200,-0.01007348,-0.01772565,0.99979228,-0.27427268,0.37528488,-0.92682326,-0.01265074,1.81533623,0.92685485,0.37507948,0.01598859,1.01863575
6,1597163293675356700,1597163293675256800,-0.01004919,-0.01783787,0.99979055,-0.27418923,0.37533197,-0.92680264,-0.01276306,1.81530690,0.92683607,0.37512505,0.01600879,1.01863527
6,1597163293684002800,1597163293683906800,-0.01008686,-0.01773597,0.99979198,-0.27437603,0.37536415,-0.92679113,-0.01265392,1.81525040,0.92682260,0.37515843,0.01600593,1.01857376
6,1597163293692993000,1597163293692915900,-0.01007119,-0.01769216,0.99979281,-0.27433491,0.37528673,-0.92682290,-0.01262051,1.81532001,0.92685413,0.37508187,0.01597393,1.01863265
6,1597163293702078800,1597163293701991500,-0.01005971,-0.01772837,0.99979234,-0.27433562,0.37534377,-0.92679930,-0.01265741,1.81532669,0.92683113,0.37513846,0.01597762,1.01863337
6,1597163293711075900,1597163293710993600,-0.01003143,-0.01778324,0.99979168,-0.27424091,0.37531233,-0.92681122,-0.01271941,1.81533420,0.92684424,0.37510654,0.01597160,1.01864409
6,1597163293719899700,1597163293719783200,-0.01005462,-0.01779935,0.99979115,-0.27423728,0.37530071,-0.92681581,-0.01272586,1.81532955,0.92684871,0.37509435,0.01599896,1.01864529
6,1597163293728999700,1597163293728941000,-0.01005375,-0.01777221,0.99979162,-0.27420938,0.37518293,-0.92686379,-0.01270307,1.81538999,0.92689633,0.37497702,0.01598635,1.01871037
6,1597163293737939300,1597163293737900200,-0.01002845,-0.01777187,0.99979186,-0.27422869,0.37524092,-0.92684025,-0.01271122,1.81538856,0.92687321,0.37503532,0.01596358,1.01870108
6,1597163293746906100,1597163293746815500,-0.01005602,-0.01779945,0.99979109,-0.27423114,0.37524915,-0.92683667,-0.01272632,1.81538033,0.92686951,0.37504277,0.01599959,1.01870894
