3,1598292441921807800,1598292441921780500,-0.07593790,-0.99697131,-0.01678405,-0.82456338,-0.02431236,0.01867896,-0.99952990,1.92000294,0.99681616,-0.07549414,-0.02565718,-1.05488980
3,1598292441931737400,1598292441931696700,-0.07588831,-0.99695957,-0.01768394,-0.82422280,-0.02394963,0.01955244,-0.99952191,1.92000961,0.99682873,-0.07542849,-0.02536063,-1.05322433
3,1598292441940464700,1598292441940427800,-0.07571560,-0.99698454,-0.01700687,-0.82436395,-0.02439067,0.01890254,-0.99952376,1.92053318,0.99683118,-0.07526472,-0.02574835,-1.04694819
3,1598292441949741000,1598292441949665800,-0.07556888,-0.99699390,-0.01710693,-0.82502198,-0.02469612,0.01902206,-0.99951398,1.91972446,0.99683475,-0.07510966,-0.02605937,-1.04955077
3,1598292441958444000,1598292441958369500,-0.07561430,-0.99699128,-0.01706046,-0.82505667,-0.02481120,0.01898535,-0.99951184,1.91967034,0.99682844,-0.07515413,-0.02617213,-1.04877567
3,1598292441967604300,1598292441967552500,-0.07565114,-0.99698907,-0.01702201,-0.82489705,-0.02461197,0.01893273,-0.99951780,1.91889942,0.99683058,-0.07519570,-0.02597016,-1.05091238
3,1598292441976460800,1598292441976397200,-0.07534406,-0.99701762,-0.01671091,-0.82517231,-0.02478337,0.01862571,-0.99951929,1.91939163,0.99684960,-0.07489365,-0.02611281,-1.04547274
3,1598292441985441500,1598292441985371000,-0.07535458,-0.99699378,-0.01803400,-0.82491946,-0.02482991,0.01995589,-0.99949247,1.91946256,0.99684769,-0.07486853,-0.02625905,-1.04356909
3,1598292441994315700,1598292441994234700,-0.07591709,-0.99697137,-0.01687610,-0.82493174,-0.02454420,0.01878827,-0.99952215,1.91869926,0.99681205,-0.07546660,-0.02589623,-1.04189873
3,1598292442003103600,1598292442003028900,-0.07591665,-0.99696517,-0.01724022,-0.82494408,-0.02467058,0.01916287,-0.99951196,1.91922164,0.99680901,-0.07545426,-0.02605051,-1.03686380
3,1598292442012056500,1598292442011944400,-0.07546628,-0.99699742,-0.01735459,-0.82527673,-0.02468944,0.01926715,-0.99950945,1.91918087,0.99684268,-0.07500073,-0.02606934,-1.03416884
3,1598292442021140500,1598292442021079900,-0.07553884,-0.99699223,-0.01733854,-0.82533449,-0.02521096,0.01929225,-0.99949598,1.91943383,0.99682420,-0.07506365,-0.02659246,-1.03139007
3,1598292442029977400,1598292442029913000,-0.07558829,-0.99698764,-0.01738383,-0.82526302,-0.02469564,0.01930014,-0.99950868,1.91969347,0.99683332,-0.07512182,-0.02608012,-1.02940035
3,1598292442038948400,1598292442038904200,-0.07574609,-0.99697375,-0.01749314,-0.82527167,-0.02519104,0.01945127,-0.99949336,1.91944218,0.99680889,-0.07526702,-0.02658818,-1.02672601
3,1598292442047970200,1598292442047913700,-0.07546282,-0.99699128,-0.01771950,-0.82517046,-0.02457635,0.01962439,-0.99950528,1.92006683,0.99684578,-0.07498994,-0.02598332,-1.02122998
3,1598292442056980900,1598292442056938600,-0.07550037,-0.99699694,-0.01723208,-0.82560945,-0.02499818,0.01916848,-0.99950367,1.91947412,0.99683243,-0.07503214,-0.02637035,-1.02171874
3,1598292442065860800,1598292442065808500,-0.07557070,-0.99698097,-0.01783638,-0.82542109,-0.02512284,0.01978554,-0.99948853,1.91888666,0.99682403,-0.07508394,-0.02654221,-1.02344191
3,1598292442074949600,1598292442074911900,-0.07519102,-0.99701619,-0.01747052,-0.82557666,-0.02459851,0.01936935,-0.99950975,1.91905427,0.99686575,-0.07472435,-0.02598153,-1.01963329
3,1598292442083807700,1598292442083719500,-0.07536474,-0.99699104,-0.01814281,-0.82544363,-0.02553626,0.02011829,-0.99947143,1.91898727,0.99682903,-0.07486156,-0.02697565,-1.01886392
3,1598292442092876400,1598292442092836900,-0.07557467,-0.99697691,-0.01804290,-0.82557559,-0.02531324,0.02000704,-0.99947935,1.91880894,0.99681884,-0.07507861,-0.02674876,-1.01536679
3,1598292442101778900,1598292442101747200,-0.07559514,-0.99698484,-0.01751213,-0.82544845,-0.02488598,0.01944328,-0.99950117,1.91852355,0.99682808,-0.07512164,-0.02628078,-1.01800525
3,1598292442110697400,1598292442110658600,-0.07504281,-0.99702436,-0.01763911,-0.82601237,-0.02536826,0.01959206,-0.99948615,1.91945958,0.99685758,-0.07455677,-0.02676303,-1.01018894
3,1598292442119761300,1598292442119531300,-0.07507041,-0.99701554,-0.01801538,-0.82598031,-0.02558018,0.01998586,-0.99947298,1.91974854,0.99685013,-0.07457003,-0.02700420,-1.00758123
3,1598292442128609700,1598292442128563500,-0.07540306,-0.99700016,-0.01747094,-0.82588911,-0.02520741,0.01942108,-0.99949354,1.91932464,0.99683458,-0.07492447,-0.02659621,-1.00696206
3,1598292442137456500,1598292442137421400,-0.07532907,-0.99699962,-0.01781582,-0.82573837,-0.02549187,0.01978619,-0.99947917,1.91944504,0.99683291,-0.07483566,-0.02690587,-1.00185788
3,1598292442146610100,1598292442146513800,-0.07499430,-0.99702090,-0.01803755,-0.82576907,-0.02550256,0.02000021,-0.99947464,1.91958380,0.99685788,-0.07449487,-0.02692650,-0.99739492
3,1598292442155402100,1598292442155353100,-0.07508445,-0.99702227,-0.01757560,-0.82641685,-0.02558569,0.01954579,-0.99948150,1.91906881,0.99684894,-0.07459581,-0.02697710,-0.99704528
3,1598292442164770100,1598292442164582700,-0.07507977,-0.99701858,-0.01780643,-0.82630134,-0.02576668,0.01979060,-0.99947208,1.91882682,0.99684465,-0.07458127,-0.02717575,-0.99553776
3,1598292442173315200,1598292442173239400,-0.07491082,-0.99702382,-0.01822084,-0.82609057,-0.02562480,0.02019081,-0.99946767,1.91921496,0.99686098,-0.07440400,-0.02706106,-0.99079978
3,1598292442183717400,1598292442183675900,-0.07483464,-0.99703354,-0.01799965,-0.82649434,-0.02593870,0.01999042,-0.99946362,1.91847467,0.99685860,-0.07432762,-0.02735774,-0.99227321
3,1598292442192324100,1598292442192269200,-0.07490623,-0.99703240,-0.01776281,-0.82681203,-0.02609999,0.01976701,-0.99946386,1.91890943,0.99684906,-0.07440242,-0.02750322,-0.98706079
3,1598292442201623700,1598292442201552700,-0.07494506,-0.99702215,-0.01817099,-0.82670629,-0.02609255,0.02017671,-0.99945587,1.91865909,0.99684632,-0.07443017,-0.02752701,-0.98487771
3,1598292442210310900,1598292442210238000,-0.07479715,-0.99702966,-0.01836415,-0.82636279,-0.02583145,0.02034678,-0.99945921,1.91833282,0.99686420,-0.07428232,-0.02727662,-0.98462725
3,1598292442219363200,1598292442219329700,-0.07469326,-0.99704129,-0.01815885,-0.82680893,-0.02628697,0.02017203,-0.99945086,1.91841245,0.99686009,-0.07417488,-0.02771592,-0.98196435
3,1598292442228170700,1598292442228122300,-0.07488731,-0.99702382,-0.01831818,-0.82681173,-0.02621249,0.02033160,-0.99944961,1.91826916,0.99684757,-0.07436594,-0.02765707,-0.98044991
3,1598292442237225500,1598292442237168800,-0.07451656,-0.99705154,-0.01831944,-0.82698077,-0.02629160,0.02032842,-0.99944758,1.91838729,0.99687320,-0.07399374,-0.02772889,-0.97718585
3,1598292442246099400,1598292442246045300,-0.07423398,-0.99706924,-0.01850219,-0.82701224,-0.02634543,0.02050772,-0.99944252,1.91835213,0.99689281,-0.07370517,-0.02779060,-0.97441185
3,1598292442255186100,1598292442255159500,-0.07448658,-0.99705523,-0.01823815,-0.82728457,-0.02659956,0.02026895,-0.99944067,1.91844273,0.99686730,-0.07395983,-0.02803101,-0.97195899
3,1598292442264030100,1598292442263970600,-0.07440397,-0.99705195,-0.01874855,-0.82734156,-0.02659349,0.02077779,-0.99943036,1.91835606,0.99687362,-0.07386300,-0.02806105,-0.97001433
3,1598292442273077900,1598292442273047800,-0.07411867,-0.99707919,-0.01842597,-0.82708770,-0.02611019,0.02041073,-0.99945068,1.91840243,0.99690765,-0.07359686,-0.02754676,-0.96711183
3,1598292442281984800,1598292442281937600,-0.07409692,-0.99707055,-0.01897347,-0.82707548,-0.02655487,0.02099174,-0.99942690,1.91844451,0.99689746,-0.07355061,-0.02803251,-0.96417916
3,1598292442291075200,1598292442291015200,-0.07402632,-0.99707949,-0.01878017,-0.82745039,-0.02651841,0.02079330,-0.99943203,1.91835022,0.99690378,-0.07348624,-0.02798023,-0.96308112
3,1598292442299941800,1598292442299904200,-0.07411754,-0.99706566,-0.01914932,-0.82754862,-0.02688013,0.02119258,-0.99941397,1.91825998,0.99688721,-0.07355937,-0.02837201,-0.96029735
3,1598292442309082800,1598292442308992000,-0.07390201,-0.99708527,-0.01896381,-0.82710886,-0.02640493,0.02096552,-0.99943143,1.91757059,0.99691594,-0.07335925,-0.02787738,-0.96097720
3,1598292442318057000,1598292442317943600,-0.07400674,-0.99707609,-0.01903615,-0.82703912,-0.02707905,0.02109064,-0.99941075,1.91758668,0.99689007,-0.07344764,-0.02856074,-0.95894802
3,1598292442327154700,1598292442327031000,-0.07394949,-0.99706531,-0.01981005,-0.82697833,-0.02673864,0.02183965,-0.99940383,1.91751134,0.99690354,-0.07337573,-0.02827522,-0.95672154
3,1598292442335867100,1598292442335813000,-0.07407072,-0.99706995,-0.01910779,-0.82722044,-0.02654765,0.02112510,-0.99942428,1.91753316,0.99689960,-0.07352081,-0.02803463,-0.95360970
3,1598292442344995500,1598292442344920300,-0.07376593,-0.99709225,-0.01912503,-0.82744479,-0.02690645,0.02116013,-0.99941397,1.91792822,0.99691266,-0.07320809,-0.02838912,-0.95147300
3,1598292442353856400,1598292442353825900,-0.07379633,-0.99709082,-0.01908123,-0.82736939,-0.02698325,0.02112274,-0.99941266,1.91795897,0.99690831,-0.07323813,-0.02846355,-0.94896507
3,1598292442362850900,1598292442362796400,-0.07399425,-0.99707043,-0.01937972,-0.82752681,-0.02716763,0.02144118,-0.99940091,1.91772234,0.99688858,-0.07342339,-0.02867457,-0.94478011
3,1598292442371862300,1598292442371803600,-0.07387507,-0.99708569,-0.01904491,-0.82770115,-0.02676569,0.02107259,-0.99941957,1.91778100,0.99690831,-0.07332245,-0.02824444,-0.94174564
3,1598292442381264800,1598292442381192600,-0.07376197,-0.99708277,-0.01962947,-0.82767195,-0.02750500,0.02170958,-0.99938589,1.91752315,0.99689656,-0.07317674,-0.02902611,-0.94109833
3,1598292442389825000,1598292442389788500,-0.07379186,-0.99709147,-0.01906570,-0.82785374,-0.02694543,0.02110427,-0.99941409,1.91764402,0.99690962,-0.07323489,-0.02842439,-0.93866384
3,1598292442399127800,1598292442399016300,-0.07393062,-0.99706763,-0.01976039,-0.82796752,-0.02719139,0.02182266,-0.99939197,1.91763711,0.99689269,-0.07334834,-0.02872504,-0.93583357
3,1598292442407767000,1598292442407687300,-0.07358021,-0.99710280,-0.01928904,-0.82799733,-0.02696670,0.02132364,-0.99940884,1.91772079,0.99692476,-0.07301652,-0.02845759,-0.93448055
3,1598292442417170300,1598292442417136200,-0.07369971,-0.99708146,-0.01992761,-0.82780451,-0.02749149,0.02200560,-0.99937975,1.91733527,0.99690157,-0.07310617,-0.02903307,-0.93533945
3,1598292442425643500,1598292442425582200,-0.07383978,-0.99707597,-0.01968269,-0.82786614,-0.02679275,0.02171285,-0.99940515,1.91715193,0.99691021,-0.07326850,-0.02831769,-0.93498373
3,1598292442435006000,1598292442434912300,-0.07374093,-0.99708480,-0.01960456,-0.82818711,-0.02685382,0.02163620,-0.99940521,1.91739655,0.99691582,-0.07317057,-0.02837102,-0.93129790
3,1598292442443646900,1598292442443614400,-0.07325825,-0.99713022,-0.01909691,-0.82871890,-0.02761214,0.02116893,-0.99939454,1.91797400,0.99693078,-0.07268658,-0.02908371,-0.92842472
3,1598292442452864700,1598292442452833100,-0.07331923,-0.99711376,-0.01971108,-0.82855487,-0.02728968,0.02176275,-0.99939060,1.91801691,0.99693519,-0.07273665,-0.02880656,-0.92636299
3,1598292442461734600,1598292442461693100,-0.07373470,-0.99708962,-0.01938062,-0.82870162,-0.02761372,0.02146734,-0.99938810,1.91788101,0.99689555,-0.07315442,-0.02911626,-0.92129397
3,1598292442470686000,1598292442470621800,-0.07361758,-0.99709427,-0.01958656,-0.82866102,-0.02694937,0.02162164,-0.99940294,1.91760969,0.99692243,-0.07304576,-0.02846281,-0.91977966
3,1598292442479519900,1598292442479467200,-0.07352123,-0.99710363,-0.01947447,-0.82875347,-0.02751032,0.02154758,-0.99938923,1.91791439,0.99691421,-0.07294056,-0.02901486,-0.91605353
3,1598292442488611000,1598292442488544400,-0.07358560,-0.99709523,-0.01965795,-0.82898164,-0.02688768,0.02168777,-0.99940318,1.91760898,0.99692643,-0.07301310,-0.02840550,-0.91437936
3,1598292442497452300,1598292442497395300,-0.07376722,-0.99708635,-0.01942302,-0.82914090,-0.02764951,0.02151342,-0.99938613,1.91764438,0.99689221,-0.07318491,-0.02915595,-0.91176188
3,1598292442506518100,1598292442506449600,-0.07361266,-0.99709469,-0.01958124,-0.82916653,-0.02697487,0.02161804,-0.99940234,1.91748869,0.99692208,-0.07304049,-0.02848788,-0.91021216
3,1598292442515439000,1598292442515301900,-0.07359350,-0.99709058,-0.01986219,-0.82885158,-0.02743857,0.02193305,-0.99938285,1.91753495,0.99691087,-0.07300308,-0.02897288,-0.90884173
3,1598292442524646900,1598292442524609600,-0.07381055,-0.99707401,-0.01988989,-0.82895112,-0.02705718,0.02193913,-0.99939311,1.91700518,0.99690521,-0.07322755,-0.02859736,-0.90843117
3,1598292442533384700,1598292442533271500,-0.07388353,-0.99707872,-0.01937397,-0.82916570,-0.02737480,0.02144746,-0.99939513,1.91712964,0.99689120,-0.07330847,-0.02887946,-0.90503645
3,1598292442542534400,1598292442542463600,-0.07322410,-0.99712133,-0.01968388,-0.82961011,-0.02703680,0.02171431,-0.99939853,1.91655827,0.99694902,-0.07264787,-0.02854899,-0.90590942
3,1598292442551386000,1598292442551321600,-0.07352597,-0.99710137,-0.01956711,-0.82939827,-0.02799007,0.02167568,-0.99937314,1.91712093,0.99690056,-0.07293221,-0.02950268,-0.90052521
3,1598292442560392900,1598292442560337900,-0.07374248,-0.99706894,-0.02039126,-0.82926071,-0.02691865,0.02242954,-0.99938595,1.91680121,0.99691403,-0.07314828,-0.02849377,-0.89786315
3,1598292442569269700,1598292442569224400,-0.07389429,-0.99707431,-0.01955869,-0.82953250,-0.02757888,0.02164793,-0.99938518,1.91707420,0.99688470,-0.07330948,-0.02909786,-0.89478528
3,1598292442578357700,1598292442578302700,-0.07339951,-0.99709779,-0.02021628,-0.82962769,-0.02714731,0.02226103,-0.99938351,1.91747308,0.99693310,-0.07280543,-0.02870248,-0.89034986
3,1598292442587239900,1598292442587183400,-0.07350317,-0.99710655,-0.01939074,-0.82997501,-0.02795629,0.02149575,-0.99937797,1.91777682,0.99690318,-0.07291532,-0.02945542,-0.88683558
3,1598292442596328700,1598292442596266600,-0.07362488,-0.99708551,-0.01999860,-0.82982713,-0.02765713,0.02208670,-0.99937344,1.91780627,0.99690247,-0.07302558,-0.02920267,-0.88713670
3,1598292442605252200,1598292442605206900,-0.07352290,-0.99709976,-0.01966317,-0.82989830,-0.02770769,0.02175120,-0.99937940,1.91834164,0.99690861,-0.07293242,-0.02922656,-0.88118434
3,1598292442614396800,1598292442614317700,-0.07348067,-0.99707985,-0.02079589,-0.82922441,-0.02750327,0.02287033,-0.99936002,1.91829360,0.99691743,-0.07286164,-0.02910349,-0.88123596
3,1598292442623231200,1598292442623189800,-0.07353446,-0.99709672,-0.01977229,-0.82960045,-0.02765838,0.02185731,-0.99937844,1.91727316,0.99690914,-0.07294190,-0.02918536,-0.88635981
3,1598292442632282500,1598292442632192100,-0.07364336,-0.99707568,-0.02041609,-0.82952207,-0.02753237,0.02249656,-0.99936771,1.91733348,0.99690461,-0.07303473,-0.02910859,-0.88120544
3,1598292442641098400,1598292442641062700,-0.07341674,-0.99709725,-0.02018023,-0.82990491,-0.02772591,0.02226765,-0.99936748,1.91702533,0.99691600,-0.07281077,-0.02928026,-0.88082039
3,1598292442650282000,1598292442650213800,-0.07345587,-0.99709606,-0.02009268,-0.82997596,-0.02771846,0.02218052,-0.99936962,1.91710401,0.99691325,-0.07285264,-0.02926727,-0.87873542
3,1598292442659036200,1598292442658962700,-0.07391292,-0.99705738,-0.02033613,-0.82989389,-0.02747557,0.02242013,-0.99937099,1.91657305,0.99688619,-0.07330766,-0.02905187,-0.87440491
3,1598292442668409400,1598292442668344400,-0.07382053,-0.99706316,-0.02039066,-0.83002245,-0.02752046,0.02247538,-0.99936855,1.91689563,0.99689174,-0.07321274,-0.02909880,-0.87085080
3,1598292442677019800,1598292442676964500,-0.07351536,-0.99708784,-0.02028492,-0.83047152,-0.02776873,0.02237863,-0.99936384,1.91681600,0.99690747,-0.07290524,-0.02933305,-0.86958337
3,1598292442686203300,1598292442686119800,-0.07340902,-0.99709940,-0.02009886,-0.83035409,-0.02781947,0.02219271,-0.99936658,1.91692150,0.99691391,-0.07280338,-0.02936793,-0.86819696
3,1598292442694905200,1598292442694860600,-0.07365349,-0.99707353,-0.02048375,-0.83056027,-0.02770466,0.02257729,-0.99936116,1.91738021,0.99689907,-0.07303897,-0.02928649,-0.85943437
3,1598292442703984300,1598292442703894400,-0.07346857,-0.99709189,-0.02025574,-0.83057112,-0.02812006,0.02237367,-0.99935412,1.91760015,0.99690104,-0.07285148,-0.02968205,-0.85400498
3,1598292442713030600,1598292442712904800,-0.07305190,-0.99710524,-0.02108670,-0.83011115,-0.02750354,0.02314927,-0.99935359,1.91746259,0.99694890,-0.07242468,-0.02911504,-0.85325146
3,1598292442721978300,1598292442721907700,-0.07302183,-0.99712342,-0.02031701,-0.83051383,-0.02834141,0.02243782,-0.99934644,1.91731095,0.99692768,-0.07239828,-0.02989834,-0.85214794
3,1598292442730761600,1598292442730723700,-0.07274109,-0.99712455,-0.02124454,-0.83040869,-0.02756660,0.02330293,-0.99934828,1.91702151,0.99696994,-0.07210809,-0.02918242,-0.85237455
3,1598292442740047300,1598292442739978100,-0.07286921,-0.99713892,-0.02010430,-0.83051789,-0.02791011,0.02218880,-0.99936414,1.91701758,0.99695098,-0.07226175,-0.02944715,-0.85046625
3,1598292442748846900,1598292442748810000,-0.07272655,-0.99711764,-0.02161687,-0.82962680,-0.02749912,0.02367078,-0.99934149,1.91692495,0.99697280,-0.07208419,-0.02914136,-0.84759355
3,1598292442758247400,1598292442758196200,-0.07298827,-0.99712718,-0.02025121,-0.83013362,-0.02823305,0.02236300,-0.99935114,1.91614139,0.99693316,-0.07236913,-0.02978419,-0.84808922
3,1598292442766757700,1598292442766710800,-0.07276651,-0.99712861,-0.02096947,-0.83022761,-0.02725479,0.02300543,-0.99936372,1.91634333,0.99697661,-0.07214871,-0.02885056,-0.84590268
3,1598292442775855500,1598292442775817300,-0.07242626,-0.99716735,-0.02029319,-0.83090121,-0.02750877,0.02233608,-0.99937195,1.91614902,0.99699438,-0.07182252,-0.02904858,-0.84516108
3,1598292442784766500,1598292442784738900,-0.07241905,-0.99715292,-0.02101376,-0.83092529,-0.02773960,0.02307465,-0.99934882,1.91613555,0.99698853,-0.07178897,-0.02933168,-0.84319556
3,1598292442793997200,1598292442793946900,-0.07265368,-0.99714535,-0.02056084,-0.83079636,-0.02793753,0.02264195,-0.99935317,1.91653204,0.99696594,-0.07203227,-0.02950281,-0.83834934
3,1598292442802797900,1598292442802706300,-0.07266086,-0.99714649,-0.02048171,-0.83096039,-0.02806021,0.02257173,-0.99935132,1.91709113,0.99696195,-0.07203898,-0.02962024,-0.83388412
3,1598292442811753300,1598292442811681600,-0.07233804,-0.99716973,-0.02049011,-0.83118516,-0.02750788,0.02253079,-0.99936765,1.91655982,0.99700087,-0.07172865,-0.02905988,-0.83627927
3,1598292442820628500,1598292442820571400,-0.07242805,-0.99716228,-0.02053668,-0.83114791,-0.02817086,0.02262785,-0.99934697,1.91665649,0.99697578,-0.07180217,-0.02972981,-0.83427644
3,1598292442829686500,1598292442829611400,-0.07269010,-0.99713087,-0.02112389,-0.83114028,-0.02785575,0.02320142,-0.99934262,1.91627669,0.99696553,-0.07205391,-0.02946236,-0.82923770
3,1598292442838586400,1598292442838537600,-0.07267424,-0.99714452,-0.02052750,-0.83111894,-0.02776467,0.02259665,-0.99935901,1.91634321,0.99696928,-0.07205772,-0.02932759,-0.82630002
3,1598292442847702000,1598292442847643000,-0.07246619,-0.99715304,-0.02084585,-0.83115882,-0.02777332,0.02291020,-0.99935168,1.91643524,0.99698412,-0.07184029,-0.02935448,-0.82044470
3,1598292442856485100,1598292442856448100,-0.07236904,-0.99717027,-0.02035449,-0.83142102,-0.02775490,0.02241355,-0.99936342,1.91606498,0.99699169,-0.07175800,-0.02929842,-0.82278597
3,1598292442865680600,1598292442865605400,-0.07263526,-0.99714631,-0.02057995,-0.83145618,-0.02820900,0.02268016,-0.99934471,1.91609538,0.99695963,-0.07200709,-0.02977590,-0.81943834
3,1598292442874460300,1598292442874406700,-0.07243410,-0.99715865,-0.02069026,-0.83137035,-0.02756591,0.02273837,-0.99936134,1.91604149,0.99699223,-0.07181752,-0.02913463,-0.81837046
3,1598292442883562000,1598292442883494700,-0.07253686,-0.99714887,-0.02080064,-0.83155417,-0.02813387,0.02289298,-0.99934196,1.91625404,0.99696892,-0.07190391,-0.02971425,-0.81513810
3,1598292442892391100,1598292442892334300,-0.07273558,-0.99713421,-0.02081050,-0.83137619,-0.02757567,0.02286842,-0.99935812,1.91594934,0.99697006,-0.07211500,-0.02916000,-0.81513035
3,1598292442901614900,1598292442901562600,-0.07271716,-0.99713731,-0.02072535,-0.83145702,-0.02774434,0.02279474,-0.99935508,1.91614640,0.99696666,-0.07209525,-0.02932249,-0.81384611
3,1598292442910407900,1598292442910301400,-0.07248440,-0.99715906,-0.02049229,-0.83179259,-0.02775109,0.02255479,-0.99936038,1.91683400,0.99698347,-0.07186934,-0.02930714,-0.80878973
3,1598292442919597700,1598292442919565400,-0.07251838,-0.99715096,-0.02076284,-0.83188623,-0.02779715,0.02283026,-0.99935281,1.91657627,0.99697971,-0.07189426,-0.02937358,-0.80892098
3,1598292442928312900,1598292442928262200,-0.07290453,-0.99712998,-0.02041804,-0.83190310,-0.02798920,0.02251002,-0.99935472,1.91658366,0.99694622,-0.07228601,-0.02954997,-0.80585241
3,1598292442937397500,1598292442937320800,-0.07292691,-0.99711746,-0.02094097,-0.83166897,-0.02788775,0.02302742,-0.99934578,1.91636825,0.99694741,-0.07229519,-0.02948669,-0.80235577
3,1598292442946287500,1598292442946207600,-0.07270911,-0.99713606,-0.02081581,-0.83202791,-0.02774308,0.02288507,-0.99935305,1.91650915,0.99696732,-0.07208458,-0.02932758,-0.79808223
3,1598292442955323600,1598292442955286500,-0.07275128,-0.99713862,-0.02053996,-0.83236933,-0.02803620,0.02263105,-0.99935067,1.91631544,0.99695599,-0.07212815,-0.02960243,-0.79828131
3,1598292442964350800,1598292442964297500,-0.07308009,-0.99711317,-0.02060976,-0.83248150,-0.02841785,0.02273853,-0.99933743,1.91620815,0.99692118,-0.07244599,-0.02999756,-0.79480243
3,1598292442973317900,1598292442973263900,-0.07296106,-0.99712682,-0.02036598,-0.83232379,-0.02758685,0.02243032,-0.99936771,1.91616642,0.99695325,-0.07235309,-0.02914414,-0.79039097
3,1598292442982373900,1598292442982323100,-0.07294321,-0.99711716,-0.02090194,-0.83200735,-0.02799604,0.02299664,-0.99934345,1.91595531,0.99694312,-0.07231012,-0.02959279,-0.79016674
3,1598292442991137500,1598292442991110100,-0.07307512,-0.99711949,-0.02031886,-0.83227837,-0.02761892,0.02238877,-0.99936777,1.91544533,0.99694401,-0.07246774,-0.02917544,-0.78886199
3,1598292443000218700,1598292443000176900,-0.07317957,-0.99710244,-0.02077555,-0.83233142,-0.02816810,0.02288952,-0.99934107,1.91538656,0.99692106,-0.07254612,-0.02976154,-0.78609979
3,1598292443009315200,1598292443009163900,-0.07291919,-0.99711812,-0.02093985,-0.83239299,-0.02745565,0.02299474,-0.99935848,1.91522264,0.99695987,-0.07229751,-0.02905329,-0.78412747
3,1598292443018147100,1598292443018108500,-0.07300597,-0.99711537,-0.02076419,-0.83284020,-0.02833462,0.02288504,-0.99933648,1.91599965,0.99692899,-0.07236916,-0.02992364,-0.77617455
3,1598292443027256900,1598292443027201100,-0.07307068,-0.99710882,-0.02085146,-0.83266270,-0.02809486,0.02295702,-0.99934161,1.91532576,0.99693108,-0.07243672,-0.02969113,-0.77823615
3,1598292443036076900,1598292443036037300,-0.07315451,-0.99710339,-0.02081787,-0.83273709,-0.02792438,0.02291345,-0.99934739,1.91513932,0.99692971,-0.07252541,-0.02951973,-0.77679682
3,1598292443045271800,1598292443045112700,-0.07296529,-0.99711609,-0.02087299,-0.83258826,-0.02776566,0.02295157,-0.99935091,1.91508734,0.99694800,-0.07233834,-0.02936026,-0.77603960
3,1598292443053997400,1598292443053968900,-0.07310796,-0.99710345,-0.02097583,-0.83261782,-0.02851366,0.02311322,-0.99932611,1.91518748,0.99691641,-0.07246059,-0.03012084,-0.77145803
3,1598292443063127700,1598292443062967700,-0.07327169,-0.99709135,-0.02098048,-0.83272332,-0.02837373,0.02311265,-0.99933010,1.91514754,0.99690837,-0.07262728,-0.02998472,-0.76856363
3,1598292443072046700,1598292443071992400,-0.07328701,-0.99708748,-0.02111357,-0.83285987,-0.02802959,0.02322143,-0.99933732,1.91532588,0.99691701,-0.07264665,-0.02964979,-0.76656723
3,1598292443081072800,1598292443081002900,-0.07321537,-0.99708140,-0.02163996,-0.83280766,-0.02795399,0.02374136,-0.99932724,1.91508341,0.99692440,-0.07256123,-0.02961065,-0.76364005
3,1598292443089888500,1598292443089845000,-0.07327682,-0.99709392,-0.02084113,-0.83280468,-0.02831313,0.02296873,-0.99933517,1.91480112,0.99690974,-0.07263803,-0.02991393,-0.76350152
3,1598292443099032100,1598292443098932800,-0.07322830,-0.99708360,-0.02149688,-0.83276355,-0.02850173,0.02363822,-0.99931419,1.91479206,0.99690795,-0.07256535,-0.03014960,-0.76120675
3,1598292443107911300,1598292443107848700,-0.07265440,-0.99712706,-0.02142530,-0.83293176,-0.02783162,0.02350069,-0.99933630,1.91483188,0.99696881,-0.07200983,-0.02945910,-0.75850463
3,1598292443116888200,1598292443116840800,-0.07295582,-0.99710691,-0.02134041,-0.83308357,-0.02856646,0.02347784,-0.99931616,1.91496122,0.99692607,-0.07229632,-0.03019667,-0.75534725
3,1598292443125881800,1598292443125823700,-0.07301342,-0.99709547,-0.02167390,-0.83323592,-0.02794476,0.02376870,-0.99932683,1.91463113,0.99693942,-0.07235858,-0.02959904,-0.75291848
3,1598292443134922000,1598292443134848500,-0.07299557,-0.99710464,-0.02130979,-0.83344567,-0.02823954,0.02342463,-0.99932665,1.91470587,0.99693245,-0.07234463,-0.02986768,-0.75196958
3,1598292443143720000,1598292443143647200,-0.07302916,-0.99709326,-0.02172166,-0.83312976,-0.02828010,0.02384137,-0.99931568,1.91487145,0.99692881,-0.07236490,-0.02993902,-0.74757624
3,1598292443152856100,1598292443152768100,-0.07298315,-0.99709487,-0.02180636,-0.83321512,-0.02852245,0.02394246,-0.99930638,1.91460931,0.99692529,-0.07231051,-0.03018699,-0.74731863
3,1598292443161722000,1598292443161637100,-0.07305899,-0.99709612,-0.02148945,-0.83336264,-0.02846907,0.02362326,-0.99931550,1.91471112,0.99692130,-0.07239723,-0.03011230,-0.74351394
3,1598292443170783000,1598292443170713400,-0.07296652,-0.99709964,-0.02164203,-0.83356571,-0.02833396,0.02376358,-0.99931598,1.91524196,0.99693185,-0.07230335,-0.02998574,-0.74166489
3,1598292443179707200,1598292443179638000,-0.07284677,-0.99710041,-0.02200596,-0.83346003,-0.02793790,0.02409604,-0.99931920,1.91484642,0.99695182,-0.07218233,-0.02961222,-0.74104536
3,1598292443188763400,1598292443188700500,-0.07303691,-0.99710733,-0.02104031,-0.83347678,-0.02839400,0.02316701,-0.99932832,1.91479385,0.99692500,-0.07239044,-0.03000392,-0.73760390
3,1598292443197614000,1598292443197573200,-0.07306126,-0.99708557,-0.02196620,-0.83357257,-0.02820922,0.02408228,-0.99931186,1.91522813,0.99692851,-0.07239130,-0.02988650,-0.73392701
3,1598292443206733300,1598292443206673800,-0.07293835,-0.99710125,-0.02166322,-0.83356631,-0.02830940,0.02378220,-0.99931628,1.91484225,0.99693465,-0.07227516,-0.02996198,-0.73364162
3,1598292443215447400,1598292443215402300,-0.07286599,-0.99710608,-0.02168301,-0.83360815,-0.02802733,0.02377942,-0.99932426,1.91488767,0.99694794,-0.07220903,-0.02967894,-0.73485053
3,1598292443224446400,1598292443224404800,-0.07317606,-0.99708080,-0.02180037,-0.83372521,-0.02873330,0.02395764,-0.99929994,1.91543150,0.99690509,-0.07249844,-0.03040256,-0.72701311
3,1598292443233230300,1598292443233192400,-0.07306302,-0.99709165,-0.02168478,-0.83368891,-0.02743893,0.02374434,-0.99934143,1.91482198,0.99694985,-0.07241985,-0.02909397,-0.72886133
3,1598292443242626400,1598292443242581500,-0.07273865,-0.99712431,-0.02127019,-0.83407336,-0.02833470,0.02338411,-0.99932492,1.91497040,0.99694848,-0.07208684,-0.02995415,-0.72972190
3,1598292443251193100,1598292443251149200,-0.07268277,-0.99711704,-0.02179512,-0.83406198,-0.02808865,0.02389074,-0.99931991,1.91511846,0.99695957,-0.07202110,-0.02974413,-0.72536325
3,1598292443260643900,1598292443260539700,-0.07301614,-0.99710155,-0.02138499,-0.83414316,-0.02809673,0.02349025,-0.99932915,1.91489899,0.99693501,-0.07236633,-0.02973047,-0.72157550
3,1598292443269182400,1598292443269151300,-0.07305294,-0.99709821,-0.02141442,-0.83408391,-0.02779459,0.02349890,-0.99933738,1.91515279,0.99694073,-0.07240933,-0.02943061,-0.71763837
3,1598292443278176700,1598292443278144700,-0.07300523,-0.99709219,-0.02185233,-0.83406341,-0.02813079,0.02396078,-0.99931705,1.91511154,0.99693483,-0.07234064,-0.02979827,-0.71582019
3,1598292443287080000,1598292443287040000,-0.07301706,-0.99710399,-0.02126901,-0.83438873,-0.02839164,0.02339544,-0.99932307,1.91468668,0.99692661,-0.07236373,-0.03001769,-0.71738636
3,1598292443296189000,1598292443296161300,-0.07308978,-0.99709618,-0.02138487,-0.83443534,-0.02829543,0.02350677,-0.99932313,1.91520166,0.99692392,-0.07243517,-0.02993138,-0.71146274
3,1598292443305138300,1598292443305076100,-0.07328531,-0.99707609,-0.02164841,-0.83438087,-0.02838730,0.02378348,-0.99931401,1.91492558,0.99690700,-0.07262051,-0.03004729,-0.70955670
3,1598292443314227400,1598292443314163200,-0.07317889,-0.99708217,-0.02172849,-0.83446044,-0.02803929,0.02383521,-0.99932259,1.91479778,0.99692470,-0.07252008,-0.02970173,-0.70858848
3,1598292443323065600,1598292443323013200,-0.07314673,-0.99710089,-0.02096255,-0.83467400,-0.02843313,0.02309523,-0.99932885,1.91462088,0.99691588,-0.07250157,-0.03004005,-0.71039653
3,1598292443332333700,1598292443332270900,-0.07352662,-0.99705768,-0.02167805,-0.83448559,-0.02813413,0.02380197,-0.99932075,1.91418481,0.99689639,-0.07286680,-0.02980144,-0.70538306
3,1598292443340999900,1598292443340938700,-0.07353863,-0.99706423,-0.02133500,-0.83476663,-0.02806641,0.02345355,-0.99933088,1.91428256,0.99689746,-0.07289061,-0.02970876,-0.70181108
3,1598292443350091100,1598292443350039000,-0.07317629,-0.99710095,-0.02085962,-0.83533835,-0.02819077,0.02297533,-0.99933845,1.91464090,0.99692059,-0.07253984,-0.02979031,-0.69737077
3,1598292443359043100,1598292443358948700,-0.07322356,-0.99708647,-0.02138026,-0.83533841,-0.02830690,0.02350701,-0.99932283,1.91459572,0.99691379,-0.07256874,-0.02994570,-0.69584763
3,1598292443368037700,1598292443367922400,-0.07325462,-0.99708825,-0.02118734,-0.83536959,-0.02805972,0.02329659,-0.99933475,1.91419876,0.99691850,-0.07261133,-0.02968461,-0.69332445
3,1598292443376994900,1598292443376909900,-0.07324567,-0.99708205,-0.02150748,-0.83494049,-0.02799362,0.02361237,-0.99932915,1.91415775,0.99692106,-0.07259440,-0.02964145,-0.69108498
3,1598292443385998800,1598292443385951500,-0.07319000,-0.99708247,-0.02167955,-0.83512557,-0.02819075,0.02379751,-0.99931926,1.91430449,0.99691957,-0.07252902,-0.02985025,-0.68604374
3,1598292443394789300,1598292443394765100,-0.07314470,-0.99708486,-0.02172251,-0.83528250,-0.02846648,0.02385925,-0.99930996,1.91437435,0.99691510,-0.07247591,-0.03012869,-0.68257225
3,1598292443403996400,1598292443403883600,-0.07300916,-0.99710310,-0.02133608,-0.83520508,-0.02836200,0.02346028,-0.99932235,1.91404176,0.99692798,-0.07235456,-0.02999266,-0.68340421
3,1598292443412813200,1598292443412763900,-0.07302985,-0.99708545,-0.02207565,-0.83481872,-0.02826203,0.02419487,-0.99930769,1.91391301,0.99692935,-0.07235539,-0.02994662,-0.68229294
3,1598292443421846700,1598292443421806200,-0.07301471,-0.99708766,-0.02202743,-0.83517396,-0.02798969,0.02412632,-0.99931699,1.91370153,0.99693811,-0.07234833,-0.02966976,-0.67837012
3,1598292443430776900,1598292443430702900,-0.07285392,-0.99710506,-0.02176873,-0.83541155,-0.02818582,0.02387644,-0.99931747,1.91446280,0.99694431,-0.07219061,-0.02984373,-0.67295790
3,1598292443439867800,1598292443439806300,-0.07284153,-0.99710560,-0.02178774,-0.83533406,-0.02837065,0.02390851,-0.99931151,1.91400778,0.99694002,-0.07217324,-0.03003008,-0.67491233
3,1598292443448770700,1598292443448728800,-0.07245308,-0.99712861,-0.02202789,-0.83545154,-0.02847406,0.02414490,-0.99930286,1.91305876,0.99696535,-0.07177529,-0.03014168,-0.67776597
3,1598292443457819300,1598292443457727700,-0.07239220,-0.99713987,-0.02171519,-0.83563960,-0.02786446,0.02378582,-0.99932867,1.91362548,0.99698699,-0.07173848,-0.02950669,-0.66944909
3,1598292443466686000,1598292443466638100,-0.07246318,-0.99714553,-0.02121422,-0.83578497,-0.02879518,0.02335289,-0.99931252,1.91357684,0.99695539,-0.07180253,-0.03040522,-0.66921306
3,1598292443475789500,1598292443475720400,-0.07237929,-0.99713254,-0.02209107,-0.83559513,-0.02809717,0.02417888,-0.99931270,1.91335452,0.99698138,-0.07170886,-0.02976667,-0.66761279
3,1598292443484610900,1598292443484531100,-0.07222125,-0.99714762,-0.02192917,-0.83588266,-0.02831358,0.02402744,-0.99931026,1.91389990,0.99698675,-0.07155052,-0.02996812,-0.66292381
3,1598292443494155600,1598292443494097400,-0.07223856,-0.99714833,-0.02183853,-0.83565497,-0.02833672,0.02393878,-0.99931175,1.91360331,0.99698484,-0.07157001,-0.02998522,-0.66226661
3,1598292443503564400,1598292443503511000,-0.07231387,-0.99714196,-0.02187893,-0.83581662,-0.02814756,0.02396794,-0.99931639,1.91405356,0.99698472,-0.07164860,-0.02980034,-0.66080582
3,1598292443512656500,1598292443512619400,-0.07225835,-0.99714339,-0.02199887,-0.83577317,-0.02802287,0.02407752,-0.99931723,1.91451573,0.99699229,-0.07159257,-0.02968264,-0.65358603
3,1598292443521474700,1598292443521326800,-0.07207143,-0.99716890,-0.02144856,-0.83626288,-0.02835964,0.02354457,-0.99932045,1.91444755,0.99699628,-0.07141417,-0.02997625,-0.65273559
3,1598292443530439900,1598292443530382700,-0.07219228,-0.99715137,-0.02185190,-0.83615172,-0.02810527,0.02393417,-0.99931836,1.91429448,0.99699473,-0.07152888,-0.02975308,-0.65237093
3,1598292443539255000,1598292443539194900,-0.07230955,-0.99713629,-0.02215394,-0.83570421,-0.02831115,0.02425518,-0.99930483,1.91421258,0.99698037,-0.07163206,-0.02998396,-0.64939404
3,1598292443548501600,1598292443548445400,-0.07222879,-0.99713731,-0.02237005,-0.83574665,-0.02787001,0.02443766,-0.99931276,1.91437805,0.99699873,-0.07155570,-0.02955534,-0.64635456
3,1598292443557206200,1598292443557163400,-0.07228827,-0.99715120,-0.02154221,-0.83610338,-0.02848426,0.02365391,-0.99931431,1.91380072,0.99697703,-0.07162508,-0.03011302,-0.64476812
3,1598292443566443100,1598292443566320400,-0.07229498,-0.99713683,-0.02217393,-0.83595335,-0.02815408,0.02426348,-0.99930906,1.91377068,0.99698585,-0.07162073,-0.02982760,-0.64367831
3,1598292443575246800,1598292443575206700,-0.07236373,-0.99713379,-0.02208588,-0.83606863,-0.02812427,0.02417516,-0.99931204,1.91375756,0.99698174,-0.07169276,-0.02979308,-0.64043403
3,1598292443584721200,1598292443584640400,-0.07223600,-0.99714381,-0.02205324,-0.83620149,-0.02828781,0.02415036,-0.99930805,1.91355813,0.99698645,-0.07156217,-0.02995155,-0.64122581
3,1598292443593163500,1598292443593116600,-0.07249102,-0.99712765,-0.02194841,-0.83627903,-0.02854589,0.02407158,-0.99930257,1.91364944,0.99696058,-0.07181388,-0.03020888,-0.63767111
3,1598292443602467700,1598292443602405200,-0.07257253,-0.99712062,-0.02199790,-0.83618701,-0.02841472,0.02411419,-0.99930531,1.91367340,0.99695837,-0.07189706,-0.03008294,-0.63654065
3,1598292443611096100,1598292443611041400,-0.07238489,-0.99713886,-0.02178517,-0.83639026,-0.02819968,0.02387986,-0.99931699,1.91381001,0.99697810,-0.07172111,-0.02984755,-0.63413668
3,1598292443620351900,1598292443620280500,-0.07249853,-0.99712765,-0.02191870,-0.83651429,-0.02867426,0.02405127,-0.99929941,1.91408372,0.99695629,-0.07181916,-0.03033559,-0.63139665
3,1598292443629065200,1598292443629008700,-0.07275799,-0.99711090,-0.02182317,-0.83648568,-0.02824464,0.02393239,-0.99931449,1.91366589,0.99694973,-0.07209173,-0.02990432,-0.62850273
3,1598292443638229400,1598292443638184100,-0.07278472,-0.99710745,-0.02189110,-0.83646226,-0.02827330,0.02400334,-0.99931198,1.91360903,0.99694693,-0.07211569,-0.02993860,-0.62560391
3,1598292443646965900,1598292443646912800,-0.07246640,-0.99713194,-0.02182945,-0.83684540,-0.02833356,0.02393632,-0.99931186,1.91356981,0.99696839,-0.07179803,-0.02998689,-0.62376630
3,1598292443656322400,1598292443656270300,-0.07260031,-0.99712902,-0.02151514,-0.83696020,-0.02867317,0.02364986,-0.99930900,1.91374350,0.99694890,-0.07193321,-0.03030785,-0.62113965
3,1598292443664933200,1598292443664895500,-0.07275724,-0.99710810,-0.02195481,-0.83693248,-0.02825603,0.02406512,-0.99931097,1.91372156,0.99694943,-0.07208675,-0.02992524,-0.61554706
3,1598292443674063200,1598292443674004200,-0.07274854,-0.99710691,-0.02203585,-0.83665562,-0.02825576,0.02414606,-0.99930906,1.91368926,0.99695003,-0.07207564,-0.02993062,-0.61362457
3,1598292443682861500,1598292443682782000,-0.07261142,-0.99712121,-0.02183898,-0.83695579,-0.02825267,0.02394440,-0.99931395,1.91325784,0.99696016,-0.07194459,-0.02990999,-0.61419463
3,1598292443692005300,1598292443691972200,-0.07266769,-0.99711180,-0.02207869,-0.83713043,-0.02828996,0.02418902,-0.99930704,1.91358078,0.99695492,-0.07199273,-0.02996603,-0.60934901
3,1598292443700831500,1598292443700777300,-0.07272798,-0.99710292,-0.02228500,-0.83708274,-0.02824329,0.02439424,-0.99930334,1.91366816,0.99695194,-0.07204792,-0.02993562,-0.60488880
3,1598292443709986100,1598292443709926000,-0.07265687,-0.99710536,-0.02240645,-0.83678752,-0.02819315,0.02451019,-0.99930197,1.91336060,0.99695849,-0.07197443,-0.02989238,-0.60413539
3,1598292443718759600,1598292443718716900,-0.07253331,-0.99712443,-0.02195203,-0.83698070,-0.02824422,0.02405474,-0.99931157,1.91283059,0.99696600,-0.07186335,-0.02990779,-0.60662794
3,1598292443728078500,1598292443728022400,-0.07242456,-0.99712491,-0.02228538,-0.83713031,-0.02801224,0.02436886,-0.99931049,1.91299903,0.99698055,-0.07175037,-0.02969662,-0.60264289
3,1598292443736732100,1598292443736684700,-0.07209229,-0.99714923,-0.02227921,-0.83723748,-0.02800616,0.02435232,-0.99931103,1.91302276,0.99700475,-0.07141864,-0.02968195,-0.60024250
3,1598292443745878500,1598292443745848900,-0.07196376,-0.99715877,-0.02226695,-0.83731490,-0.02778750,0.02432057,-0.99931794,1.91284752,0.99702018,-0.07129595,-0.02945876,-0.59944463
3,1598292443754692100,1598292443754658800,-0.07201067,-0.99715769,-0.02216386,-0.83746308,-0.02776457,0.02421700,-0.99932110,1.91285396,0.99701744,-0.07134637,-0.02942954,-0.59569633
3,1598292443764093600,1598292443764032000,-0.07209641,-0.99714369,-0.02251003,-0.83736640,-0.02794017,0.02457903,-0.99930733,1.91270995,0.99700636,-0.07141754,-0.02963244,-0.59415400
3,1598292443772626000,1598292443772565200,-0.07201394,-0.99715209,-0.02240237,-0.83736432,-0.02794616,0.02446912,-0.99930990,1.91246259,0.99701214,-0.07133815,-0.02962870,-0.59194791
3,1598292443781823300,1598292443781785600,-0.07187438,-0.99716359,-0.02233829,-0.83739829,-0.02766036,0.02438033,-0.99932003,1.91222322,0.99703020,-0.07120761,-0.02933424,-0.59093976
3,1598292443790621800,1598292443790566100,-0.07209289,-0.99715304,-0.02210216,-0.83755958,-0.02817012,0.02418665,-0.99931049,1.91225982,0.99700010,-0.07142058,-0.02983362,-0.58641517
3,1598292443799734700,1598292443799679100,-0.07215008,-0.99714720,-0.02217846,-0.83762550,-0.02797470,0.02425082,-0.99931443,1.91223168,0.99700141,-0.07148015,-0.02964460,-0.58446825
3,1598292443808512800,1598292443808468800,-0.07198232,-0.99715656,-0.02230500,-0.83789611,-0.02813754,0.02438428,-0.99930656,1.91208649,0.99700898,-0.07130480,-0.02981278,-0.58353186
3,1598292443817656100,1598292443817590600,-0.07202324,-0.99716163,-0.02194205,-0.83780468,-0.02845830,0.02404473,-0.99930573,1.91202521,0.99699694,-0.07134882,-0.03010932,-0.58256519
3,1598292443826448600,1598292443826418300,-0.07205218,-0.99714792,-0.02246187,-0.83793354,-0.02844285,0.02456543,-0.99929351,1.91222048,0.99699527,-0.07136238,-0.03013173,-0.57657683
3,1598292443835669400,1598292443835625700,-0.07210016,-0.99714875,-0.02227129,-0.83811486,-0.02805327,0.02434799,-0.99930984,1.91238189,0.99700284,-0.07142568,-0.02972879,-0.57392073
3,1598292443844451800,1598292443844391000,-0.07212552,-0.99713761,-0.02268583,-0.83790869,-0.02816980,0.02477254,-0.99929613,1.91219854,0.99699777,-0.07143569,-0.02987591,-0.57012296
3,1598292443853604300,1598292443853575500,-0.07207277,-0.99715090,-0.02226737,-0.83813071,-0.02820341,0.02435399,-0.99930549,1.91189969,0.99700058,-0.07139465,-0.02987832,-0.56991613
3,1598292443862424100,1598292443862370100,-0.07217285,-0.99713999,-0.02242819,-0.83822876,-0.02838032,0.02453087,-0.99929613,1.91193867,0.99698842,-0.07148555,-0.03006963,-0.56931889
3,1598292443871636000,1598292443871593500,-0.07223296,-0.99713618,-0.02240640,-0.83835840,-0.02812685,0.02449265,-0.99930423,1.91202140,0.99699116,-0.07155249,-0.02981549,-0.56623483
