0,1595956527491003600,1595956527490869300,-0.18432745,-0.73445398,-0.65314680,0.46840107,0.31091332,0.58683664,-0.74763334,1.51387322,0.93239272,-0.34088135,0.12018141,0.06994236
0,1595956527500985600,1595956527500861000,-0.18155538,-0.73501062,-0.65329701,0.46882832,0.31622997,0.58541340,-0.74651843,1.51347768,0.93114775,-0.34212652,0.12614745,0.06858540
0,1595956527509905700,1595956527509791600,-0.17887278,-0.73557204,-0.65340513,0.46924788,0.32192355,0.58380282,-0.74534518,1.51303720,0.92971480,-0.34366843,0.13237154,0.06721175
0,1595956527519019000,1595956527518908000,-0.17544831,-0.73610091,-0.65373796,0.46966884,0.32871622,0.58212781,-0.74368864,1.51244235,0.92798889,-0.34537315,0.13983499,0.06557846
0,1595956527527840900,1595956527527750400,-0.17188579,-0.73691308,-0.65376931,0.47021425,0.33619800,0.57992196,-0.74206561,1.51165628,0.92597306,-0.34734643,0.14806837,0.06360626
0,1595956527537118100,1595956527536967200,-0.16767935,-0.73760891,-0.65407699,0.47093415,0.34481251,0.57768351,-0.73985541,1.51094425,0.92357343,-0.34959236,0.15747118,0.06137919
0,1595956527545885900,1595956527545685400,-0.16332185,-0.73854166,-0.65412700,0.47162861,0.35395059,0.57502615,-0.73760688,1.51008797,0.92089349,-0.35199594,0.16749293,0.05921054
0,1595956527555019000,1595956527554861700,-0.15826266,-0.73942065,-0.65437758,0.47238350,0.36487311,0.57202572,-0.73461157,1.50888038,0.91750771,-0.35502633,0.17926440,0.05637455
0,1595956527563806600,1595956527563664200,-0.15286885,-0.74083197,-0.65406352,0.47322482,0.37597537,0.56847566,-0.73176354,1.50783062,0.91393298,-0.35777560,0.19163238,0.05359674
0,1595956527573058300,1595956527572869800,-0.14660220,-0.74197298,-0.65420467,0.47411111,0.38871387,0.56493747,-0.72783732,1.50658894,0.90962034,-0.36100096,0.20559412,0.05043781
0,1595956527581734800,1595956527581623500,-0.14023763,-0.74354291,-0.65381742,0.47495705,0.40171048,0.56082422,-0.72395086,1.50527477,0.90496516,-0.36417046,0.22004034,0.04726052
0,1595956527590794700,1595956527590663700,-0.13312061,-0.74523556,-0.65337795,0.47589254,0.41656494,0.55611640,-0.71917188,1.50345731,0.89930665,-0.36791095,0.23640846,0.04335713
0,1595956527599671300,1595956527599561700,-0.12542288,-0.74691826,-0.65297943,0.47694191,0.43151066,0.55158961,-0.71382588,1.50185156,0.89334625,-0.37129766,0.25312123,0.03956079
0,1595956527608765600,1595956527608643700,-0.11719358,-0.74935830,-0.65171134,0.47796869,0.44787043,0.54583168,-0.70815241,1.50006628,0.88638461,-0.37487316,0.27164745,0.03525794
0,1595956527617773300,1595956527617600700,-0.10835773,-0.75158161,-0.65067935,0.47892570,0.46455473,0.54038727,-0.70154864,1.49805236,0.87888986,-0.37829438,0.29059565,0.03106678
0,1595956527626754200,1595956527626614800,-0.09886042,-0.75438923,-0.64894027,0.47995251,0.48317352,0.53371102,-0.69404316,1.49547958,0.86992520,-0.38216412,0.31173798,0.02596271
0,1595956527635633400,1595956527635471400,-0.08911186,-0.75700718,-0.64730144,0.48108882,0.50120884,0.52752739,-0.68593335,1.49309468,0.86072564,-0.38555798,0.33240974,0.02117038
0,1595956527644657400,1595956527644546200,-0.07802987,-0.76041949,-0.64472741,0.48205858,0.52084047,0.52033401,-0.67674053,1.49042439,0.85008025,-0.38860610,0.35545564,0.01594448
0,1595956527653559500,1595956527653455400,-0.06763738,-0.76376659,-0.64193898,0.48307031,0.54094905,0.51255745,-0.66682750,1.48727310,0.83833122,-0.39235875,0.37849078,0.01021028
0,1595956527662716700,1595956527662562200,-0.05548229,-0.76741862,-0.63874120,0.48421514,0.56206149,0.50473219,-0.65523452,1.48409629,0.82523239,-0.39536574,0.40333274,0.00446761
0,1595956527671538800,1595956527671403300,-0.04364368,-0.77133554,-0.63493043,0.48518014,0.58301103,0.49643263,-0.64315844,1.48069072,0.81129116,-0.39824122,0.42803097,-0.00118864
0,1595956527680562900,1595956527680447200,-0.03058716,-0.77613646,-0.62982267,0.48595297,0.60441619,0.48749751,-0.63010097,1.47696674,0.79608130,-0.39994800,0.45419824,-0.00720549
0,1595956527689430000,1595956527689318200,-0.01733170,-0.78095758,-0.62434351,0.48676616,0.62664199,0.47809693,-0.61542106,1.47278762,0.77911448,-0.40190613,0.48109457,-0.01373351
0,1595956527698487000,1595956527698366000,-0.00324527,-0.78582788,-0.61843675,0.48764688,0.64946061,0.46860075,-0.59884405,1.46849728,0.76038826,-0.40359369,0.50884354,-0.02028966
0,1595956527707398900,1595956527707222200,0.00984415,-0.79108125,-0.61163181,0.48825738,0.67169827,0.45834735,-0.58201295,1.46380925,0.74075937,-0.40510258,0.53587997,-0.02652383
0,1595956527716589100,1595956527716427200,0.02519292,-0.79758972,-0.60267395,0.48861933,0.69487160,0.44738367,-0.56302869,1.45883131,0.71869236,-0.40459666,0.56549335,-0.03329420
0,1595956527725344800,1595956527725217200,0.03955844,-0.80363202,-0.59381020,0.48902065,0.71751726,0.43643865,-0.54285383,1.45332754,0.69541645,-0.40459463,0.59388471,-0.04046392
0,1595956527734442800,1595956527734318800,0.05523128,-0.81030393,-0.58340120,0.48936260,0.74010926,0.42542484,-0.52081853,1.44762325,0.67021465,-0.40301520,0.62321019,-0.04762888
0,1595956527743357200,1595956527743187800,0.07036009,-0.81711030,-0.57217145,0.48949581,0.76226747,0.41402426,-0.49752608,1.44161355,0.64342654,-0.40114170,0.65198731,-0.05445170
0,1595956527752367500,1595956527752260800,0.08648086,-0.82477075,-0.55881500,0.48918623,0.78444111,0.40215254,-0.47214985,1.43518996,0.61414427,-0.39752555,0.68176252,-0.06170058
0,1595956527761308400,1595956527761151800,0.10115966,-0.83225900,-0.54507941,0.48892030,0.80592442,0.38979173,-0.44558749,1.42816103,0.58331168,-0.39421734,0.71016902,-0.06935716
0,1595956527770361900,1595956527770243600,0.11690930,-0.84010100,-0.52968144,0.48846334,0.82695103,0.37769905,-0.41652778,1.42073607,0.54998559,-0.38932464,0.73887891,-0.07658851
0,1595956527779176800,1595956527779053700,0.13129722,-0.84864348,-0.51241112,0.48769879,0.84674859,0.36480406,-0.38721409,1.41330659,0.51553643,-0.38304329,0.76648545,-0.08360672
0,1595956527788373100,1595956527788266300,0.14675649,-0.85694152,-0.49407867,0.48669899,0.86637723,0.35238999,-0.35385266,1.40460491,0.47733939,-0.37612835,0.79415011,-0.09148574
0,1595956527797109100,1595956527796999600,0.16067353,-0.86540997,-0.47460464,0.48557079,0.88382012,0.34020361,-0.32112840,1.39647889,0.43936989,-0.36786830,0.81952846,-0.09829545
0,1595956527806529400,1595956527806314800,0.17559385,-0.87442338,-0.45227259,0.48412120,0.90077782,0.32806548,-0.28455633,1.38735580,0.39719772,-0.35743079,0.84526747,-0.10515177
0,1595956527816423800,1595956527816296700,0.18916249,-0.88482553,-0.42579484,0.48208302,0.91767383,0.31359774,-0.24399018,1.37727451,0.34941703,-0.34458697,0.87130213,-0.11246669
0,1595956527825125500,1595956527824988500,0.20131662,-0.89297777,-0.40256956,0.48012865,0.93064302,0.30258060,-0.20578742,1.36767447,0.30557334,-0.33322015,0.89195800,-0.11938953
0,1595956527834281400,1595956527834131900,0.21258418,-0.90201384,-0.37573779,0.47776592,0.94244570,0.29083037,-0.16496590,1.35771596,0.25807747,-0.31904331,0.91192502,-0.12558103
0,1595956527843202200,1595956527843019600,0.22286728,-0.91056043,-0.34815207,0.47519928,0.95176876,0.28049350,-0.12433675,1.34755111,0.21087050,-0.30364966,0.92915571,-0.13094950
0,1595956527852230100,1595956527852058700,0.23066786,-0.91945082,-0.31843755,0.47228631,0.95951551,0.26929733,-0.08251602,1.33714938,0.16162381,-0.28651199,0.94434553,-0.13640332
0,1595956527861053900,1595956527860917700,0.23899288,-0.92713308,-0.28862888,0.46920279,0.96455789,0.26091081,-0.03941559,1.32631516,0.11184989,-0.26897922,0.95662934,-0.14183283
0,1595956527870221400,1595956527870076300,0.24538866,-0.93467045,-0.25724602,0.46578726,0.96757668,0.25251785,0.00548675,1.31514597,0.05983090,-0.25025165,0.96633029,-0.14615202
0,1595956527878990500,1595956527878845900,0.24979500,-0.94192660,-0.22444761,0.46232629,0.96825039,0.24529420,0.04818534,1.30451906,0.00966864,-0.22935796,0.97329408,-0.15014195
0,1595956527888162400,1595956527887977500,0.25303662,-0.94852191,-0.19046932,0.45841387,0.96646327,0.23891006,0.09418442,1.29306757,-0.04383096,-0.20791371,0.97716451,-0.15417171
0,1595956527896930200,1595956527896767600,0.25459188,-0.95432198,-0.15637250,0.45470512,0.96245205,0.23430018,0.13707460,1.28230953,-0.09417521,-0.18539912,0.97814006,-0.15735996
0,1595956527905993100,1595956527905882200,0.25371295,-0.95972812,-0.12062971,0.45052052,0.95606154,0.22987486,0.18194447,1.27075410,-0.14688751,-0.16149111,0.97588140,-0.15966606
0,1595956527914922700,1595956527914785400,0.25127211,-0.96418273,-0.08493406,0.44642872,0.94723225,0.22691028,0.22641271,1.25971174,-0.19903085,-0.13734350,0.97032124,-0.16158009
0,1595956527924138000,1595956527924036300,0.24792379,-0.96766204,-0.04651773,0.44186363,0.93578517,0.22677924,0.26995790,1.24819636,-0.25067878,-0.11045960,0.96174771,-0.16311407
0,1595956527932829500,1595956527932688800,0.24199018,-0.97021788,-0.01085957,0.43767095,0.92295927,0.22672169,0.31103602,1.23765349,-0.29931062,-0.08529061,0.95033598,-0.16407418
0,1595956527941878600,1595956527941728800,0.23458537,-0.97173285,0.02654912,0.43296504,0.90703601,0.22862720,0.35357484,1.22655284,-0.34965014,-0.05886250,0.93502933,-0.16414201
0,1595956527950705400,1595956527950594900,0.22409651,-0.97246951,0.06390346,0.42896527,0.89020216,0.23094347,0.39268970,1.21585381,-0.39663687,-0.03111342,0.91744810,-0.16368008
0,1595956527959842900,1595956527959735200,0.21270248,-0.97167605,0.10297186,0.42432928,0.86996752,0.23630373,0.43280134,1.20518613,-0.44487533,-0.00247577,0.89558899,-0.16266310
0,1595956527968766200,1595956527968616400,0.19913299,-0.97010857,0.13869134,0.41980824,0.84859413,0.24148560,0.47071508,1.19507563,-0.49013671,0.02395773,0.87131619,-0.16128957
0,1595956527977860800,1595956527977731400,0.18442102,-0.96691763,0.17623584,0.41520369,0.82485002,0.24976717,0.50718707,1.18481469,-0.53442603,0.05183217,0.84362441,-0.15923166
0,1595956527986623000,1595956527986488600,0.16676377,-0.96297938,0.21180286,0.41161716,0.80054641,0.25763854,0.54106170,1.17510867,-0.57559985,0.07932851,0.81387442,-0.15669835
0,1595956527995732300,1595956527995613800,0.14710306,-0.95717824,0.24934006,0.40731153,0.77359360,0.26841950,0.57402426,1.16545463,-0.61637121,0.10844713,0.77995229,-0.15349495
0,1595956528004623600,1595956528004533900,0.12714234,-0.95056254,0.28331184,0.40316412,0.74535036,0.28001693,0.60501510,1.15637147,-0.65443683,0.13424353,0.74410415,-0.14998233
0,1595956528013785100,1595956528013654200,0.10256319,-0.94238961,0.31840634,0.39994854,0.71593767,0.29216003,0.63409442,1.14725626,-0.69058955,0.16292433,0.70465708,-0.14575386
0,1595956528022538700,1595956528022415600,0.07891532,-0.93320721,0.35056615,0.39626142,0.68608499,0.30597132,0.66005224,1.13906026,-0.72322869,0.18842991,0.66440523,-0.14104605
0,1595956528031869700,1595956528031619700,0.05317839,-0.92241418,0.38252327,0.39261627,0.65321100,0.32187411,0.68535566,1.13079131,-0.75530612,0.21342227,0.61964786,-0.13594973
0,1595956528040554400,1595956528040410900,0.02643345,-0.91131532,0.41085956,0.38925391,0.62024325,0.33727598,0.70819712,1.12353158,-0.78396398,0.23611276,0.57415253,-0.13092196
0,1595956528049692900,1595956528049544100,-0.00265588,-0.89796299,0.44006291,0.38686171,0.58611548,0.35515389,0.72824055,1.11596322,-0.81022310,0.25986180,0.52536678,-0.12480247
0,1595956528058416700,1595956528058319000,-0.03131871,-0.88403255,0.46637478,0.38413709,0.55189520,0.37372828,0.74547893,1.10946655,-0.83332515,0.28073740,0.47618866,-0.11852121
0,1595956528067786900,1595956528067633500,-0.06509967,-0.86857224,0.49126795,0.38165060,0.51516700,0.39237788,0.76199901,1.10305083,-0.85461390,0.30269092,0.42191613,-0.11196399
0,1595956528076403600,1595956528076282800,-0.09456120,-0.85367453,0.51215029,0.37951583,0.47933540,0.41185138,0.77499419,1.09797192,-0.87252259,0.31877610,0.37025124,-0.10597980
0,1595956528085591100,1595956528085433400,-0.12771961,-0.83561343,0.53426379,0.37823009,0.44225219,0.43417633,0.78479546,1.09230471,-0.88775033,0.33651307,0.31409901,-0.09876156
0,1595956528094311400,1595956528094203200,-0.16116622,-0.81840765,0.55157441,0.37675858,0.40654945,0.45420572,0.79272610,1.08755374,-0.89930141,0.35200292,0.25952053,-0.09166014
0,1595956528103481900,1595956528103344000,-0.19580030,-0.79960942,0.56770331,0.37575388,0.36770371,0.47680768,0.79840368,1.08360815,-0.90909636,0.36507425,0.20066024,-0.08488154
0,1595956528112319500,1595956528112172600,-0.22998591,-0.78022641,0.58168131,0.37557140,0.33157161,0.49912271,0.80058527,1.07973790,-0.91496813,0.37699234,0.14390974,-0.07726216
0,1595956528121777300,1595956528121626400,-0.26749745,-0.75900012,0.59360242,0.37524897,0.29349315,0.52259856,0.80047011,1.07610226,-0.91777271,0.38834196,0.08296756,-0.06927860
0,1595956528131225000,1595956528131107900,-0.30606726,-0.73665702,0.60304165,0.37557209,0.25427678,0.54717124,0.79746282,1.07302117,-0.91742361,0.39741671,0.01984358,-0.06126761
0,1595956528140252500,1595956528140130900,-0.34244055,-0.71485353,0.60968757,0.37610686,0.21711096,0.57115018,0.79161245,1.07096493,-0.91411006,0.40345004,-0.04038244,-0.05388868
0,1595956528149342900,1595956528149223900,-0.37837121,-0.69325840,0.61337429,0.37780061,0.18083169,0.59451216,0.78348911,1.06905878,-0.90781885,0.40736720,-0.09958319,-0.04580307
0,1595956528158258100,1595956528158060200,-0.41401756,-0.67168921,0.61434764,0.37921193,0.14608465,0.61713099,0.77318084,1.06740737,-0.89847022,0.40985715,-0.15737955,-0.03830206
0,1595956528167704200,1595956528167327400,-0.45191750,-0.64737397,0.61374056,0.38143280,0.11124241,0.64173591,0.75881493,1.06645346,-0.88509643,0.41119573,-0.21799627,-0.03086603
0,1595956528177172500,1595956528176969000,-0.48946866,-0.62397033,0.60916448,0.38445458,0.07464373,0.66602272,0.74218732,1.06625307,-0.86882031,0.40874776,-0.27942178,-0.02294755
0,1595956528186195700,1595956528186048000,-0.52515227,-0.60131216,0.60219491,0.38731700,0.04142383,0.68872440,0.72383893,1.06626856,-0.84999949,0.40507087,-0.33677652,-0.01550436
0,1595956528195261200,1595956528195139500,-0.56014806,-0.57780403,0.59361315,0.39085972,0.00990484,0.71186173,0.70224983,1.06640720,-0.82833332,0.39924350,-0.39302489,-0.00894690
0,1595956528204083300,1595956528203933400,-0.59282231,-0.55675328,0.58188272,0.39441150,-0.02016996,0.73257446,0.68038797,1.06734610,-0.80508059,0.39161262,-0.44551620,-0.00232410
0,1595956528213391600,1595956528213171400,-0.62719023,-0.53366482,0.56730437,0.39914447,-0.04982774,0.75437254,0.65455270,1.06869078,-0.77727056,0.38226157,-0.49972641,0.00455058
0,1595956528222137300,1595956528221961500,-0.65834087,-0.51228201,0.55150199,0.40348473,-0.07674365,0.77454191,0.62784970,1.06988311,-0.74879748,0.37101483,-0.54922694,0.01033103
0,1595956528231201300,1595956528231068500,-0.68947041,-0.49125445,0.53225893,0.40867668,-0.10357507,0.79416263,0.59881377,1.07199204,-0.71687007,0.35773557,-0.59843338,0.01605606
0,1595956528240034100,1595956528239868900,-0.71899080,-0.47060332,0.51145357,0.41387075,-0.12788880,0.81289953,0.56818908,1.07415438,-0.68315202,0.34311348,-0.64465213,0.02157581
0,1595956528249115500,1595956528248979100,-0.74736065,-0.45115089,0.48776525,0.42008150,-0.15144292,0.83046806,0.53608567,1.07689428,-0.64692897,0.32678071,-0.68898273,0.02675331
0,1595956528257934200,1595956528257795800,-0.77388865,-0.43232647,0.46280688,0.42590871,-0.17277125,0.84715980,0.50246429,1.07924473,-0.60930002,0.30889165,-0.73030090,0.03073955
0,1595956528267143200,1595956528267003100,-0.80048281,-0.41281611,0.43452284,0.43263051,-0.19257814,0.86369282,0.46577713,1.08252406,-0.56757456,0.28916699,-0.77087063,0.03461492
0,1595956528275923500,1595956528275781400,-0.82342780,-0.39634314,0.40605259,0.43914327,-0.21065548,0.87799793,0.42981842,1.08580625,-0.52686894,0.26838726,-0.80645978,0.03834414
0,1595956528284998700,1595956528284909800,-0.84611237,-0.37997544,0.37378141,0.44670025,-0.22715725,0.89146531,0.39203218,1.08975291,-0.48217577,0.24679610,-0.84059399,0.04157674
0,1595956528293901200,1595956528293739200,-0.86616433,-0.36485842,0.34152257,0.45371759,-0.24150920,0.90386987,0.35311833,1.09290600,-0.43753016,0.22337766,-0.87101656,0.04336452
0,1595956528303093300,1595956528302901000,-0.88499993,-0.35074916,0.30618638,0.46151111,-0.25445816,0.91509968,0.31279960,1.09713805,-0.38990530,0.19891600,-0.89911419,0.04521477
0,1595956528312391500,1595956528312198500,-0.90215784,-0.33858910,0.26733631,0.46930110,-0.26713762,0.92503333,0.27009404,1.10128522,-0.33874589,0.17225184,-0.92497599,0.04715633
0,1595956528321577500,1595956528321420800,-0.91656440,-0.32783070,0.22899070,0.47741538,-0.27698800,0.93349421,0.22774164,1.10583818,-0.28842220,0.14531219,-0.94641274,0.04786575
0,1595956528330076700,1595956528329933100,-0.92813087,-0.31843841,0.19279559,0.48507732,-0.28362128,0.94036365,0.18781681,1.11019516,-0.24110606,0.11963765,-0.96309638,0.04799831
0,1595956528339306500,1595956528339166200,-0.93870509,-0.30932862,0.15214656,0.49408212,-0.28862399,0.94658715,0.14376709,1.11489761,-0.18849126,0.09104174,-0.97784579,0.04726183
0,1595956528348071600,1595956528347870500,-0.94598883,-0.30391371,0.11287820,0.50203365,-0.29317331,0.95056653,0.10233611,1.11904371,-0.13839959,0.06371594,-0.98832476,0.04667199
0,1595956528357298300,1595956528357072700,-0.95164931,-0.29876047,0.07145490,0.51060987,-0.29498029,0.95368809,0.05886947,1.12386358,-0.08573357,0.03494530,-0.99570507,0.04476488
0,1595956528365923200,1595956528365792300,-0.95527613,-0.29402196,0.03160042,0.51957273,-0.29359451,0.95576960,0.01751297,1.12843072,-0.03535192,0.00745201,-0.99934715,0.04231048
0,1595956528375087300,1595956528374961000,-0.95586151,-0.29363391,-0.01038942,0.52809399,-0.29329190,0.95566875,-0.02602047,1.13276911,0.01756934,-0.02182484,-0.99960744,0.03969741
0,1595956528383995100,1595956528383815200,-0.95497197,-0.29227135,-0.05104932,0.53742272,-0.28881121,0.95513266,-0.06564847,1.13766110,0.06794604,-0.04794883,-0.99653614,0.03611219
0,1595956528393158000,1595956528392974400,-0.95213217,-0.29062501,-0.09477061,0.54517919,-0.28021362,0.95368701,-0.10936842,1.13921309,0.12216670,-0.07757717,-0.98947316,0.02855420
0,1595956528401904000,1595956528401761800,-0.94665581,-0.29321384,-0.13367283,0.55379355,-0.27332482,0.95032686,-0.14890420,1.14335918,0.17069365,-0.10442493,-0.97977507,0.02366984
0,1595956528411007100,1595956528410866800,-0.93819642,-0.29924104,-0.17390285,0.56196702,-0.26650947,0.94519454,-0.18862663,1.14718103,0.22081685,-0.13062209,-0.96652877,0.01838100
0,1595956528419897900,1595956528419705200,-0.92887533,-0.30342531,-0.21242334,0.57072377,-0.25550830,0.94011939,-0.22559033,1.15132320,0.26815313,-0.15526937,-0.95078140,0.01251161
0,1595956528428930800,1595956528428810100,-0.91709709,-0.30951020,-0.25126937,0.57841909,-0.24252421,0.93337959,-0.26454583,1.15372622,0.31640935,-0.18167531,-0.93106347,0.00407040
0,1595956528437833700,1595956528437670400,-0.90320003,-0.31926996,-0.28687343,0.58569759,-0.23197047,0.92543435,-0.29960129,1.15648592,0.36113623,-0.20405373,-0.90991354,-0.00230920
0,1595956528447007400,1595956528446846000,-0.88770789,-0.32872987,-0.32235292,0.59358102,-0.21801892,0.91680926,-0.33455715,1.16003120,0.40551507,-0.22670998,-0.88552815,-0.01008546
0,1595956528455734300,1595956528455580600,-0.87152380,-0.33782706,-0.35541397,0.60010266,-0.20265943,0.90816748,-0.36627996,1.16235733,0.44651470,-0.24719372,-0.85995340,-0.01843882
0,1595956528464864300,1595956528464727800,-0.85310966,-0.34931654,-0.38753304,0.60705435,-0.18680562,0.89805025,-0.39825794,1.16515124,0.48714224,-0.26736435,-0.83138967,-0.02651095
0,1595956528473609000,1595956528473515500,-0.83369333,-0.36207622,-0.41696075,0.61302072,-0.17207068,0.88778657,-0.42688012,1.16734338,0.52473533,-0.28414035,-0.80244446,-0.03438973
0,1595956528482806800,1595956528482643300,-0.81321847,-0.37500420,-0.44502541,0.61906952,-0.15514714,0.87672943,-0.45527446,1.16966856,0.56089669,-0.30119315,-0.77115339,-0.04283178
0,1595956528491622700,1595956528491478700,-0.79235792,-0.38785449,-0.47089043,0.62425578,-0.13790031,0.86577296,-0.48106202,1.17123818,0.59426630,-0.31623736,-0.73948735,-0.05195725
0,1595956528500778100,1595956528500636900,-0.76968914,-0.40118423,-0.49661833,0.62965530,-0.11924933,0.85454226,-0.50550681,1.17302084,0.62718272,-0.32986170,-0.70557290,-0.06087077
0,1595956528509578400,1595956528509425000,-0.74745011,-0.41515169,-0.51862061,0.63429099,-0.10211790,0.84320515,-0.52780396,1.17452359,0.65642226,-0.34154668,-0.67264825,-0.06946313
0,1595956528518742400,1595956528518591900,-0.72404361,-0.42950070,-0.53971291,0.63885266,-0.08378800,0.83144408,-0.54925430,1.17597008,0.68464619,-0.35246262,-0.63798881,-0.07845449
0,1595956528527457500,1595956528527354700,-0.70104206,-0.44399408,-0.55804056,0.64274126,-0.06629338,0.81972104,-0.56891358,1.17678297,0.71003181,-0.36183795,-0.60409284,-0.08778381
0,1595956528536714800,1595956528536621300,-0.67628521,-0.45918846,-0.57600713,0.64682633,-0.04757225,0.80753112,-0.58790332,1.17781138,0.73510218,-0.37018836,-0.56796598,-0.09672368
0,1595956528545538500,1595956528545358400,-0.65272838,-0.47362149,-0.59129375,0.65000498,-0.03045760,0.79626554,-0.60418004,1.17844141,0.75697953,-0.37635607,-0.53417051,-0.10515094
0,1595956528554566500,1595956528554471900,-0.62871289,-0.48831394,-0.60520208,0.65306532,-0.01250613,0.78450590,-0.61999524,1.17883599,0.77753693,-0.38223025,-0.49933591,-0.11434853
0,1595956528563451600,1595956528563276800,-0.60524052,-0.50222009,-0.61762357,0.65593219,0.00473350,0.77358317,-0.63367707,1.17923713,0.79602861,-0.38645053,-0.46582663,-0.12264693
0,1595956528572669200,1595956528572518000,-0.58105862,-0.51667601,-0.62882173,0.65851021,0.02214867,0.76231450,-0.64682764,1.17944288,0.81356025,-0.38977230,-0.43150574,-0.13119459
0,1595956528581386400,1595956528581244100,-0.55829310,-0.53036779,-0.63798022,0.66049629,0.03828634,0.75169146,-0.65840268,1.17960858,0.82875985,-0.39200759,-0.39935833,-0.13914788
0,1595956528590536900,1595956528590424300,-0.53494388,-0.54427367,-0.64622068,0.66253036,0.05501831,0.74079591,-0.66947317,1.17945957,0.84309429,-0.39368451,-0.36633921,-0.14774346
0,1595956528599361200,1595956528599146600,-0.51331317,-0.55664915,-0.65318549,0.66433716,0.07055055,0.73116297,-0.67854500,1.17939842,0.85529655,-0.39438865,-0.33604369,-0.15535283
0,1595956528608579800,1595956528608424100,-0.49059474,-0.56992072,-0.65917158,0.66595167,0.08619807,0.72101122,-0.68754107,1.17900300,0.86711395,-0.39412332,-0.30459827,-0.16295755
0,1595956528617306600,1595956528617118400,-0.46989530,-0.58202791,-0.66365796,0.66685528,0.10040035,0.71171248,-0.69525898,1.17872834,0.87699378,-0.39333040,-0.27599457,-0.17006207
0,1595956528626372800,1595956528626237800,-0.44898173,-0.59362590,-0.66785008,0.66809529,0.11488152,0.70286673,-0.70198327,1.17828441,0.88612503,-0.39190128,-0.24737768,-0.17753625
0,1595956528635213500,1595956528635079800,-0.42951053,-0.60502565,-0.67042124,0.66894311,0.12824324,0.69399846,-0.70846301,1.17794704,0.89390957,-0.39026931,-0.22048920,-0.18431401
0,1595956528644371000,1595956528644276600,-0.40981889,-0.61594123,-0.67280370,0.66986507,0.14113109,0.68589061,-0.71388799,1.17711985,0.90118283,-0.38751829,-0.19416249,-0.19065332
0,1595956528653344700,1595956528653073800,-0.39149857,-0.62633967,-0.67411226,0.67005265,0.15338695,0.67791820,-0.71895713,1.17669499,0.90730441,-0.38487071,-0.16933168,-0.19675577
0,1595956528662387700,1595956528662240000,-0.37367833,-0.63620311,-0.67498893,0.67045641,0.16543898,0.67032266,-0.72339302,1.17612410,0.91268528,-0.38198575,-0.14523228,-0.20289207
0,1595956528671283900,1595956528671066900,-0.35732025,-0.64514178,-0.67536229,0.67094749,0.17593697,0.66366118,-0.72704881,1.17516351,0.91726136,-0.37861046,-0.12363529,-0.20796931
0,1595956528680553000,1595956528680388300,-0.34049895,-0.65426761,-0.67527348,0.67083001,0.18682866,0.65678865,-0.73056394,1.17453349,0.92149633,-0.37491670,-0.10139991,-0.21349204
0,1595956528689181600,1595956528688980200,-0.32624257,-0.66162050,-0.67514747,0.67115813,0.19639143,0.65120113,-0.73305351,1.17402327,0.92466003,-0.37174642,-0.08251294,-0.21829844
0,1595956528698335600,1595956528698183300,-0.31213492,-0.66947520,-0.67407322,0.67117387,0.20591086,0.64498359,-0.73593265,1.17341411,0.92745483,-0.36850926,-0.06346969,-0.22316349
0,1595956528707030400,1595956528706903900,-0.29941404,-0.67595494,-0.67337668,0.67139411,0.21388479,0.64024204,-0.73779631,1.17236078,0.92984110,-0.36493158,-0.04712098,-0.22691929
0,1595956528716282500,1595956528716142500,-0.28671759,-0.68271804,-0.67207819,0.67096901,0.22205710,0.63506609,-0.73985249,1.17174721,0.93192470,-0.36136845,-0.03048225,-0.23112166
0,1595956528725155900,1595956528724942700,-0.27547958,-0.68845779,-0.67092240,0.67111796,0.22949870,0.63064623,-0.74136066,1.17138827,0.93351024,-0.35820556,-0.01573000,-0.23459899
0,1595956528734286700,1595956528734137700,-0.26565495,-0.69355261,-0.66963583,0.67090023,0.23623924,0.62658602,-0.74268496,1.17079961,0.93467557,-0.35549217,-0.00261134,-0.23813224
0,1595956528743846300,1595956528743668800,-0.25561437,-0.69890177,-0.66798019,0.67096758,0.24240546,0.62252957,-0.74410784,1.16986310,0.93589574,-0.35212669,0.01029007,-0.24100614
0,1595956528752773300,1595956528752590200,-0.24698527,-0.70310575,-0.66681373,0.67039883,0.24791509,0.61938179,-0.74491900,1.16936052,0.93676913,-0.34929717,0.02133235,-0.24380064
0,1595956528762112400,1595956528761947300,-0.23930380,-0.70737630,-0.66509575,0.67017561,0.25317359,0.61584204,-0.74608421,1.16912651,0.93735629,-0.34692544,0.03171565,-0.24617445
0,1595956528770705000,1595956528770568800,-0.23285571,-0.71048445,-0.66407084,0.67023188,0.25710562,0.61357194,-0.74660981,1.16836727,0.93790984,-0.34458867,0.03979581,-0.24795067
0,1595956528779982500,1595956528779882500,-0.22651851,-0.71373284,-0.66277802,0.66974711,0.26114142,0.61104923,-0.74727768,1.16799784,0.93834668,-0.34235099,0.04797124,-0.25001740
0,1595956528788644500,1595956528788508600,-0.22122265,-0.71632224,-0.66177255,0.66981626,0.26457307,0.60905278,-0.74770033,1.16796207,0.93864882,-0.34049544,0.05478330,-0.25148106
0,1595956528797882900,1595956528797715200,-0.21678281,-0.71862429,-0.66074520,0.66962081,0.26764396,0.60715508,-0.74815065,1.16762722,0.93881410,-0.33903065,0.06071467,-0.25305009
0,1595956528806558700,1595956528806466600,-0.21279138,-0.72057241,-0.65992057,0.66968703,0.26992783,0.60575402,-0.74846578,1.16701019,0.93907338,-0.33739796,0.06560329,-0.25400352
0,1595956528815735300,1595956528815596000,-0.20909934,-0.72241902,-0.65908128,0.66925573,0.27228007,0.60431713,-0.74877524,1.16672993,0.93922365,-0.33602309,0.07033797,-0.25520051
0,1595956528824495200,1595956528824386700,-0.20604731,-0.72370929,-0.65862691,0.66933882,0.27412248,0.60343152,-0.74881721,1.16684628,0.93936223,-0.33483618,0.07404953,-0.25602365
0,1595956528833801100,1595956528833662700,-0.20341158,-0.72512704,-0.65788639,0.66919720,0.27588227,0.60225940,-0.74911451,1.16665089,0.93942147,-0.33387771,0.07754314,-0.25696802
0,1595956528843146600,1595956528843012900,-0.20092735,-0.72638720,-0.65725929,0.66929334,0.27719480,0.60136211,-0.74935079,1.16620743,0.93956971,-0.33275390,0.08052065,-0.25754106
0,1595956528852218200,1595956528852094100,-0.19885391,-0.72740352,-0.65676570,0.66902167,0.27841941,0.60060620,-0.74950302,1.16639280,0.93964875,-0.33189788,0.08309036,-0.25790131
0,1595956528861045600,1595956528860931100,-0.19742578,-0.72830331,-0.65619910,0.66890967,0.27943125,0.59979719,-0.74977428,1.16627264,0.93964952,-0.33138728,0.08509526,-0.25842309
0,1595956528870282200,1595956528870147300,-0.19599089,-0.72885722,-0.65601426,0.66900939,0.28018665,0.59947586,-0.74974936,1.16597736,0.93972492,-0.33075047,0.08672424,-0.25870275
0,1595956528879486900,1595956528879357200,-0.19472019,-0.72963649,-0.65552622,0.66872787,0.28097868,0.59881717,-0.74997926,1.16587830,0.93975258,-0.33022496,0.08841049,-0.25908661
0,1595956528889308200,1595956528889152800,-0.19370848,-0.73001987,-0.65539908,0.66886365,0.28156260,0.59858000,-0.74994963,1.16606736,0.93978691,-0.32980746,0.08959625,-0.25915384
0,1595956528898032400,1595956528897874700,-0.19298947,-0.73049206,-0.65508503,0.66880614,0.28207344,0.59814906,-0.75010151,1.16600335,0.93978161,-0.32954377,0.09061593,-0.25939095
0,1595956528907216100,1595956528907094500,-0.19225352,-0.73076749,-0.65499425,0.66892684,0.28239095,0.59801769,-0.75008672,1.16575491,0.93983710,-0.32917124,0.09139111,-0.25943017
0,1595956528916015000,1595956528915852500,-0.19166338,-0.73110235,-0.65479350,0.66875815,0.28280264,0.59772670,-0.75016361,1.16569901,0.93983388,-0.32895622,0.09219535,-0.25961530
0,1595956528925134800,1595956528924998700,-0.19094656,-0.73149592,-0.65456331,0.66887224,0.28326002,0.59740305,-0.75024885,1.16586995,0.93984205,-0.32866904,0.09313148,-0.25955963
0,1595956528933851400,1595956528933747900,-0.19057551,-0.73163807,-0.65451252,0.66884035,0.28357753,0.59727776,-0.75022864,1.16581464,0.93982160,-0.32858023,0.09364959,-0.25965381
0,1595956528942584400,1595956528942430800,-0.19021310,-0.73173136,-0.65451372,0.66892314,0.28371271,0.59726876,-0.75018466,1.16565990,0.93985420,-0.32838878,0.09399313,-0.25961399
0,1595956528951349100,1595956528951233700,-0.18990062,-0.73182285,-0.65450215,0.66872513,0.28397116,0.59719878,-0.75014263,1.16570485,0.93983936,-0.32831228,0.09440815,-0.25957036
0,1595956528960559900,1595956528960410200,-0.18958245,-0.73197287,-0.65442663,0.66879761,0.28418207,0.59708053,-0.75015688,1.16570747,0.93983984,-0.32819286,0.09481756,-0.25966561
0,1595956528969256400,1595956528969153400,-0.18938702,-0.73213184,-0.65430534,0.66874450,0.28436348,0.59691316,-0.75022137,1.16568756,0.93982434,-0.32814270,0.09514394,-0.25970769
0,1595956528978545400,1595956528978412500,-0.18908258,-0.73233038,-0.65417117,0.66853428,0.28448346,0.59676540,-0.75029337,1.16555178,0.93984938,-0.32796827,0.09549794,-0.25962472
0,1595956528987250400,1595956528987112700,-0.18888764,-0.73245060,-0.65409297,0.66859764,0.28464684,0.59664857,-0.75032431,1.16557717,0.93983907,-0.32791248,0.09579019,-0.25964177
0,1595956528996411200,1595956528996230200,-0.18876536,-0.73249543,-0.65407801,0.66858715,0.28476623,0.59660441,-0.75031418,1.16554642,0.93982750,-0.32789263,0.09597172,-0.25965166
0,1595956529005223900,1595956529005071800,-0.18863317,-0.73258007,-0.65402138,0.66866314,0.28483340,0.59653682,-0.75034243,1.16545832,0.93983370,-0.32782659,0.09613662,-0.25959575
0,1595956529014408400,1595956529014293000,-0.18846753,-0.73265785,-0.65398198,0.66853857,0.28494835,0.59647375,-0.75034893,1.16541243,0.93983209,-0.32776746,0.09635369,-0.25956941
0,1595956529023160800,1595956529023024100,-0.18838803,-0.73269957,-0.65395814,0.66861153,0.28505245,0.59642136,-0.75035101,1.16543090,0.93981642,-0.32776949,0.09649914,-0.25953102
0,1595956529032854500,1595956529032723800,-0.18824640,-0.73275614,-0.65393555,0.66862589,0.28518438,0.59636712,-0.75034398,1.16539872,0.93980479,-0.32774171,0.09670662,-0.25948334
0,1595956529042355600,1595956529042175600,-0.18827721,-0.73280066,-0.65387678,0.66871178,0.28514957,0.59631586,-0.75039798,1.16540098,0.93980920,-0.32773551,0.09668510,-0.25948763
0,1595956529051083000,1595956529050967400,-0.18822998,-0.73287493,-0.65380716,0.66859245,0.28520012,0.59623188,-0.75044549,1.16539490,0.93980330,-0.32772216,0.09678729,-0.25941515
0,1595956529060274800,1595956529060125200,-0.18825217,-0.73295885,-0.65370667,0.66859227,0.28522420,0.59611833,-0.75052655,1.16537964,0.93979156,-0.32774121,0.09683701,-0.25935221
0,1595956529069053400,1595956529068916000,-0.18820056,-0.73292637,-0.65375793,0.66864818,0.28525329,0.59616607,-0.75047755,1.16541088,0.93979305,-0.32772687,0.09687085,-0.25934708
0,1595956529078423400,1595956529078150700,-0.18813936,-0.73306394,-0.65362132,0.66853195,0.28529450,0.59601825,-0.75057930,1.16539681,0.93979281,-0.32768804,0.09700461,-0.25928402
0,1595956529087040900,1595956529086880400,-0.18811171,-0.73306733,-0.65362543,0.66857654,0.28536892,0.59599948,-0.75056589,1.16538024,0.93977576,-0.32771459,0.09708015,-0.25927889
0,1595956529096194900,1595956529096038700,-0.18816932,-0.73315048,-0.65351564,0.66856843,0.28530893,0.59590185,-0.75066620,1.16536367,0.93978244,-0.32770616,0.09704391,-0.25924194
0,1595956529105007600,1595956529104846100,-0.18815626,-0.73317313,-0.65349394,0.66862082,0.28535128,0.59586632,-0.75067836,1.16540229,0.93977219,-0.32772014,0.09709590,-0.25927114
0,1595956529114190500,1595956529114048600,-0.18809888,-0.73325682,-0.65341657,0.66852337,0.28535500,0.59579182,-0.75073606,1.16537356,0.93978256,-0.32766828,0.09717071,-0.25920773
0,1595956529122852100,1595956529122719800,-0.18803896,-0.73328739,-0.65339953,0.66857851,0.28545892,0.59574449,-0.75073409,1.16533303,0.93976295,-0.32768595,0.09730024,-0.25918925
0,1595956529132014700,1595956529131911800,-0.18801977,-0.73330194,-0.65338874,0.66858089,0.28551754,0.59571505,-0.75073516,1.16529441,0.93974900,-0.32770696,0.09736435,-0.25912464
0,1595956529140893200,1595956529140722800,-0.18796888,-0.73335391,-0.65334505,0.66863638,0.28552479,0.59567320,-0.75076562,1.16525674,0.93975699,-0.32766676,0.09742267,-0.25906396
0,1595956529150165100,1595956529149964500,-0.18791261,-0.73341650,-0.65329099,0.66853791,0.28558421,0.59560311,-0.75079864,1.16520715,0.93975019,-0.32765409,0.09753083,-0.25898004
0,1595956529158787800,1595956529158693400,-0.18789035,-0.73344755,-0.65326250,0.66857481,0.28567171,0.59554583,-0.75081080,1.16514623,0.93972802,-0.32768869,0.09762788,-0.25898361
0,1595956529167900800,1595956529167767400,-0.18785602,-0.73347604,-0.65324038,0.66857910,0.28570122,0.59551650,-0.75082278,1.16510797,0.93972594,-0.32767814,0.09768364,-0.25892127
0,1595956529176722800,1595956529176578000,-0.18782796,-0.73357540,-0.65313685,0.66851395,0.28582370,0.59537083,-0.75089175,1.16524982,0.93969429,-0.32772043,0.09784596,-0.25905204
0,1595956529186062400,1595956529185916400,-0.18779191,-0.73359776,-0.65312213,0.66854692,0.28585437,0.59534889,-0.75089741,1.16523027,0.93969214,-0.32771024,0.09790040,-0.25901461
0,1595956529195619300,1595956529195539100,-0.18777692,-0.73363560,-0.65308392,0.66854608,0.28591809,0.59528917,-0.75092053,1.16519463,0.93967575,-0.32773402,0.09797812,-0.25899923
0,1595956529204683300,1595956529204537700,-0.18773016,-0.73367691,-0.65305096,0.66858220,0.28598821,0.59523594,-0.75093597,1.16528463,0.93966377,-0.32773820,0.09807920,-0.25909865
0,1595956529213857300,1595956529213702300,-0.18770805,-0.73373300,-0.65299428,0.66851604,0.28603694,0.59516335,-0.75097501,1.16524458,0.93965334,-0.32774451,0.09815779,-0.25905216
0,1595956529222626900,1595956529222503700,-0.18765923,-0.73375612,-0.65298235,0.66855580,0.28609306,0.59513676,-0.75097466,1.16521275,0.93964601,-0.32774103,0.09823961,-0.25904036
0,1595956529232131400,1595956529231994100,-0.18762416,-0.73376787,-0.65297925,0.66857380,0.28612131,0.59512746,-0.75097126,1.16517663,0.93964446,-0.32773161,0.09828632,-0.25899696
0,1595956529241635400,1595956529241493900,-0.18764964,-0.73382753,-0.65290487,0.66862553,0.28615370,0.59503734,-0.75103033,1.16524017,0.93962950,-0.32776171,0.09832891,-0.25907028
0,1595956529250639300,1595956529250449300,-0.18756698,-0.73386115,-0.65289080,0.66856050,0.28623244,0.59500432,-0.75102651,1.16520488,0.93962198,-0.32774630,0.09845170,-0.25901580
0,1595956529259728500,1595956529259627100,-0.18754183,-0.73388308,-0.65287340,0.66859478,0.28624094,0.59498626,-0.75103760,1.16518426,0.93962443,-0.32773003,0.09848255,-0.25899744
0,1595956529268475700,1595956529268366400,-0.18754871,-0.73391759,-0.65283263,0.66858715,0.28628847,0.59492719,-0.75106627,1.16524112,0.93960857,-0.32775992,0.09853431,-0.25904989
0,1595956529277592500,1595956529277479400,-0.18753269,-0.73398042,-0.65276659,0.66853255,0.28629747,0.59485823,-0.75111747,1.16521358,0.93960905,-0.32774448,0.09858137,-0.25900769
0,1595956529286481400,1595956529286338700,-0.18751349,-0.73398286,-0.65276933,0.66855675,0.28630754,0.59485960,-0.75111252,1.16520989,0.93960977,-0.32773650,0.09860063,-0.25898564
0,1595956529295638800,1595956529295530700,-0.18751006,-0.73398900,-0.65276343,0.66855854,0.28633446,0.59484446,-0.75111425,1.16519594,0.93960226,-0.32775012,0.09862701,-0.25895143
0,1595956529304364400,1595956529304254900,-0.18748520,-0.73402071,-0.65273488,0.66858941,0.28638199,0.59480137,-0.75113022,1.16526568,0.93959278,-0.32775730,0.09869384,-0.25901794
0,1595956529313510200,1595956529313411300,-0.18747300,-0.73406333,-0.65269047,0.66853124,0.28640890,0.59474784,-0.75116235,1.16523933,0.93958700,-0.32775900,0.09874311,-0.25897646
0,1595956529322398700,1595956529322270500,-0.18747608,-0.73406899,-0.65268320,0.66856271,0.28642318,0.59473509,-0.75116700,1.16523135,0.93958199,-0.32776943,0.09875576,-0.25895023
0,1595956529331558200,1595956529331417400,-0.18744969,-0.73407143,-0.65268803,0.66857243,0.28646335,0.59472889,-0.75115663,1.16520810,0.93957502,-0.32777527,0.09880281,-0.25891781
0,1595956529340319700,1595956529340171700,-0.18742065,-0.73408437,-0.65268189,0.66860735,0.28652930,0.59470266,-0.75115222,1.16524863,0.93956071,-0.32779390,0.09887710,-0.25896466
0,1595956529349589100,1595956529349456500,-0.18746704,-0.73412055,-0.65262783,0.66856885,0.28654161,0.59463811,-0.75119865,1.16521370,0.93954772,-0.32782999,0.09888104,-0.25892770
0,1595956529358244200,1595956529358157000,-0.18742433,-0.73412246,-0.65263802,0.66859782,0.28656366,0.59464544,-0.75118446,1.16519809,0.93954951,-0.32781255,0.09892178,-0.25891781
0,1595956529367401100,1595956529367303200,-0.18743205,-0.73413199,-0.65262502,0.66859847,0.28657880,0.59462601,-0.75119400,1.16517866,0.93954337,-0.32782632,0.09893469,-0.25889504
0,1595956529376168700,1595956529376070900,-0.18744333,-0.73418164,-0.65256596,0.66856545,0.28660122,0.59455657,-0.75124043,1.16518688,0.93953425,-0.32784119,0.09897166,-0.25890112
0,1595956529385584300,1595956529385375200,-0.18741369,-0.73420393,-0.65254939,0.66858923,0.28663826,0.59452987,-0.75124747,1.16517532,0.93952888,-0.32783967,0.09902789,-0.25889039
0,1595956529395160200,1595956529394995200,-0.18738833,-0.73421729,-0.65254164,0.66858399,0.28662571,0.59452903,-0.75125289,1.16517770,0.93953776,-0.32781121,0.09903773,-0.25887001
0,1595956529404159300,1595956529403969700,-0.18737051,-0.73425025,-0.65250963,0.66860902,0.28667027,0.59448266,-0.75127256,1.16521454,0.93952769,-0.32782140,0.09909920,-0.25891304
0,1595956529413449600,1595956529413324600,-0.18738963,-0.73428077,-0.65246981,0.66857105,0.28670368,0.59442824,-0.75130290,1.16518760,0.93951368,-0.32785186,0.09913130,-0.25888860
0,1595956529422086400,1595956529421978200,-0.18735147,-0.73428047,-0.65248114,0.66859466,0.28670183,0.59444457,-0.75129068,1.16518033,0.93952191,-0.32782292,0.09914947,-0.25888562
0,1595956529431344200,1595956529431192200,-0.18734923,-0.73429739,-0.65246272,0.66859496,0.28670925,0.59442335,-0.75130463,1.16515565,0.93952006,-0.32782340,0.09916507,-0.25887287
0,1595956529440051500,1595956529439903000,-0.18730569,-0.73431218,-0.65245861,0.66862291,0.28675562,0.59440768,-0.75129932,1.16518629,0.93951458,-0.32781878,0.09923218,-0.25891829
0,1595956529449178200,1595956529449021900,-0.18730329,-0.73433930,-0.65242869,0.66858619,0.28679430,0.59436387,-0.75131923,1.16515541,0.93950325,-0.32783738,0.09927800,-0.25889206
0,1595956529458005700,1595956529457882100,-0.18729527,-0.73434150,-0.65242851,0.66861528,0.28678802,0.59436673,-0.75131935,1.16516674,0.93950677,-0.32782722,0.09927824,-0.25886333
0,1595956529467225500,1595956529467080100,-0.18727855,-0.73434800,-0.65242600,0.66861665,0.28679174,0.59436464,-0.75131959,1.16514933,0.93950897,-0.32781643,0.09929319,-0.25884640
0,1595956529475991100,1595956529475841400,-0.18724719,-0.73436660,-0.65241408,0.66864151,0.28683922,0.59433931,-0.75132149,1.16518021,0.93950075,-0.32782078,0.09935676,-0.25888216
0,1595956529485251500,1595956529485087600,-0.18727507,-0.73441654,-0.65234989,0.66860473,0.28686571,0.59426135,-0.75137305,1.16515541,0.93948710,-0.32785022,0.09938856,-0.25885904
