5,1597335907654850400,1597335907654691100,-0.68329477,-0.18220094,-0.70704401,1.00830472,-0.72093564,0.32165819,0.61383045,1.27639580,0.11558604,0.92916036,-0.35114253,0.06717253
5,1597335907664232600,1597335907664196500,-0.68325967,-0.18223396,-0.70706940,1.00828421,-0.72096777,0.32167363,0.61378461,1.27479339,0.11559317,0.92914850,-0.35117149,0.06680822
5,1597335907673133800,1597335907673094100,-0.68309999,-0.18224210,-0.70722157,1.00818098,-0.72111809,0.32158625,0.61365384,1.27324533,0.11559919,0.92917717,-0.35109359,0.06655550
5,1597335907682453800,1597335907682380600,-0.68326855,-0.18234310,-0.70703268,1.00814831,-0.72096646,0.32171720,0.61376333,1.27184856,0.11554909,0.92911202,-0.35128248,0.06669617
5,1597335907691053900,1597335907690995700,-0.68290842,-0.18252161,-0.70733446,1.00842464,-0.72122192,0.32232803,0.61314237,1.27052331,0.11608195,0.92886525,-0.35175914,0.06713772
5,1597335907700326600,1597335907700203600,-0.68319499,-0.18254584,-0.70705146,1.00848782,-0.72098058,0.32229179,0.61344516,1.26898658,0.11589500,0.92887306,-0.35180008,0.06697011
5,1597335907709090500,1597335907709019100,-0.68284822,-0.18228489,-0.70745361,1.00797737,-0.72129613,0.32194677,0.61325538,1.26791024,0.11597523,0.92904395,-0.35132211,0.06701994
5,1597335907718277300,1597335907718251500,-0.68282962,-0.18243697,-0.70743239,1.00811470,-0.72128117,0.32232738,0.61307305,1.26635039,0.11617763,0.92888212,-0.35168305,0.06773281
5,1597335907726962900,1597335907726897300,-0.68267661,-0.18250108,-0.70756352,1.00810754,-0.72139633,0.32252195,0.61283517,1.26490641,0.11636168,0.92880195,-0.35183382,0.06771421
5,1597335907736069400,1597335907736001600,-0.68274117,-0.18254253,-0.70749056,1.00806081,-0.72134459,0.32252440,0.61289477,1.26335239,0.11630362,0.92879301,-0.35187677,0.06769753
5,1597335907744922200,1597335907744898100,-0.68283731,-0.18226331,-0.70746970,1.00776756,-0.72125489,0.32233354,0.61310071,1.26213205,0.11629546,0.92891407,-0.35155970,0.06803608
5,1597335907754185000,1597335907754034300,-0.68238938,-0.18233964,-0.70788211,1.00772846,-0.72155356,0.32310957,0.61234033,1.26073360,0.11706954,0.92862946,-0.35205436,0.06876373
5,1597335907762821400,1597335907762785000,-0.68234456,-0.18217289,-0.70796824,1.00765312,-0.72153705,0.32340261,0.61220503,1.25938487,0.11743166,0.92856020,-0.35211653,0.06905842
5,1597335907771453000,1597335907771357300,-0.68269074,-0.18200690,-0.70767719,1.00762284,-0.72123557,0.32327518,0.61262751,1.25818658,0.11727203,0.92863709,-0.35196683,0.06943059
5,1597335907780174000,1597335907780141800,-0.68239689,-0.18214086,-0.70792609,1.00751722,-0.72148067,0.32346338,0.61223942,1.25673330,0.11747435,0.92854524,-0.35214150,0.06974006
5,1597335907789346700,1597335907789272100,-0.68209606,-0.18218541,-0.70820439,1.00737131,-0.72168195,0.32396448,0.61173701,1.25520301,0.11798351,0.92836177,-0.35245481,0.07064152
5,1597335907798152500,1597335907798114000,-0.68253207,-0.18237579,-0.70773530,1.00726640,-0.72127938,0.32433268,0.61201668,1.25371230,0.11792468,0.92819583,-0.35291132,0.07118940
5,1597335907807325000,1597335907807239000,-0.68260354,-0.18239671,-0.70766097,1.00715578,-0.72118670,0.32459316,0.61198777,1.25223482,0.11807734,0.92810071,-0.35311049,0.07177258
5,1597335907816088700,1597335907816048400,-0.68226397,-0.18269560,-0.70791125,1.00710714,-0.72145337,0.32506150,0.61142462,1.25122941,0.11841011,0.92787796,-0.35358405,0.07258415
5,1597335907825383900,1597335907825237600,-0.68221587,-0.18291715,-0.70790040,1.00707042,-0.72148407,0.32533771,0.61124146,1.24987125,0.11850013,0.92773753,-0.35392237,0.07318926
5,1597335907834101100,1597335907834061100,-0.68226135,-0.18304157,-0.70782441,1.00684488,-0.72140455,0.32576001,0.61111039,1.24886024,0.11872223,0.92756474,-0.35430050,0.07358718
5,1597335907843394800,1597335907843287800,-0.68227792,-0.18289515,-0.70784628,1.00660837,-0.72143632,0.32527319,0.61133218,1.24786460,0.11843374,0.92776448,-0.35387391,0.07442784
5,1597335907852431700,1597335907851945000,-0.68222904,-0.18295482,-0.70787793,1.00633657,-0.72149825,0.32517022,0.61131388,1.24648750,0.11833805,0.92778879,-0.35384214,0.07329893
5,1597335907861172300,1597335907861126600,-0.68245411,-0.18295559,-0.70766079,1.00613439,-0.72130656,0.32514909,0.61155123,1.24577999,0.11820851,0.92779601,-0.35386646,0.07397509
5,1597335907870042800,1597335907870015000,-0.68228030,-0.18284708,-0.70785636,1.00593817,-0.72143412,0.32523280,0.61135626,1.24524236,0.11843343,0.92778808,-0.35381204,0.07475877
5,1597335907879146800,1597335907879041800,-0.68221694,-0.18284559,-0.70791787,1.00630271,-0.72148931,0.32522801,0.61129361,1.24418831,0.11846238,0.92779005,-0.35379717,0.07525706
5,1597335907888027800,1597335907887953200,-0.68242389,-0.18291733,-0.70769989,1.00653493,-0.72140378,0.32455739,0.61175084,1.24299407,0.11778945,0.92801070,-0.35344291,0.07623625
5,1597335907897050800,1597335907897009300,-0.68200964,-0.18275183,-0.70814180,1.00648391,-0.72176158,0.32441506,0.61140424,1.24276328,0.11799665,0.92809308,-0.35315740,0.07724762
5,1597335907905930800,1597335907905863100,-0.68212992,-0.18284523,-0.70800185,1.00651658,-0.72165883,0.32448700,0.61148733,1.24290657,0.11792986,0.92804956,-0.35329413,0.07832956
5,1597335907915010500,1597335907914977800,-0.68200076,-0.18298888,-0.70808917,1.00635326,-0.72179163,0.32444394,0.61135346,1.24323261,0.11786436,0.92803633,-0.35335079,0.07981849
5,1597335907923923600,1597335907923809000,-0.68201196,-0.18291321,-0.70809788,1.00660074,-0.72185516,0.32380024,0.61161959,1.24248230,0.11740895,0.92827600,-0.35287243,0.08164883
5,1597335907933048500,1597335907932939200,-0.68194544,-0.18294203,-0.70815450,1.00666797,-0.72192669,0.32371417,0.61158079,1.24288166,0.11735582,0.92830026,-0.35282612,0.08309793
5,1597335907941836300,1597335907941786200,-0.68165332,-0.18318671,-0.70837241,1.00620210,-0.72223514,0.32347974,0.61134052,1.24319887,0.11715467,0.92833376,-0.35280493,0.08444118
5,1597335907951145500,1597335907951045400,-0.68190598,-0.18324167,-0.70811498,1.00632179,-0.72208005,0.32302618,0.61176348,1.24294043,0.11663911,0.92848086,-0.35258865,0.08577228
5,1597335907959823800,1597335907959730900,-0.68139935,-0.18324047,-0.70860279,1.00648105,-0.72252595,0.32295695,0.61127329,1.24368310,0.11683817,0.92850518,-0.35245872,0.08726072
5,1597335907968917500,1597335907968845900,-0.68123055,-0.18328616,-0.70875335,1.00652397,-0.72268051,0.32292521,0.61110735,1.24439263,0.11686678,0.92850721,-0.35244387,0.08877897
5,1597335907977820000,1597335907977727600,-0.68145746,-0.18372512,-0.70842153,1.00577748,-0.72255063,0.32277986,0.61133766,1.24470806,0.11634608,0.92847103,-0.35271144,0.08962965
5,1597335907986930400,1597335907986818900,-0.68149769,-0.18345034,-0.70845395,1.00586307,-0.72258890,0.32195881,0.61172533,1.24460196,0.11587177,0.92881036,-0.35197333,0.09099674
5,1597335907995856500,1597335907995769200,-0.68133402,-0.18351069,-0.70859563,1.00580299,-0.72272539,0.32204884,0.61151659,1.24522865,0.11598261,0.92876720,-0.35205066,0.09252930
5,1597335908004794400,1597335908004749100,-0.68158758,-0.18358827,-0.70833176,1.00577009,-0.72252023,0.32200611,0.61178154,1.24581504,0.11577123,0.92876667,-0.35212159,0.09410143
5,1597335908013737600,1597335908013636700,-0.68120539,-0.18387327,-0.70862544,1.00523126,-0.72290087,0.32184502,0.61141652,1.24651122,0.11564444,0.92876619,-0.35216466,0.09554100
5,1597335908022785800,1597335908022733100,-0.68137932,-0.18390605,-0.70844960,1.00528920,-0.72279710,0.32150021,0.61172050,1.24617600,0.11526759,0.92887908,-0.35199040,0.09674716
5,1597335908031574500,1597335908031536600,-0.68144184,-0.18392324,-0.70838505,1.00524175,-0.72274679,0.32148543,0.61178774,1.24680138,0.11521351,0.92888075,-0.35200351,0.09842300
5,1597335908040739500,1597335908040636600,-0.68140686,-0.18386298,-0.70843434,1.00527155,-0.72279108,0.32131970,0.61182243,1.24755669,0.11514241,0.92895007,-0.35184398,0.10016036
5,1597335908049550200,1597335908049453000,-0.68119973,-0.18376091,-0.70866001,1.00520384,-0.72302294,0.32080385,0.61181921,1.24752140,0.11491245,0.92914855,-0.35139483,0.10097194
5,1597335908058905800,1597335908058700900,-0.68154317,-0.18397567,-0.70827401,1.00525939,-0.72270077,0.32119578,0.61199415,1.24817181,0.11490259,0.92897058,-0.35186815,0.10275221
5,1597335908067417500,1597335908067380200,-0.68148190,-0.18397015,-0.70833433,1.00527370,-0.72275972,0.32114193,0.61195284,1.24894118,0.11489476,0.92899030,-0.35181862,0.10458755
5,1597335908076515500,1597335908076454100,-0.68127650,-0.18390974,-0.70854765,1.00487316,-0.72298980,0.32066396,0.61193168,1.24992383,0.11466551,0.92916739,-0.35142571,0.10680437
5,1597335908085500300,1597335908085407000,-0.68181562,-0.18450949,-0.70787275,1.00497711,-0.72246343,0.32167208,0.61202425,1.25051153,0.11477862,0.92869985,-0.35262245,0.10770178
5,1597335908094760200,1597335908094647500,-0.68176579,-0.18388370,-0.70808357,1.00479591,-0.72255743,0.32071853,0.61241359,1.25182486,0.11448263,0.92915368,-0.35152146,0.10967898
5,1597335908103401300,1597335908103371500,-0.68174213,-0.18412733,-0.70804298,1.00487459,-0.72258270,0.32088974,0.61229408,1.25287914,0.11446366,0.92904633,-0.35181126,0.11150479
5,1597335908112531800,1597335908112485200,-0.68117356,-0.18413669,-0.70858759,1.00477493,-0.72309059,0.32076356,0.61176038,1.25399446,0.11464153,0.92908800,-0.35164315,0.11344194
5,1597335908121316300,1597335908121295500,-0.68077374,-0.18421796,-0.70895058,1.00473344,-0.72344375,0.32076660,0.61134106,1.25447226,0.11478762,0.92907083,-0.35164088,0.11360312
5,1597335908130385000,1597335908130300700,-0.68120974,-0.18393713,-0.70860469,1.00475824,-0.72305733,0.32060787,0.61188132,1.25555444,0.11463654,0.92918134,-0.35139829,0.11524773
5,1597335908139277500,1597335908139239400,-0.68106109,-0.18382627,-0.70877630,1.00475490,-0.72316307,0.32069495,0.61171067,1.25666618,0.11485250,0.92917311,-0.35134923,0.11677074
5,1597335908148550800,1597335908148484300,-0.68105817,-0.18387267,-0.70876706,1.00423515,-0.72316539,0.32073596,0.61168641,1.25818443,0.11485466,0.92914981,-0.35141021,0.11864567
5,1597335908157376100,1597335908157272200,-0.68129230,-0.18374211,-0.70857590,1.00414789,-0.72295791,0.32066694,0.61196780,1.25957310,0.11477263,0.92919946,-0.35130572,0.11990857
5,1597335908166424800,1597335908166341800,-0.68117422,-0.18339550,-0.70877910,1.00407183,-0.72304863,0.32045832,0.61196989,1.26100099,0.11490165,0.92933989,-0.35089183,0.12150073
5,1597335908731699900,1597335908731669200,-0.67581308,-0.17789614,-0.71528298,0.98887002,-0.72878659,0.30638391,0.61237162,1.37290883,0.11021264,0.93513745,-0.33670658,0.21919417
5,1597335908741142400,1597335908741053100,-0.67600161,-0.17811885,-0.71504939,0.98895586,-0.72862142,0.30660632,0.61245686,1.37353063,0.11014855,0.93502218,-0.33704758,0.21988010
5,1597335908749747300,1597335908749641700,-0.67579365,-0.17777252,-0.71533215,0.98904741,-0.72879636,0.30633661,0.61238366,1.37400544,0.11026743,0.93517649,-0.33658034,0.22044277
5,1597335908758916400,1597335908758780000,-0.67603713,-0.17772156,-0.71511471,0.98917997,-0.72857875,0.30637062,0.61262560,1.37438381,0.11021337,0.93517500,-0.33660203,0.22082853
5,1597335908767817600,1597335908767685400,-0.67668259,-0.17001748,-0.71637619,0.98980081,-0.72737521,0.30519059,0.61464137,1.37439084,0.11413151,0.93699145,-0.33018366,0.22115922
5,1597335908776771300,1597335908776631200,-0.67700458,-0.16998419,-0.71607983,0.98997152,-0.72709262,0.30521351,0.61496431,1.37441278,0.11402309,0.93698996,-0.33022517,0.22124624
5,1597335908785585200,1597335908785529100,-0.67673600,-0.16953510,-0.71644014,0.99009073,-0.72729886,0.30502805,0.61481243,1.37427163,0.11430204,0.93713182,-0.32972610,0.22126222
5,1597335908794719100,1597335908794629800,-0.67781138,-0.17392716,-0.71436775,0.99049866,-0.72658736,0.30704612,0.61464918,1.37412310,0.11243969,0.93566674,-0.33449256,0.22077274
5,1597335908803573600,1597335908803519000,-0.67846620,-0.17283502,-0.71401107,0.99071777,-0.72599661,0.30632764,0.61570477,1.37278581,0.11230598,0.93610448,-0.33331054,0.21989107
5,1597335908812897800,1597335908812827700,-0.67899334,-0.17282099,-0.71351320,0.99095142,-0.72549802,0.30667973,0.61611706,1.37219644,0.11234207,0.93599176,-0.33361477,0.21919250
5,1597335908821603400,1597335908821538700,-0.67873406,-0.17244682,-0.71385032,0.99111736,-0.72574621,0.30615339,0.61608648,1.37145543,0.11230554,0.93623304,-0.33294937,0.21861434
5,1597335908830785400,1597335908830675100,-0.67944986,-0.17216572,-0.71323693,0.99202025,-0.72530603,0.30441150,0.61746645,1.37011313,0.11081101,0.93685257,-0.33170527,0.21805334
5,1597335908839571800,1597335908839423400,-0.68149221,-0.17068398,-0.71164286,0.99213684,-0.72359157,0.30261669,0.62035346,1.36967230,0.10947061,0.93770480,-0.32973641,0.21711493
5,1597335908848514100,1597335908848482700,-0.68165416,-0.17082846,-0.71145302,0.99245584,-0.72344798,0.30276269,0.62044972,1.36877441,0.10941093,0.93763137,-0.32996494,0.21638107
5,1597335908857407300,1597335908857340900,-0.68208629,-0.16921866,-0.71142358,0.99191606,-0.72321993,0.30006960,0.62202185,1.36773050,0.10821889,0.93878824,-0.32705566,0.21591687
5,1597335908866725100,1597335908866681700,-0.68166745,-0.16916531,-0.71183759,0.99208963,-0.72356045,0.30024347,0.62154180,1.36672306,0.10858126,0.93874228,-0.32706755,0.21515679
5,1597335908875339400,1597335908875251100,-0.68138844,-0.17069393,-0.71173984,0.99144018,-0.72371161,0.30237132,0.62033314,1.36588478,0.10932262,0.93778217,-0.32956547,0.21348023
5,1597335908884493000,1597335908884402700,-0.68165332,-0.17079470,-0.71146190,0.99148643,-0.72349221,0.30235964,0.62059462,1.36489606,0.10912310,0.93776757,-0.32967311,0.21255589
5,1597335908893484500,1597335908893387200,-0.68143082,-0.17277065,-0.71119797,0.99169099,-0.72373378,0.30367297,0.61967099,1.36382365,0.10891064,0.93698090,-0.33197212,0.21166015
5,1597335908902454800,1597335908902424800,-0.68117785,-0.17292765,-0.71140206,0.98976171,-0.72386628,0.30456224,0.61907959,1.36312115,0.10961020,0.93666321,-0.33263755,0.20877624
5,1597335908911215000,1597335908911172000,-0.68110472,-0.17299649,-0.71145535,0.98951280,-0.72392291,0.30468196,0.61895442,1.36206937,0.10969065,0.93661165,-0.33275649,0.20761847
5,1597335908920365300,1597335908920299300,-0.68100667,-0.17333010,-0.71146798,0.98926604,-0.72399151,0.30511466,0.61866099,1.36103749,0.10984676,0.93640906,-0.33327460,0.20636821
5,1597335908929235900,1597335908929145200,-0.68083137,-0.17371550,-0.71154177,0.99003017,-0.72415644,0.30534238,0.61835551,1.35981798,0.10984592,0.93626338,-0.33368391,0.20548010
5,1597335908938538700,1597335908938452000,-0.68101346,-0.17356119,-0.71140516,0.98921001,-0.72397643,0.30539340,0.61854106,1.35876095,0.10990375,0.93627536,-0.33363116,0.20334411
5,1597335908947126500,1597335908947095600,-0.68107104,-0.17382687,-0.71128523,0.98901165,-0.72392005,0.30567840,0.61846626,1.35766840,0.10991852,0.93613303,-0.33402544,0.20190811
5,1597335908956202000,1597335908956159000,-0.68106771,-0.17354363,-0.71135759,0.98874938,-0.72392011,0.30545682,0.61857569,1.35656643,0.10993916,0.93625790,-0.33366847,0.20044613
5,1597335908965093600,1597335908965048200,-0.67939478,-0.17500028,-0.71259928,0.99095905,-0.72524345,0.30779165,0.61586225,1.35455358,0.11155607,0.93522155,-0.33602989,0.20060849
5,1597335908974289100,1597335908974228300,-0.67965221,-0.17524689,-0.71229315,0.99016225,-0.72499996,0.30818045,0.61595446,1.35341585,0.11157078,0.93504733,-0.33650947,0.19808531
5,1597335908983080400,1597335908983065100,-0.67958319,-0.17520899,-0.71236837,0.98992455,-0.72503686,0.30833858,0.61583191,1.35221899,0.11175136,0.93500233,-0.33657467,0.19633508
5,1597335908992178900,1597335908992146400,-0.67942387,-0.17616242,-0.71228516,0.99023044,-0.72518849,0.30904552,0.61529875,1.35085213,0.11173606,0.93458968,-0.33772388,0.19430995
5,1597335909000984600,1597335909000879800,-0.68016481,-0.17600456,-0.71161675,0.99001443,-0.72452956,0.30906138,0.61606658,1.34966815,0.11150275,0.93461418,-0.33773321,0.19229269
5,1597335909010207300,1597335909010110500,-0.67992949,-0.17597470,-0.71184897,0.98987305,-0.72471505,0.30918741,0.61578512,1.34841919,0.11173214,0.93457812,-0.33775723,0.19014907
5,1597335909019090700,1597335909018938900,-0.67986727,-0.17623720,-0.71184349,0.98971188,-0.72478724,0.30926108,0.61566317,1.34700632,0.11164276,0.93450427,-0.33799094,0.18813276
5,1597335909028471300,1597335909028377300,-0.67978883,-0.17604116,-0.71196687,0.98983324,-0.72487527,0.30892253,0.61572945,1.34554100,0.11154890,0.93465316,-0.33760995,0.18642950
5,1597335909036989100,1597335909036919300,-0.67992669,-0.17640528,-0.71174508,0.99071348,-0.72476929,0.30912599,0.61575210,1.34430695,0.11139695,0.93451720,-0.33803615,0.18563437
5,1597335909045960700,1597335909045883300,-0.67998630,-0.17661443,-0.71163625,0.99057901,-0.72472978,0.30920556,0.61575866,1.34309459,0.11129004,0.93445146,-0.33825326,0.18358541
5,1597335909055094000,1597335909054916400,-0.68035454,-0.17678690,-0.71124130,0.99041736,-0.72442377,0.30924731,0.61609769,1.34204507,0.11103149,0.93440497,-0.33846647,0.18146825
5,1597335909063990900,1597335909063925900,-0.67983234,-0.17582172,-0.71197951,0.99091494,-0.72487158,0.30844733,0.61597198,1.34063029,0.11130691,0.93485141,-0.33714062,0.17997265
5,1597335909073117700,1597335909072964400,-0.67966652,-0.17606020,-0.71207893,0.99144018,-0.72495717,0.30913845,0.61552465,1.33928847,0.11176158,0.93457824,-0.33774716,0.17851877
5,1597335909082140400,1597335909082027000,-0.67987782,-0.17573705,-0.71195698,0.99129641,-0.72478032,0.30880922,0.61589801,1.33830786,0.11162283,0.93474782,-0.33732325,0.17632890
5,1597335909090897700,1597335909090831800,-0.67936134,-0.17481610,-0.71267641,0.99144113,-0.72523338,0.30795905,0.61579043,1.33725846,0.11182509,0.93520093,-0.33599788,0.17458057
5,1597335909100052600,1597335909099953000,-0.67981142,-0.17480361,-0.71225017,0.99089897,-0.72483963,0.30798638,0.61624020,1.33661616,0.11164236,0.93519425,-0.33607724,0.17191410
5,1597335909108910400,1597335909108840900,-0.68001258,-0.17458850,-0.71211088,0.99066484,-0.72466350,0.30781713,0.61653179,1.33585143,0.11156054,0.93529010,-0.33583748,0.16962767
5,1597335909118083600,1597335909118030300,-0.67982292,-0.17502129,-0.71218568,0.99053466,-0.72482443,0.30821881,0.61614186,1.33515644,0.11167109,0.93507695,-0.33639389,0.16725135
5,1597335909127034800,1597335909126875200,-0.67890519,-0.17373681,-0.71337467,0.99146259,-0.72557652,0.30745059,0.61564022,1.33357477,0.11236814,0.93556929,-0.33478916,0.16559052
5,1597335909135980600,1597335909135952000,-0.67930585,-0.17363960,-0.71301681,0.99131906,-0.72518975,0.30770615,0.61596823,1.33253980,0.11244319,0.93550330,-0.33494824,0.16287065
5,1597335909144915100,1597335909144875700,-0.67922050,-0.17449895,-0.71288830,0.99129426,-0.72523373,0.30869496,0.61542141,1.33171487,0.11267467,0.93501759,-0.33622444,0.16025305
5,1597335909153976500,1597335909153934200,-0.67934918,-0.17431265,-0.71281135,0.99116457,-0.72511584,0.30859071,0.61561257,1.33103919,0.11265787,0.93508661,-0.33603770,0.15762377
5,1597335909162779800,1597335909162735600,-0.67976820,-0.17107859,-0.71319526,0.98918998,-0.72490078,0.30456257,0.61786771,1.33127654,0.11150867,0.93700266,-0.33104694,0.15401983
5,1597335909171931600,1597335909171863400,-0.68011451,-0.17340991,-0.71230149,0.98917282,-0.72460228,0.30656913,0.61722523,1.33052599,0.11133666,0.93591911,-0.33415532,0.15146351
5,1597335909181159100,1597335909181086000,-0.67994636,-0.17348659,-0.71244335,0.98887551,-0.72474808,0.30663472,0.61702138,1.33004141,0.11141495,0.93588340,-0.33422923,0.14870501
5,1597335909190283800,1597335909190192300,-0.68038070,-0.17510167,-0.71163309,0.98926532,-0.72445256,0.30735299,0.61701107,1.32907152,0.11068289,0.93534684,-0.33596990,0.14623189
5,1597335909199238000,1597335909199203100,-0.67992210,-0.17490232,-0.71212023,0.98909795,-0.72485721,0.30711868,0.61665243,1.32858622,0.11085153,0.93546110,-0.33559602,0.14342451
5,1597335909208115300,1597335909208044600,-0.68092495,-0.17463338,-0.71122754,0.98888385,-0.72397596,0.30698308,0.61775416,1.32826006,0.11045434,0.93555582,-0.33546281,0.14064837
5,1597335909217268500,1597335909217148400,-0.68059218,-0.17477980,-0.71151000,0.98866498,-0.72424787,0.30725360,0.61730081,1.32786250,0.11072233,0.93543971,-0.33569828,0.13787246
5,1597335909226028100,1597335909225978000,-0.68162060,-0.17665434,-0.71006113,0.98885405,-0.72346401,0.30795038,0.61787248,1.32739472,0.10951374,0.93485820,-0.33770841,0.13582468
5,1597335909235172600,1597335909235052000,-0.68182933,-0.17675090,-0.70983666,0.98974073,-0.72325653,0.30825448,0.61796373,1.32739401,0.10958470,0.93473977,-0.33801314,0.13397098
5,1597335909244000500,1597335909243958000,-0.68170673,-0.17688504,-0.70992100,0.98970377,-0.72338104,0.30821958,0.61783540,1.32739961,0.10952574,0.93472594,-0.33807057,0.13130403
5,1597335909253039700,1597335909252901700,-0.68156350,-0.17713296,-0.70999670,0.98957384,-0.72348857,0.30858147,0.61752880,1.32741642,0.10970716,0.93455952,-0.33847153,0.12864161
5,1597335909262038500,1597335909261994200,-0.68165714,-0.17841157,-0.70958650,0.98955667,-0.72345763,0.30926186,0.61722457,1.32697535,0.10932805,0.93409133,-0.33988380,0.12655258
5,1597335909271079700,1597335909271009200,-0.68152595,-0.17866504,-0.70964873,0.99055421,-0.72349381,0.31014591,0.61673838,1.32684708,0.10990506,0.93374968,-0.34063554,0.12494469
5,1597335909280721600,1597335909280601700,-0.68183875,-0.17852193,-0.70938426,0.99040926,-0.72321880,0.31004745,0.61711031,1.32705069,0.10977510,0.93380976,-0.34051272,0.12200594
5,1597335909289481000,1597335909289247600,-0.68168962,-0.17873034,-0.70947504,0.99027383,-0.72335100,0.31020749,0.61687493,1.32732177,0.10983023,0.93371671,-0.34075004,0.11940098
5,1597335909298505600,1597335909298303600,-0.68289673,-0.18022594,-0.70793414,0.98924625,-0.72249120,0.30986497,0.61805356,1.32778049,0.10797471,0.93354297,-0.34181741,0.11627865
5,1597335909307264200,1597335909307239300,-0.68292391,-0.17983708,-0.70800686,0.98891437,-0.72248173,0.30940232,0.61829638,1.32826948,0.10786635,0.93377143,-0.34122723,0.11328149
5,1597335909316216900,1597335909316143600,-0.68277627,-0.17983520,-0.70814973,0.98867023,-0.72263926,0.30915326,0.61823684,1.32874811,0.10774605,0.93385428,-0.34103847,0.11033964
5,1597335909325206000,1597335909325139800,-0.68282318,-0.18007144,-0.70804447,0.98834670,-0.72259015,0.30942976,0.61815590,1.32916260,0.10777782,0.93371713,-0.34140363,0.10743022
5,1597335909334324300,1597335909334194700,-0.68307436,-0.18013030,-0.70778716,0.98938930,-0.72239304,0.30928791,0.61845720,1.32929134,0.10750712,0.93375278,-0.34139150,0.10541296
5,1597335909343200800,1597335909343047000,-0.68209833,-0.18051484,-0.70862997,0.98936546,-0.72324556,0.30961472,0.61729622,1.32987428,0.10797112,0.93357015,-0.34174424,0.10245275
5,1597335909352304000,1597335909352228100,-0.68272483,-0.18013960,-0.70812190,0.98931968,-0.72270977,0.30919638,0.61813283,1.33039415,0.10759851,0.93378133,-0.34128472,0.09930468
5,1597335909361136200,1597335909361093000,-0.68290776,-0.17929831,-0.70815903,0.98817217,-0.72262746,0.30778715,0.61893189,1.33150017,0.10698880,0.93440861,-0.33975613,0.09679270
5,1597335909370291200,1597335909370189200,-0.68306458,-0.17963135,-0.70792335,0.98821199,-0.72250581,0.30794305,0.61899632,1.33242440,0.10680898,0.93429321,-0.34012967,0.09393120
5,1597335909379046400,1597335909378996000,-0.68338358,-0.17996490,-0.70753068,0.98805177,-0.72221816,0.30831069,0.61914903,1.33322251,0.10671419,0.93410778,-0.34066838,0.09098768
5,1597335909387594900,1597335909387470300,-0.68351912,-0.18043780,-0.70727932,0.98788512,-0.72209036,0.30880490,0.61905175,1.33399582,0.10671097,0.93385327,-0.34136647,0.08809948
5,1597335909396525400,1597335909396400800,-0.68413818,-0.18049309,-0.70666641,0.98677862,-0.72160870,0.30832005,0.61985457,1.33541894,0.10599996,0.93400276,-0.34117889,0.08539915
5,1597335909405585600,1597335909405503100,-0.68416882,-0.18018436,-0.70671546,0.98718297,-0.72155750,0.30826324,0.61994243,1.33625305,0.10615046,0.93408108,-0.34091750,0.08290815
5,1597335909414433700,1597335909414380400,-0.68364805,-0.17924526,-0.70745784,0.98687685,-0.72200346,0.30753258,0.61978608,1.33739471,0.10647261,0.93450260,-0.33965975,0.08037066
5,1597335909423589300,1597335909423418000,-0.68388546,-0.17965433,-0.70712459,0.98673475,-0.72181410,0.30772680,0.61991018,1.33842921,0.10623161,0.93436009,-0.34012693,0.07767606
5,1597335909432594700,1597335909432427000,-0.68283153,-0.17799795,-0.70856053,0.98667133,-0.72270530,0.30655244,0.61945349,1.33974218,0.10694951,0.93506277,-0.33796376,0.07551765
5,1597335909441987900,1597335909441925400,-0.68309867,-0.17843434,-0.70819312,0.98680913,-0.72248679,0.30680194,0.61958492,1.34081995,0.10671981,0.93489778,-0.33849248,0.07208133
5,1597335909450360200,1597335909450299100,-0.68304670,-0.17888823,-0.70812881,0.98663509,-0.72254819,0.30705974,0.61938554,1.34201729,0.10663705,0.93472636,-0.33899152,0.06949162
5,1597335909459555300,1597335909459422100,-0.68292356,-0.17921722,-0.70816433,0.98683679,-0.72269654,0.30699056,0.61924678,1.34313250,0.10642010,0.93468618,-0.33917075,0.06763458
5,1597335909468308200,1597335909468158300,-0.68295664,-0.17986223,-0.70796889,0.98623574,-0.72266579,0.30757001,0.61899507,1.34443557,0.10641620,0.93437165,-0.34003729,0.06476784
5,1597335909477367500,1597335909477271100,-0.68352342,-0.18011501,-0.70735741,0.98612440,-0.72217554,0.30774111,0.61948198,1.34590733,0.10610493,0.93426663,-0.34042293,0.06199002
5,1597335909486501600,1597335909486227600,-0.68317813,-0.18070781,-0.70753968,0.98590147,-0.72250038,0.30806074,0.61894411,1.34725142,0.10611719,0.93404680,-0.34102184,0.05932975
5,1597335909495269800,1597335909495175100,-0.68223476,-0.18050334,-0.70850152,0.98749816,-0.72324997,0.30853385,0.61783201,1.34791303,0.10707596,0.93393022,-0.34104156,0.05847573
5,1597335909504175600,1597335909504152600,-0.68196660,-0.18000647,-0.70888603,0.98702204,-0.72347158,0.30820704,0.61773568,1.34972453,0.10728723,0.93413401,-0.34041643,0.05589747
5,1597335909513292900,1597335909513249100,-0.68214262,-0.17999169,-0.70872033,0.98678982,-0.72329199,0.30842152,0.61783886,1.35146642,0.10737877,0.93406606,-0.34057403,0.05315804
5,1597335909522204000,1597335909522110800,-0.68229282,-0.18053621,-0.70843732,0.98662555,-0.72317219,0.30879918,0.61779046,1.35320270,0.10723132,0.93383622,-0.34125021,0.05045629
5,1597335909531180000,1597335909531099000,-0.68219197,-0.18098429,-0.70841992,0.98644650,-0.72335476,0.30836329,0.61779451,1.35447598,0.10663961,0.93389344,-0.34127882,0.04826403
5,1597335909540164800,1597335909540076400,-0.68193871,-0.18107656,-0.70864022,0.98613536,-0.72354037,0.30875164,0.61738306,1.35621667,0.10700028,0.93374717,-0.34156588,0.04556394
5,1597335909549204200,1597335909549130500,-0.68223119,-0.18109056,-0.70835519,0.98590553,-0.72330987,0.30855003,0.61775380,1.35804343,0.10669363,0.93381107,-0.34148699,0.04280281
5,1597335909558046700,1597335909557960200,-0.68160284,-0.18004906,-0.70922500,0.98603809,-0.72384167,0.30778039,0.61751479,1.35956573,0.10710260,0.93426639,-0.34011102,0.04139113
5,1597335909567121200,1597335909567047600,-0.68204033,-0.18012044,-0.70878619,0.98557603,-0.72346669,0.30778807,0.61795020,1.36135936,0.10685048,0.93425012,-0.34023497,0.03848314
5,1597335909576030900,1597335909575936300,-0.68217868,-0.18016410,-0.70864189,0.98524630,-0.72335076,0.30778491,0.61808753,1.36345267,0.10675214,0.93424278,-0.34028611,0.03575635
5,1597335909585137700,1597335909585064800,-0.68195498,-0.18050364,-0.70877075,0.98475730,-0.72354591,0.30807981,0.61771208,1.36551714,0.10685869,0.93408000,-0.34069926,0.03308153
5,1597335909594049300,1597335909593974600,-0.68247122,-0.17924544,-0.70859313,0.98451149,-0.72313190,0.30666304,0.61890066,1.36767983,0.10636418,0.93478829,-0.33890682,0.03006291
5,1597335909603129000,1597335909603037400,-0.68191016,-0.17802951,-0.70943940,0.98428142,-0.72355348,0.30619839,0.61863798,1.36953378,0.10709339,0.93517280,-0.33761364,0.02839327
5,1597335909611920600,1597335909611854300,-0.68155450,-0.17792138,-0.70980817,0.98369753,-0.72386956,0.30605119,0.61834097,1.37178063,0.10722160,0.93524158,-0.33738244,0.02581000
5,1597335909620904000,1597335909620826800,-0.68198705,-0.17826855,-0.70930547,0.98309577,-0.72350550,0.30624023,0.61867338,1.37402236,0.10692789,0.93511361,-0.33783013,0.02324963
5,1597335909629844400,1597335909629822100,-0.68236285,-0.17887104,-0.70879209,0.98402441,-0.72320437,0.30653059,0.61888158,1.37571752,0.10656650,0.93490338,-0.33852538,0.02109528
5,1597335909639106200,1597335909639016400,-0.68187940,-0.17888388,-0.70925391,0.98330438,-0.72358513,0.30690044,0.61825293,1.37735200,0.10707484,0.93477958,-0.33870679,0.01812291
5,1597335909647796600,1597335909647746900,-0.68186545,-0.17886904,-0.70927119,0.98272669,-0.72357494,0.30708334,0.61817408,1.37959671,0.10723314,0.93472236,-0.33881468,0.01550150
5,1597335909656863100,1597335909656763300,-0.68206537,-0.17901894,-0.70904112,0.98323047,-0.72339278,0.30728254,0.61828822,1.38165689,0.10719067,0.93462813,-0.33908772,0.01339912
5,1597335909665871200,1597335909665787000,-0.68213832,-0.17854011,-0.70909166,0.98289883,-0.72323155,0.30771384,0.61826235,1.38306093,0.10781269,0.93457788,-0.33902919,0.01083541
5,1597335909674824300,1597335909674732200,-0.68253738,-0.17850694,-0.70871580,0.98226392,-0.72286832,0.30781522,0.61863655,1.38548148,0.10772258,0.93455082,-0.33913249,0.00817919
5,1597335909683807000,1597335909683731900,-0.68155324,-0.17927930,-0.70946759,0.98156917,-0.72375828,0.30820960,0.61739844,1.38780248,0.10797796,0.93427294,-0.33981615,0.00544167
5,1597335909692857800,1597335909692775500,-0.68200290,-0.18002617,-0.70884603,0.98201168,-0.72332758,0.30919871,0.61740863,1.39023006,0.10802455,0.93380237,-0.34109229,0.00342679
5,1597335909701763500,1597335909701634900,-0.68119240,-0.17960119,-0.70973259,0.98128855,-0.72395658,0.30948335,0.61652821,1.39200902,0.10892123,0.93378997,-0.34084117,0.00082254
5,1597335909710855800,1597335909710806400,-0.68147832,-0.18043715,-0.70924598,0.98056829,-0.72372377,0.31007603,0.61650372,1.39464223,0.10868001,0.93343204,-0.34189677,-0.00198698
5,1597335909719749200,1597335909719627900,-0.68125486,-0.18016669,-0.70952940,0.97972476,-0.72392112,0.30981392,0.61640376,1.39718223,0.10876667,0.93357134,-0.34148872,-0.00464010
5,1597335909728702400,1597335909728643600,-0.68059927,-0.17965952,-0.71028674,0.98084915,-0.72442317,0.30994523,0.61574751,1.39904869,0.10952508,0.93362546,-0.34109804,-0.00634146
5,1597335909737580200,1597335909737526200,-0.68011504,-0.17884019,-0.71095705,0.98018777,-0.72478795,0.30970049,0.61544132,1.40082347,0.11011809,0.93386400,-0.34025320,-0.00925016
5,1597335909746690300,1597335909746602600,-0.68012863,-0.17906916,-0.71088636,0.97926891,-0.72478354,0.30983651,0.61537808,1.40338981,0.11006328,0.93377501,-0.34051508,-0.01220059
5,1597335909755592300,1597335909755500300,-0.68020725,-0.17959845,-0.71067756,0.97834146,-0.72473222,0.31015286,0.61527920,1.40592813,0.10991548,0.93356830,-0.34112900,-0.01502323
5,1597335909764978900,1597335909764844600,-0.67952079,-0.18136561,-0.71088541,0.98156965,-0.72527373,0.31211969,0.61364436,1.40642917,0.11058734,0.93257064,-0.34363151,-0.01478696
5,1597335909773580400,1597335909773487600,-0.67925948,-0.18087775,-0.71125942,0.98074377,-0.72547656,0.31188956,0.61352158,1.40878201,0.11086202,0.93274236,-0.34307647,-0.01765966
5,1597335909782460800,1597335909782379200,-0.67968261,-0.18064553,-0.71091413,0.97979963,-0.72511196,0.31168416,0.61405677,1.41114986,0.11065412,0.93285596,-0.34283447,-0.02070665
5,1597335909791560400,1597335909791491300,-0.67999506,-0.18128058,-0.71045351,0.97899568,-0.72480977,0.31250447,0.61399662,1.41359568,0.11071426,0.93245828,-0.34389544,-0.02378130
5,1597335909800693100,1597335909800602100,-0.67676449,-0.17988342,-0.71388507,0.98392761,-0.72740936,0.31278646,0.61077023,1.41421580,0.11342618,0.93263429,-0.34253162,-0.02114344
5,1597335909809622600,1597335909809575300,-0.67657733,-0.17928949,-0.71421182,0.98399413,-0.72755742,0.31237721,0.61080331,1.41635525,0.11359291,0.93288583,-0.34179074,-0.02279782
5,1597335909818776500,1597335909818606100,-0.67716086,-0.18017191,-0.71343637,0.98317230,-0.72703624,0.31331187,0.61094517,1.41889274,0.11345294,0.93240219,-0.34315401,-0.02571881
5,1597335909827339900,1597335909827307000,-0.67532802,-0.18004256,-0.71520412,0.98743379,-0.72859567,0.31324935,0.60911679,1.41933119,0.11437030,0.93244827,-0.34272429,-0.02363396
5,1597335909836537800,1597335909836471900,-0.67537284,-0.17753580,-0.71578825,0.98700869,-0.72856957,0.31101444,0.61029208,1.42194891,0.11427179,0.93367612,-0.33939785,-0.02611339
5,1597335909845285900,1597335909845230000,-0.67592621,-0.17754886,-0.71526247,0.98633492,-0.72812831,0.31077182,0.61094195,1.42451870,0.11381137,0.93375444,-0.33933723,-0.02873111
5,1597335909854313400,1597335909854245700,-0.67590320,-0.17780834,-0.71521968,0.98562467,-0.72816008,0.31089425,0.61084181,1.42719889,0.11374491,0.93366432,-0.33960730,-0.03144526
5,1597335909863306600,1597335909863194200,-0.67456126,-0.17921579,-0.71613479,0.99074018,-0.72932512,0.31191748,0.60892719,1.42775941,0.11424556,0.93305373,-0.34111404,-0.02846205
5,1597335909872402100,1597335909872293900,-0.67468846,-0.17913261,-0.71603572,0.99066103,-0.72924411,0.31162488,0.60917407,1.43026996,0.11401162,0.93316746,-0.34088111,-0.03066623
5,1597335909881209200,1597335909881167900,-0.67473859,-0.17909598,-0.71599764,0.99000108,-0.72920543,0.31156066,0.60925317,1.43282747,0.11396192,0.93319607,-0.34081972,-0.03312659
5,1597335909890265500,1597335909890199900,-0.67384714,-0.17818996,-0.71706241,0.99399769,-0.73000628,0.31043750,0.60886729,1.43358815,0.11410904,0.93374360,-0.33926719,-0.03123081
5,1597335909899210200,1597335909899084100,-0.67395627,-0.17870054,-0.71683276,0.99349916,-0.72991419,0.31086662,0.60875881,1.43609369,0.11405386,0.93350321,-0.33994657,-0.03371310
5,1597335909908217600,1597335909908129500,-0.67424160,-0.17924339,-0.71642888,0.99359429,-0.72967887,0.31127018,0.60883468,1.43851352,0.11387338,0.93326461,-0.34066138,-0.03513312
5,1597335909917185900,1597335909917162100,-0.67474151,-0.17914590,-0.71598232,0.99297416,-0.72923118,0.31137183,0.60931891,1.44100511,0.11377974,0.93324941,-0.34073430,-0.03756058
5,1597335909926238700,1597335909926169400,-0.67352843,-0.17948273,-0.71703947,0.99526632,-0.73031241,0.31124330,0.60808837,1.44231343,0.11403237,0.93322760,-0.34070969,-0.03670502
5,1597335909935078100,1597335909935057100,-0.67327499,-0.17904443,-0.71738684,0.99548090,-0.73044759,0.31152090,0.60778373,1.44451427,0.11466074,0.93321919,-0.34052187,-0.03808320
5,1597335909944157600,1597335909944121000,-0.67312574,-0.17918316,-0.71749246,0.99485910,-0.73054409,0.31188247,0.60748225,1.44701028,0.11492275,0.93307179,-0.34083730,-0.04045451
5,1597335909953032600,1597335909952979600,-0.67374814,-0.17966691,-0.71678686,0.99423730,-0.73001188,0.31233120,0.60789138,1.44946551,0.11465694,0.93282866,-0.34159154,-0.04268336
5,1597335909962057300,1597335909962002100,-0.67295307,-0.17722207,-0.71814114,0.99403179,-0.73067546,0.31034231,0.60811269,1.45159221,0.11509860,0.93395936,-0.33833757,-0.04453027
5,1597335909971009300,1597335909970942300,-0.67343152,-0.17636675,-0.71790308,0.99439394,-0.73021692,0.31004760,0.60881341,1.45378518,0.11520967,0.93421918,-0.33758181,-0.04564178
5,1597335909980080500,1597335909980027800,-0.67318416,-0.17638996,-0.71812940,0.99374664,-0.73042011,0.31012031,0.60853255,1.45616055,0.11536750,0.93419063,-0.33760685,-0.04784393
5,1597335909988938500,1597335909988900800,-0.67351997,-0.17728868,-0.71759301,0.99300420,-0.73018622,0.31047010,0.60863495,1.45868635,0.11488710,0.93390429,-0.33856156,-0.04952908
5,1597335909997978600,1597335909997958000,-0.67338127,-0.17735243,-0.71770740,0.99223650,-0.73034114,0.31022099,0.60857606,1.46120512,0.11471552,0.93397498,-0.33842474,-0.05172932
5,1597335910006863000,1597335910006772800,-0.67315048,-0.17768914,-0.71784067,0.99350011,-0.73052263,0.31062105,0.60815400,1.46292782,0.11491410,0.93377793,-0.33890066,-0.05222678
5,1597335910015890100,1597335910015853700,-0.67310971,-0.17803529,-0.71779311,0.99293172,-0.73060346,0.31053746,0.60809958,1.46527290,0.11463848,0.93373984,-0.33909893,-0.05431044
5,1597335910024897900,1597335910024783900,-0.67330492,-0.17875531,-0.71743095,0.99223316,-0.73042065,0.31128931,0.60793477,1.46766829,0.11465704,0.93335187,-0.34015918,-0.05571067
5,1597335910034222900,1597335910034193200,-0.67269933,-0.17833790,-0.71810257,0.99133050,-0.73093563,0.31091738,0.60750598,1.47002435,0.11492924,0.93355566,-0.33950746,-0.05808878
5,1597335910042822200,1597335910042701800,-0.67296255,-0.17829230,-0.71786726,0.99075067,-0.73072356,0.31079242,0.60782498,1.47217751,0.11473720,0.93360597,-0.33943403,-0.06010890
5,1597335910051909200,1597335910051840200,-0.67357719,-0.17820194,-0.71731305,0.99016249,-0.73018569,0.31085417,0.60843951,1.47461021,0.11455467,0.93360269,-0.33950475,-0.06221592
5,1597335910060645000,1597335910060590800,-0.67288345,-0.17754945,-0.71812552,0.98935187,-0.73079765,0.31010547,0.60808671,1.47687173,0.11472917,0.93397588,-0.33841753,-0.06418514
5,1597335910069809900,1597335910069711800,-0.67252892,-0.17774314,-0.71840972,0.98918259,-0.73110205,0.31023416,0.60765499,1.47888637,0.11486873,0.93389630,-0.33858979,-0.06576538
5,1597335910078741700,1597335910078706900,-0.67240620,-0.17684954,-0.71874499,0.98841012,-0.73124391,0.30916855,0.60802734,1.48127425,0.11468400,0.93441916,-0.33720702,-0.06782055
5,1597335910087820100,1597335910087733800,-0.67300147,-0.17733544,-0.71806777,0.98778021,-0.73073006,0.30966035,0.60839468,1.48371363,0.11446719,0.93416423,-0.33798620,-0.06995487
5,1597335910096693000,1597335910096566800,-0.67244029,-0.17717165,-0.71863377,0.98644054,-0.73130804,0.30868128,0.60819775,1.48617637,0.11407341,0.93451923,-0.33713681,-0.07201600
5,1597335910105946700,1597335910105794800,-0.67263067,-0.17743140,-0.71839142,0.98637331,-0.73113054,0.30903488,0.60823160,1.48814726,0.11408864,0.93435311,-0.33759183,-0.07414544
5,1597335910114703900,1597335910114652800,-0.67269123,-0.17784953,-0.71823132,0.98576677,-0.73106503,0.30950525,0.60807109,1.49032378,0.11415118,0.93411791,-0.33822104,-0.07633007
5,1597335910123618500,1597335910123563300,-0.67240405,-0.17899200,-0.71821636,0.98506868,-0.73135585,0.31008047,0.60742801,1.49246716,0.11398011,0.93370879,-0.33940619,-0.07773292
5,1597335910132591200,1597335910132507100,-0.67205036,-0.17873672,-0.71861088,0.98431766,-0.73164046,0.30998251,0.60713518,1.49470901,0.11423947,0.93379021,-0.33909482,-0.07980430
5,1597335910141632600,1597335910141475800,-0.67237794,-0.17886347,-0.71827286,0.98375833,-0.73136175,0.31010452,0.60740858,1.49679494,0.11409643,0.93372548,-0.33932132,-0.08165383
5,1597335910150536700,1597335910150470800,-0.67213213,-0.17901054,-0.71846622,0.98303115,-0.73153216,0.31053379,0.60698396,1.49875379,0.11445154,0.93355465,-0.33967167,-0.08371389
5,1597335910159520900,1597335910159472800,-0.67272907,-0.18014812,-0.71762276,0.98147333,-0.73112893,0.31066400,0.60740298,1.50097454,0.11351703,0.93329239,-0.34070426,-0.08555984
5,1597335910168445100,1597335910168384500,-0.67275202,-0.18035185,-0.71755004,0.98062789,-0.73110807,0.31084856,0.60733366,1.50296128,0.11351569,0.93319154,-0.34098071,-0.08741093
5,1597335910177452000,1597335910177396400,-0.67239970,-0.18026876,-0.71790105,0.98111713,-0.73139966,0.31083110,0.60699147,1.50438786,0.11372440,0.93321347,-0.34085131,-0.08812785
5,1597335910186547500,1597335910186433200,-0.67246884,-0.18008041,-0.71788353,0.98015559,-0.73130685,0.31095350,0.60704058,1.50613010,0.11391228,0.93320906,-0.34080061,-0.08993733
5,1597335910195446600,1597335910195395700,-0.67281991,-0.18051696,-0.71744490,0.97927845,-0.73108196,0.31073001,0.60742575,1.50783587,0.11328101,0.93319917,-0.34103805,-0.09148538
5,1597335910204269100,1597335910204206700,-0.67243719,-0.18076441,-0.71774131,0.97882020,-0.73142624,0.31077105,0.60699016,1.50946772,0.11333103,0.93313760,-0.34118983,-0.09256852
