6,1597335907654937100,1597335907654721700,0.04611573,-0.74159217,0.66926432,0.75495148,0.51704156,-0.55553073,-0.65119410,1.52041674,0.85471725,0.37606770,0.35781533,-0.05125523
6,1597335907664254600,1597335907664216600,0.04622433,-0.74147201,0.66938984,0.75458586,0.51688963,-0.55566800,-0.65119761,1.51881564,0.85480326,0.37610179,0.35757384,-0.05137777
6,1597335907673155600,1597335907673112800,0.04603323,-0.74135041,0.66953772,0.75456297,0.51706129,-0.55579245,-0.65095502,1.51715410,0.85470974,0.37615761,0.35773867,-0.05168498
6,1597335907682491000,1597335907682406500,0.04593793,-0.74140668,0.66948193,0.75439990,0.51712686,-0.55574971,-0.65093946,1.51556814,0.85467517,0.37610990,0.35787132,-0.05196321
6,1597335907691089800,1597335907691029000,0.04592863,-0.74160743,0.66926020,0.75426948,0.51696843,-0.55562806,-0.65116906,1.51405215,0.85477149,0.37589371,0.35786843,-0.05195320
6,1597335907700379800,1597335907700236800,0.04593468,-0.74149233,0.66938734,0.75420690,0.51695216,-0.55574465,-0.65108252,1.51249433,0.85478103,0.37594843,0.35778815,-0.05177808
6,1597335907709131800,1597335907709045600,0.04599512,-0.74165869,0.66919887,0.75425994,0.51694822,-0.55555868,-0.65124434,1.51083279,0.85478020,0.37589517,0.35784614,-0.05172265
6,1597335907718312700,1597335907718280100,0.04606304,-0.74146616,0.66940749,0.75414217,0.51707178,-0.55566251,-0.65105760,1.50926065,0.85470182,0.37612140,0.35779572,-0.05168450
6,1597335907727008400,1597335907726925600,0.04606545,-0.74150187,0.66936773,0.75414431,0.51709658,-0.55561578,-0.65107775,1.50792599,0.85468662,0.37611991,0.35783350,-0.05176091
6,1597335907736113500,1597335907736026200,0.04606950,-0.74155772,0.66930556,0.75397861,0.51709986,-0.55555832,-0.65112424,1.50620115,0.85468447,0.37609473,0.35786510,-0.05179477
6,1597335907744944000,1597335907744916500,0.04620841,-0.74166125,0.66918123,0.75394237,0.51717675,-0.55536425,-0.65122873,1.50462890,0.85463041,0.37617713,0.35790753,-0.05194867
6,1597335907754232400,1597335907754055400,0.04624838,-0.74158978,0.66925770,0.75384271,0.51732463,-0.55535156,-0.65112203,1.50307465,0.85453880,0.37633678,0.35795864,-0.05163586
6,1597335907762843900,1597335907762805000,0.04628715,-0.74162728,0.66921347,0.75380456,0.51773208,-0.55511898,-0.65099657,1.50160956,0.85428989,0.37660599,0.35826939,-0.05168009
6,1597335907771501800,1597335907771386000,0.04621148,-0.74163705,0.66920787,0.75357211,0.51789886,-0.55506837,-0.65090704,1.50008845,0.85419291,0.37666133,0.35844249,-0.05142963
6,1597335907780197500,1597335907780161400,0.04619226,-0.74155134,0.66930419,0.75358963,0.51801217,-0.55510998,-0.65078139,1.49863434,0.85412520,0.37676871,0.35849088,-0.05102360
6,1597335907789383400,1597335907789318400,0.04605043,-0.74170059,0.66914862,0.75340438,0.51807654,-0.55499732,-0.65082622,1.49705148,0.85409379,0.37664098,0.35869980,-0.05049586
6,1597335907798176000,1597335907798133600,0.04601011,-0.74183321,0.66900432,0.75329792,0.51836932,-0.55475646,-0.65079838,1.49568439,0.85391825,0.37673464,0.35901916,-0.05011749
6,1597335907807347800,1597335907807266800,0.04593682,-0.74209875,0.66871482,0.75310791,0.51838601,-0.55452216,-0.65098476,1.49429965,0.85391212,0.37655658,0.35922062,-0.04949141
6,1597335907816110900,1597335907816068400,0.04580298,-0.74215037,0.66866672,0.75328934,0.51855606,-0.55445439,-0.65090710,1.49268007,0.85381609,0.37655461,0.35945094,-0.04880905
6,1597335907825409600,1597335907825265400,0.04549477,-0.74218303,0.66865146,0.75325096,0.51913536,-0.55429929,-0.65057731,1.49148488,0.85348040,0.37671843,0.36007577,-0.04879391
6,1597335907834123200,1597335907834079300,0.04570517,-0.74218154,0.66863877,0.75329673,0.51886213,-0.55433100,-0.65076828,1.49016047,0.85363537,0.37667477,0.35975417,-0.04803109
6,1597335907843417800,1597335907843335800,0.04565257,-0.74235517,0.66844964,0.75358403,0.51905864,-0.55409789,-0.65081006,1.48892796,0.85351861,0.37667575,0.36002982,-0.04723048
6,1597335907852540400,1597335907851967300,0.04543701,-0.74231708,0.66850656,0.75333416,0.51927644,-0.55413139,-0.65060776,1.48808813,0.85339773,0.37670133,0.36028978,-0.04664958
6,1597335907861204500,1597335907861155100,0.04571724,-0.74238169,0.66841578,0.75336397,0.51932502,-0.55392665,-0.65074331,1.48713255,0.85335314,0.37687516,0.36021340,-0.04620528
6,1597335907870068400,1597335907870039900,0.04579204,-0.74225855,0.66854739,0.75320864,0.51936156,-0.55399823,-0.65065324,1.48625064,0.85332692,0.37701249,0.36013186,-0.04537034
6,1597335907879175500,1597335907879086500,0.04574931,-0.74225229,0.66855723,0.75304651,0.51937574,-0.55401641,-0.65062642,1.48562026,0.85332054,0.37699810,0.36016199,-0.04433835
6,1597335907888050000,1597335907887973400,0.04572111,-0.74225885,0.66855180,0.75271869,0.51942217,-0.55400163,-0.65060198,1.48518443,0.85329384,0.37700686,0.36021617,-0.04341173
6,1597335907897089800,1597335907897028700,0.04574654,-0.74209070,0.66873676,0.75257075,0.51956773,-0.55408996,-0.65041047,1.48506451,0.85320383,0.37720805,0.36021873,-0.04232979
6,1597335907905967400,1597335907905882100,0.04570839,-0.74203640,0.66879964,0.75205517,0.51977366,-0.55406809,-0.65026456,1.48439145,0.85308045,0.37734690,0.36036548,-0.04135931
6,1597335907915040900,1597335907914997800,0.04570886,-0.74192852,0.66891921,0.75191474,0.51968884,-0.55421025,-0.65021122,1.48437643,0.85313207,0.37735027,0.36023974,-0.03988039
6,1597335907923949400,1597335907923840800,0.04568836,-0.74190110,0.66895109,0.75178754,0.51964825,-0.55426371,-0.65019804,1.48431683,0.85315794,0.37732571,0.36020428,-0.03831804
6,1597335907933109200,1597335907932972100,0.04569325,-0.74193382,0.66891444,0.75172246,0.51980543,-0.55416024,-0.65016067,1.48454928,0.85306185,0.37741324,0.36033988,-0.03734851
6,1597335907941858200,1597335907941811100,0.04562420,-0.74185294,0.66900885,0.75128388,0.51984429,-0.55425137,-0.65005189,1.48452520,0.85304189,0.37743852,0.36036080,-0.03613842
6,1597335907951169600,1597335907951073500,0.04572505,-0.74184293,0.66901314,0.75150037,0.51977879,-0.55424678,-0.65010816,1.48482847,0.85307646,0.37746507,0.36025128,-0.03454804
6,1597335907959847400,1597335907959757300,0.04562277,-0.74172360,0.66915238,0.75121331,0.51979691,-0.55439866,-0.64996415,1.48525834,0.85307091,0.37747645,0.36025241,-0.03295696
6,1597335907968993200,1597335907968873700,0.04539371,-0.74138266,0.66954565,0.75123656,0.52001178,-0.55473286,-0.64950699,1.48603463,0.85295212,0.37765509,0.36034641,-0.03199482
6,1597335907977842800,1597335907977746600,0.04545707,-0.74160445,0.66929567,0.75080132,0.52001923,-0.55448711,-0.64971077,1.48612070,0.85294420,0.37758058,0.36044329,-0.03097010
6,1597335907986982500,1597335907986839200,0.04575577,-0.74176252,0.66910017,0.75103867,0.51980031,-0.55430210,-0.65004379,1.48694611,0.85306168,0.37754172,0.36020595,-0.02930212
6,1597335907995879900,1597335907995798500,0.04561591,-0.74187815,0.66898149,0.75102961,0.52000207,-0.55416065,-0.65000302,1.48727322,0.85294616,0.37752220,0.36049956,-0.02833271
6,1597335908004828200,1597335908004775000,0.04550758,-0.74197364,0.66888297,0.75069296,0.52007622,-0.55408162,-0.65001106,1.48717666,0.85290676,0.37745047,0.36066794,-0.02696276
6,1597335908013778200,1597335908013665400,0.04578471,-0.74199802,0.66883701,0.75084138,0.51997280,-0.55398446,-0.65017658,1.48798382,0.85295498,0.37754518,0.36045480,-0.02534926
6,1597335908022808100,1597335908022758800,0.04591033,-0.74199790,0.66882855,0.75079596,0.51973850,-0.55403429,-0.65032148,1.48828816,0.85309100,0.37747237,0.36020899,-0.02346015
6,1597335908031596800,1597335908031555500,0.04602170,-0.74201763,0.66879904,0.75102293,0.51964170,-0.55401003,-0.65041947,1.48885226,0.85314399,0.37746924,0.36008680,-0.02251101
6,1597335908040811900,1597335908040664100,0.04573920,-0.74218899,0.66862822,0.75077355,0.51993340,-0.55383581,-0.65033472,1.48923039,0.85298151,0.37738785,0.36055690,-0.02110028
6,1597335908049572900,1597335908049487600,0.04589641,-0.74215871,0.66865104,0.75106680,0.51979029,-0.55386090,-0.65042770,1.48988175,0.85306025,0.37741056,0.36034667,-0.01952744
6,1597335908058970900,1597335908058721100,0.04614457,-0.74206239,0.66874087,0.75106442,0.51970339,-0.55388623,-0.65047562,1.49050307,0.85309976,0.37756276,0.36009353,-0.01777601
6,1597335908067441100,1597335908067400700,0.04607993,-0.74213797,0.66866142,0.75112021,0.51979381,-0.55380052,-0.65047634,1.49112749,0.85304815,0.37753993,0.36023962,-0.01643920
6,1597335908076537400,1597335908076485700,0.04582006,-0.74239194,0.66839731,0.75101423,0.51976615,-0.55367756,-0.65060312,1.49189377,0.85307902,0.37722096,0.36050072,-0.01476479
6,1597335908085527000,1597335908085425600,0.04585755,-0.74245858,0.66832078,0.75104904,0.51979834,-0.55358231,-0.65065843,1.49280787,0.85305738,0.37722963,0.36054283,-0.01311326
6,1597335908094782800,1597335908094675200,0.04600033,-0.74229842,0.66848880,0.75097930,0.51979303,-0.55367905,-0.65058041,1.49395370,0.85305297,0.37740269,0.36037213,-0.01175356
6,1597335908103423500,1597335908103395500,0.04550883,-0.74257082,0.66821986,0.75063312,0.52018291,-0.55345303,-0.65046102,1.49489260,0.85284162,0.37719819,0.36108571,-0.00993705
6,1597335908112553500,1597335908112519300,0.04573944,-0.74214751,0.66867417,0.75074351,0.51999092,-0.55385053,-0.65027618,1.49589014,0.85294634,0.37744775,0.36057723,-0.00888872
6,1597335908121337200,1597335908121319600,0.04577100,-0.74217421,0.66864240,0.75052786,0.51999211,-0.55381048,-0.65030932,1.49699187,0.85294396,0.37745407,0.36057633,-0.00754380
6,1597335908130420200,1597335908130320900,0.04594117,-0.74228036,0.66851294,0.75056672,0.52022260,-0.55353194,-0.65036213,1.49801898,0.85279423,0.37765393,0.36072117,-0.00617075
6,1597335908139299200,1597335908139260000,0.04594988,-0.74222904,0.66856933,0.75038898,0.52030563,-0.55354136,-0.65028769,1.49896896,0.85274315,0.37774101,0.36075076,-0.00503492
6,1597335908148605700,1597335908148529100,0.04609057,-0.74225277,0.66853333,0.75042605,0.52031827,-0.55345207,-0.65035361,1.50019336,0.85272777,0.37782520,0.36069876,-0.00365448
6,1597335908157399300,1597335908157298100,0.04630375,-0.74210864,0.66867852,0.75044787,0.52014518,-0.55357701,-0.65038574,1.50112033,0.85282189,0.37792516,0.36037159,-0.00211191
6,1597335908166448400,1597335908166363400,0.04621908,-0.74198985,0.66881621,0.75044835,0.52040964,-0.55361181,-0.65014452,1.50233388,0.85266507,0.37810743,0.36055130,-0.00097609
6,1597335908175340600,1597335908175267300,0.04644385,-0.74195904,0.66883475,0.75028944,0.52032334,-0.55358309,-0.65023798,1.50351810,0.85270560,0.37820986,0.36034811,-0.00014973
6,1597335908184318400,1597335908184259100,0.04672113,-0.74178243,0.66901135,0.75014305,0.52025467,-0.55366564,-0.65022266,1.50490761,0.85273230,0.37843540,0.36004794,0.00107956
6,1597335908193174700,1597335908193150900,0.04644942,-0.74184418,0.66896176,0.74993896,0.52037936,-0.55366749,-0.65012133,1.50608838,0.85267103,0.37831160,0.36032292,0.00334549
6,1597335908202224900,1597335908202196600,0.04629576,-0.74202669,0.66876996,0.74980557,0.52041483,-0.55354059,-0.65020102,1.50738168,0.85265779,0.37813929,0.36053512,0.00533175
6,1597335908211106500,1597335908211087500,0.04633385,-0.74209130,0.66869569,0.74974787,0.52044231,-0.55344921,-0.65025675,1.50881028,0.85263896,0.37814644,0.36057231,0.00708461
6,1597335908220173400,1597335908220149400,0.04620808,-0.74217719,0.66860902,0.74940145,0.52040285,-0.55343735,-0.65029842,1.50992060,0.85266984,0.37799504,0.36065790,0.00905204
6,1597335908228983400,1597335908228950100,0.04630917,-0.74192464,0.66888225,0.74947798,0.52002245,-0.55380797,-0.65028721,1.51167226,0.85289639,0.37794805,0.36017114,0.01043248
6,1597335908238322300,1597335908238237200,0.04614875,-0.74197960,0.66883242,0.74922180,0.52012569,-0.55377793,-0.65023023,1.51348269,0.85284215,0.37788421,0.36036655,0.01244450
6,1597335908247134100,1597335908247025400,0.04660195,-0.74183452,0.66896194,0.74948013,0.51974010,-0.55389464,-0.65043914,1.51516676,0.85305256,0.37799802,0.35974857,0.01433206
6,1597335908309935300,1597335908309908200,0.04907227,-0.73810637,0.67289758,0.75410891,0.51876926,-0.55687219,-0.64866936,1.52585793,0.85350478,0.38091025,0.35557997,0.02979183
6,1597335908318827800,1597335908318769200,0.04929951,-0.73787361,0.67313623,0.75444746,0.51888114,-0.55694878,-0.64851409,1.52750850,0.85342371,0.38124904,0.35541141,0.03188133
6,1597335908327959600,1597335908327915700,0.07272208,-0.76120156,0.64442527,0.75614274,0.48789972,-0.53639156,-0.68864948,1.52801585,0.86986524,0.36449489,0.33238259,0.03540063
6,1597335908336803800,1597335908336724000,0.05535033,-0.74531162,0.66441488,0.75138152,0.51201594,-0.55009329,-0.65972507,1.53215671,0.85719091,0.37670699,0.35116360,0.03157544
6,1597335908346123400,1597335908346036000,0.05576211,-0.74529856,0.66439509,0.75166357,0.51187545,-0.54998827,-0.65992159,1.53400087,0.85724807,0.37688616,0.35083157,0.03345823
6,1597335908354922900,1597335908354855600,0.05574232,-0.74539590,0.66428757,0.75193465,0.51212102,-0.54979223,-0.65989447,1.53571701,0.85710275,0.37697965,0.35108626,0.03523040
6,1597335908363834600,1597335908363764100,0.05502364,-0.74552202,0.66420591,0.75206649,0.51193625,-0.55006182,-0.65981311,1.53751516,0.85725945,0.37633637,0.35139340,0.03717732
6,1597335908372673900,1597335908372619300,0.05298832,-0.74307120,0.66711146,0.74998176,0.51474798,-0.55213147,-0.65588522,1.54028296,0.85570258,0.37814850,0.35323793,0.03655386
6,1597335908381824800,1597335908381808100,0.05306238,-0.74310076,0.66707259,0.75003779,0.51462436,-0.55212480,-0.65598786,1.54218221,0.85577232,0.37810007,0.35312074,0.03814363
6,1597335908390685600,1597335908390651200,0.05310947,-0.74323732,0.66691673,0.75013757,0.51470685,-0.55193359,-0.65608406,1.54398823,0.85571986,0.37811080,0.35323653,0.03970647
6,1597335908399792200,1597335908399769200,0.05250081,-0.74350947,0.66666150,0.75000250,0.51509988,-0.55175674,-0.65592426,1.54556751,0.85552084,0.37783381,0.35401404,0.04223275
6,1597335908408724400,1597335908408689100,0.05185962,-0.74267101,0.66764557,0.74890530,0.51601470,-0.55245423,-0.65461683,1.54775953,0.85500848,0.37846306,0.35457909,0.04272580
6,1597335908417953600,1597335908417919800,0.05197465,-0.74256951,0.66774952,0.74890268,0.51594061,-0.55253661,-0.65460575,1.54954362,0.85504627,0.37854192,0.35440391,0.04436517
6,1597335908426741500,1597335908426585900,0.05064130,-0.74296260,0.66741467,0.75005591,0.51686662,-0.55231994,-0.65405786,1.55120599,0.85456681,0.37808669,0.35604244,0.04673409
6,1597335908435706500,1597335908435650500,0.05007917,-0.74263245,0.66782433,0.75100780,0.51742399,-0.55264008,-0.65334636,1.55320644,0.85426265,0.37826729,0.35658014,0.04932237
6,1597335908444494400,1597335908444450500,0.05027077,-0.74288911,0.66752434,0.75136423,0.51725447,-0.55238080,-0.65369970,1.55491865,0.85435402,0.37814191,0.35649419,0.05114579
6,1597335908453581200,1597335908453520100,0.05040976,-0.74270588,0.66771781,0.75172150,0.51728004,-0.55248868,-0.65358835,1.55670536,0.85433030,0.37834430,0.35633612,0.05306387
6,1597335908462423800,1597335908462301800,0.05044430,-0.74299258,0.66739613,0.75145733,0.51689625,-0.55236274,-0.65399826,1.55873156,0.85456055,0.37796500,0.35618660,0.05411911
6,1597335908471584300,1597335908471426900,0.05031145,-0.74258798,0.66785634,0.75033510,0.51723897,-0.55266488,-0.65347183,1.56112099,0.85436100,0.37831843,0.35629010,0.05436158
6,1597335908480404700,1597335908480373800,0.05043983,-0.74254817,0.66789091,0.75060308,0.51724911,-0.55264372,-0.65348172,1.56292009,0.85434729,0.37842745,0.35620713,0.05608034
6,1597335908489526200,1597335908489474700,0.05051729,-0.74261743,0.66780806,0.75091505,0.51731521,-0.55251306,-0.65353984,1.56475699,0.85430270,0.37848228,0.35625589,0.05785608
6,1597335908498338600,1597335908498277900,0.05035675,-0.74277586,0.66764396,0.75077307,0.51715904,-0.55249673,-0.65367728,1.56657577,0.85440671,0.37819517,0.35631135,0.05985332
6,1597335908507400100,1597335908507377200,0.05043402,-0.74219495,0.66828382,0.74896038,0.51724565,-0.55299318,-0.65318877,1.56913304,0.85434973,0.37860981,0.35600749,0.05929422
6,1597335908516276000,1597335908516230800,0.05065975,-0.74225372,0.66820151,0.74905288,0.51721603,-0.55285108,-0.65333253,1.57098484,0.85435426,0.37870216,0.35589832,0.06094837
6,1597335908525383900,1597335908525349300,0.05032304,-0.74227095,0.66820776,0.74950230,0.51746386,-0.55287027,-0.65311998,1.57253528,0.85422415,0.37864029,0.35627630,0.06322861
6,1597335908534332100,1597335908534210600,0.05018815,-0.74218649,0.66831172,0.74754286,0.51791775,-0.55280995,-0.65281123,1.57463074,0.85395700,0.37889385,0.35664710,0.06241512
6,1597335908543279700,1597335908543210600,0.05027485,-0.74226189,0.66822153,0.74750245,0.51796150,-0.55267936,-0.65288705,1.57647061,0.85392535,0.37893680,0.35667723,0.06387067
6,1597335908552244900,1597335908552174200,0.05048394,-0.74208093,0.66840672,0.74744081,0.51792884,-0.55277991,-0.65282780,1.57828736,0.85393280,0.37914440,0.35643864,0.06529808
6,1597335908561314300,1597335908561196600,0.05045369,-0.74203902,0.66845548,0.74771345,0.51790917,-0.55284268,-0.65279031,1.57983446,0.85394657,0.37913483,0.35641593,0.06720543
6,1597335908570140000,1597335908570120200,0.05047098,-0.74195677,0.66854542,0.74658263,0.51797420,-0.55288655,-0.65270150,1.58157158,0.85390604,0.37923172,0.35640985,0.06764174
6,1597335908579294300,1597335908579210800,0.05052227,-0.74203008,0.66846031,0.74637747,0.51795745,-0.55280030,-0.65278786,1.58322334,0.85391319,0.37921429,0.35641131,0.06896544
6,1597335908588230600,1597335908588193600,0.05058873,-0.74192744,0.66856909,0.74625015,0.51769751,-0.55298704,-0.65283591,1.58478260,0.85406685,0.37914267,0.35611913,0.07023859
6,1597335908597355300,1597335908597299100,0.05054194,-0.74203855,0.66844940,0.74614799,0.51758474,-0.55294889,-0.65295762,1.58634686,0.85413796,0.37898090,0.35612074,0.07177305
6,1597335908606050800,1597335908606021700,0.05073789,-0.74170870,0.66880047,0.74560297,0.51748276,-0.55323130,-0.65279919,1.58781266,0.85418820,0.37921435,0.35575169,0.07280898
6,1597335908615186600,1597335908615126300,0.05082718,-0.74214232,0.66831243,0.74539673,0.51736891,-0.55281955,-0.65323812,1.58905935,0.85425180,0.37896633,0.35586309,0.07391119
6,1597335908624115500,1597335908623976400,0.05086389,-0.74196553,0.66850603,0.74607313,0.51748902,-0.55292314,-0.65305531,1.59016681,0.85417688,0.37916142,0.35583520,0.07536077
6,1597335908633052000,1597335908633007200,0.05068678,-0.74192929,0.66855961,0.74576175,0.51763171,-0.55297196,-0.65290087,1.59159493,0.85410094,0.37916106,0.35601783,0.07634139
6,1597335908642073500,1597335908642010000,0.05107307,-0.74182737,0.66864336,0.74562895,0.51713818,-0.55312312,-0.65316385,1.59269476,0.85437685,0.37914008,0.35537755,0.07721114
6,1597335908651197000,1597335908651044100,0.05114633,-0.74190950,0.66854662,0.74550748,0.51725215,-0.55296052,-0.65321130,1.59379411,0.85430348,0.37921649,0.35547245,0.07819152
6,1597335908659994900,1597335908659967200,0.05082366,-0.74207187,0.66839099,0.74608123,0.51748371,-0.55283904,-0.65313071,1.59484458,0.85418248,0.37907591,0.35591280,0.07949948
6,1597335908669119400,1597335908669075100,0.05107743,-0.74193078,0.66852820,0.74628103,0.51737624,-0.55291450,-0.65315193,1.59626675,0.85423249,0.37924191,0.35561594,0.08058834
6,1597335908677987700,1597335908677879400,0.05122817,-0.74197114,0.66847187,0.74625885,0.51746571,-0.55276990,-0.65320349,1.59737015,0.85416925,0.37937361,0.35562730,0.08152056
6,1597335908687184700,1597335908687117100,0.05133438,-0.74198186,0.66845191,0.74619067,0.51748216,-0.55270606,-0.65324444,1.59853351,0.85415292,0.37944573,0.35558957,0.08247781
6,1597335908695844500,1597335908695808300,0.05117112,-0.74199772,0.66844690,0.74676442,0.51755160,-0.55273062,-0.65316862,1.59940028,0.85412061,0.37937909,0.35573825,0.08342505
6,1597335908705078400,1597335908705000900,0.05111834,-0.74184543,0.66861987,0.74671650,0.51759601,-0.55288261,-0.65300483,1.60053492,0.85409689,0.37945551,0.35571381,0.08429503
6,1597335908713918100,1597335908713814400,0.05111724,-0.74195409,0.66849935,0.74670517,0.51764870,-0.55275351,-0.65307236,1.60148978,0.85406506,0.37943104,0.35581633,0.08515501
6,1597335908722910600,1597335908722889200,0.05112794,-0.74191093,0.66854644,0.74672639,0.51760262,-0.55281144,-0.65305978,1.60235965,0.85409224,0.37943098,0.35575098,0.08597898
6,1597335908731723900,1597335908731687600,0.05107751,-0.74200374,0.66844726,0.74631226,0.51737881,-0.55284208,-0.65321124,1.60330892,0.85423088,0.37920484,0.35565928,0.08592510
6,1597335908741166000,1597335908741081800,0.05095878,-0.74228728,0.66814142,0.74633849,0.51750016,-0.55256253,-0.65335160,1.60398507,0.85416448,0.37905729,0.35597593,0.08647394
6,1597335908749791400,1597335908749668500,0.05121773,-0.74209607,0.66833401,0.74629855,0.51733828,-0.55270892,-0.65335596,1.60451329,0.85424709,0.37921813,0.35560623,0.08690715
6,1597335908758979700,1597335908758813700,0.05111882,-0.74234182,0.66806865,0.74644673,0.51732320,-0.55251831,-0.65352911,1.60479331,0.85426205,0.37901506,0.35578662,0.08702636
6,1597335908767840600,1597335908767712800,0.05147827,-0.74207026,0.66834277,0.74632251,0.51716745,-0.55269700,-0.65350127,1.60517037,0.85433483,0.37928623,0.35532269,0.08689594
6,1597335908776828200,1597335908776658100,0.05173740,-0.74222887,0.66814655,0.74638069,0.51702487,-0.55249262,-0.65378690,1.60520959,0.85440546,0.37927359,0.35516632,0.08682394
6,1597335908785620500,1597335908785550600,0.05183470,-0.74217981,0.66819346,0.74650180,0.51695806,-0.55252796,-0.65380985,1.60505033,0.85443997,0.37931794,0.35503575,0.08665848
6,1597335908794758300,1597335908794657800,0.05169952,-0.74224824,0.66812789,0.74687254,0.51608360,-0.55290741,-0.65417981,1.60472155,0.85497659,0.37863064,0.35447714,0.08686137
6,1597335908803595100,1597335908803560800,0.05228716,-0.74204236,0.66831088,0.74649799,0.51564056,-0.55305040,-0.65440828,1.60424256,0.85520822,0.37882531,0.35370970,0.08584118
6,1597335908812920300,1597335908812856200,0.05260879,-0.74210614,0.66821486,0.74668229,0.51559830,-0.55286711,-0.65459639,1.60361338,0.85521388,0.37896794,0.35354304,0.08523893
6,1597335908821691500,1597335908821585300,0.05304623,-0.74193013,0.66837567,0.74683559,0.51519734,-0.55302733,-0.65477675,1.60297227,0.85542852,0.37907881,0.35290444,0.08466792
6,1597335908830826100,1597335908830702400,0.05296761,-0.74207032,0.66822612,0.74707806,0.51524115,-0.55290455,-0.65484595,1.60193729,0.85540700,0.37898320,0.35305917,0.08371758
6,1597335908839593700,1597335908839443400,0.05312461,-0.74199325,0.66829944,0.74711549,0.51529944,-0.55288619,-0.65481555,1.60132480,0.85536218,0.37916109,0.35297686,0.08319831
6,1597335908848556100,1597335908848521300,0.05310619,-0.74197912,0.66831654,0.74728119,0.51531518,-0.55290103,-0.65479064,1.60037804,0.85535377,0.37916708,0.35299069,0.08246636
6,1597335908857428600,1597335908857360800,0.05313405,-0.74193555,0.66836262,0.74745262,0.51544434,-0.55287427,-0.65471160,1.59941173,0.85527426,0.37929118,0.35305005,0.08167362
6,1597335908866788300,1597335908866727900,0.05326471,-0.74193889,0.66834849,0.74748480,0.51514614,-0.55294651,-0.65488529,1.59830761,0.85544580,0.37917936,0.35275444,0.08088851
6,1597335908875362200,1597335908875276800,0.05318329,-0.74181437,0.66849327,0.74724281,0.51529270,-0.55303890,-0.65469193,1.59743214,0.85536259,0.37928829,0.35283905,0.07968450
6,1597335908884515300,1597335908884423000,0.05318865,-0.74187529,0.66842520,0.74738276,0.51532602,-0.55296206,-0.65473062,1.59636581,0.85534221,0.37928107,0.35289633,0.07879519
6,1597335908893507500,1597335908893407800,0.05303445,-0.74169976,0.66863221,0.74740243,0.51532269,-0.55320245,-0.65453011,1.59526420,0.85535371,0.37927395,0.35287598,0.07776952
6,1597335908902578200,1597335908902502500,0.05299944,-0.74155337,0.66879737,0.74658370,0.51534945,-0.55334902,-0.65438515,1.59431672,0.85533983,0.37934631,0.35283196,0.07569933
6,1597335908911252600,1597335908911197400,0.05299899,-0.74165738,0.66868204,0.74668527,0.51556993,-0.55314964,-0.65438002,1.59319496,0.85520691,0.37943381,0.35305989,0.07467341
6,1597335908920411200,1597335908920333000,0.05296996,-0.74165022,0.66869235,0.74677336,0.51562405,-0.55314529,-0.65434110,1.59201765,0.85517609,0.37945423,0.35311264,0.07359171
6,1597335908929258200,1597335908929174300,0.05275214,-0.74186862,0.66846722,0.74708128,0.51556265,-0.55305326,-0.65446723,1.59072244,0.85522664,0.37916124,0.35330501,0.07263899
6,1597335908938578000,1597335908938491700,0.05287498,-0.74192423,0.66839576,0.74669766,0.51550281,-0.55297202,-0.65458298,1.58957922,0.85525501,0.37917095,0.35322565,0.07088637
6,1597335908947151200,1597335908947114200,0.05283120,-0.74186945,0.66846013,0.74676216,0.51578081,-0.55292141,-0.65440673,1.58843172,0.85509014,0.37935191,0.35343057,0.06968713
6,1597335908956224000,1597335908956185200,0.05296510,-0.74187666,0.66844141,0.74681938,0.51570529,-0.55288965,-0.65449309,1.58715868,0.85512745,0.37938401,0.35330588,0.06838369
6,1597335908965115400,1597335908965073600,0.05284435,-0.74200249,0.66831136,0.74712229,0.51595676,-0.55270737,-0.65444881,1.58599043,0.85498321,0.37940365,0.35363376,0.06715250
6,1597335908974326400,1597335908974248300,0.05295521,-0.74197161,0.66833681,0.74637520,0.51606077,-0.55264324,-0.65442103,1.58480835,0.85491353,0.37955737,0.35363716,0.06482553
6,1597335908983102200,1597335908983083300,0.05291018,-0.74217916,0.66810989,0.74637234,0.51609462,-0.55244452,-0.65456206,1.58353972,0.85489589,0.37944087,0.35380477,0.06337762
6,1597335908992200500,1597335908992172500,0.05296519,-0.74221981,0.66806036,0.74638855,0.51613677,-0.55236202,-0.65459847,1.58213353,0.85486704,0.37948141,0.35383099,0.06176543
6,1597335909001022600,1597335909000907900,0.05289945,-0.74223167,0.66805243,0.74587679,0.51625955,-0.55232453,-0.65453327,1.58096433,0.85479695,0.37951288,0.35396653,0.05893517
6,1597335909010230400,1597335909010139400,0.05291852,-0.74207824,0.66822129,0.74584496,0.51625741,-0.55246741,-0.65441436,1.57959151,0.85479707,0.37960482,0.35386768,0.05714059
6,1597335909019141600,1597335909018960500,0.05318087,-0.74204665,0.66823554,0.74587119,0.51612514,-0.55244303,-0.65453929,1.57825327,0.85486060,0.37970212,0.35360956,0.05545688
6,1597335909028615300,1597335909028425600,0.05279514,-0.74249071,0.66777277,0.74622416,0.51625937,-0.55211610,-0.65470922,1.57678533,0.85480356,0.37930942,0.35416874,0.05362797
6,1597335909037021400,1597335909036943400,0.05261716,-0.74255270,0.66771781,0.74585021,0.51632571,-0.55210328,-0.65466774,1.57568884,0.85477448,0.37920660,0.35434896,0.05168176
6,1597335909046010500,1597335909045924100,0.05248204,-0.74241167,0.66788530,0.74585629,0.51618052,-0.55236465,-0.65456170,1.57436705,0.85487044,0.37910205,0.35422921,0.04989862
6,1597335909055148600,1597335909054942500,0.05248702,-0.74264580,0.66762453,0.74590170,0.51630610,-0.55207729,-0.65470511,1.57312882,0.85479426,0.37906209,0.35445571,0.04816723
6,1597335909064012300,1597335909063945700,0.05233192,-0.74275964,0.66751003,0.74647224,0.51622742,-0.55206794,-0.65477502,1.57189107,0.85485137,0.37885261,0.35454217,0.04627967
6,1597335909073151700,1597335909072993800,0.05217305,-0.74266690,0.66762567,0.74584556,0.51637477,-0.55216259,-0.65457898,1.57085228,0.85477197,0.37889642,0.35468656,0.04370737
6,1597335909082183300,1597335909082053500,0.05229524,-0.74281198,0.66745472,0.74585712,0.51628315,-0.55200785,-0.65478170,1.56971943,0.85481989,0.37883759,0.35463399,0.04177022
6,1597335909090919700,1597335909090860400,0.05236819,-0.74267286,0.66760373,0.74585187,0.51605356,-0.55221432,-0.65478861,1.56868839,0.85495406,0.37880936,0.35434055,0.03982067
6,1597335909100075100,1597335909099996100,0.05239585,-0.74284279,0.66741252,0.74637544,0.51577705,-0.55215806,-0.65505391,1.56758618,0.85511929,0.37855813,0.35421050,0.03767538
6,1597335909108932400,1597335909108861000,0.05243626,-0.74293160,0.66731048,0.74563444,0.51583058,-0.55202961,-0.65512002,1.56686580,0.85508442,0.37857115,0.35428053,0.03481317
6,1597335909118105300,1597335909118056100,0.05234170,-0.74284732,0.66741174,0.74567723,0.51593637,-0.55210662,-0.65497178,1.56593227,0.85502636,0.37862432,0.35436377,0.03270340
6,1597335909127078900,1597335909126919100,0.05252299,-0.74267167,0.66759288,0.74567342,0.51590693,-0.55221319,-0.65490514,1.56508708,0.85503304,0.37881336,0.35414562,0.03070664
6,1597335909136018000,1597335909135997700,0.05278197,-0.74296731,0.66724342,0.74634063,0.51559353,-0.55194920,-0.65537435,1.56390595,0.85520613,0.37861830,0.35393625,0.02845287
6,1597335909144936800,1597335909144894500,0.05269498,-0.74274600,0.66749668,0.74592245,0.51583767,-0.55209619,-0.65505832,1.56350112,0.85506421,0.37883815,0.35404366,0.02573228
6,1597335909153998200,1597335909153952700,0.05245370,-0.74285346,0.66739619,0.74601603,0.51625377,-0.55191129,-0.65488631,1.56275177,0.85482794,0.37889695,0.35455114,0.02349615
6,1597335909162803500,1597335909162754300,0.05261704,-0.74285656,0.66737980,0.74611020,0.51617336,-0.55187279,-0.65498215,1.56207466,0.85486650,0.37894684,0.35440493,0.02126265
6,1597335909171953400,1597335909171883100,0.05232221,-0.74269873,0.66757864,0.74615979,0.51620477,-0.55214196,-0.65473050,1.56139040,0.85486555,0.37886417,0.35449541,0.01913476
6,1597335909181243300,1597335909181111900,0.05246165,-0.74282229,0.66743016,0.74620497,0.51595712,-0.55206978,-0.65498650,1.56077600,0.85500658,0.37872696,0.35430199,0.01685834
6,1597335909190307300,1597335909190213400,0.05219832,-0.74304610,0.66720164,0.74632573,0.51593584,-0.55197400,-0.65508401,1.56025934,0.85503548,0.37842745,0.35455209,0.01461744
6,1597335909199288000,1597335909199247100,0.05212539,-0.74296784,0.66729450,0.74680960,0.51579821,-0.55214339,-0.65504956,1.55962038,0.85512292,0.37833399,0.35444087,0.01230836
6,1597335909208137100,1597335909208064800,0.05203471,-0.74290204,0.66737485,0.74614751,0.51613653,-0.55209768,-0.65482157,1.55925941,0.85492438,0.37852997,0.35471064,0.00910449
6,1597335909217357600,1597335909217210600,0.05200666,-0.74298275,0.66728717,0.74622214,0.51606715,-0.55206138,-0.65490687,1.55876935,0.85496795,0.37842447,0.35471815,0.00675702
6,1597335909226049900,1597335909225997100,0.05194315,-0.74314469,0.66711175,0.74678528,0.51600254,-0.55195856,-0.65504444,1.55848169,0.85501075,0.37825638,0.35479409,0.00470138
6,1597335909235267800,1597335909235106600,0.05191195,-0.74320173,0.66705060,0.74691403,0.51588500,-0.55196810,-0.65512902,1.55824411,0.85508358,0.37813038,0.35475287,0.00238347
6,1597335909244022800,1597335909243976600,0.05183145,-0.74323857,0.66701579,0.74623418,0.51602262,-0.55190593,-0.65507293,1.55794084,0.85500544,0.37814859,0.35492188,-0.00070858
6,1597335909253080900,1597335909252963500,0.05179390,-0.74317145,0.66709358,0.74631774,0.51604521,-0.55197829,-0.65499419,1.55779481,0.85499406,0.37817514,0.35492101,-0.00304914
6,1597335909262059500,1597335909262012400,0.05143172,-0.74330020,0.66697812,0.74674189,0.51629591,-0.55189818,-0.65486413,1.55788088,0.85486460,0.37803879,0.35537779,-0.00530434
6,1597335909271142900,1597335909271091500,0.05146238,-0.74335521,0.66691446,0.74618661,0.51621711,-0.55186576,-0.65495360,1.55769277,0.85491037,0.37797809,0.35533237,-0.00841188
6,1597335909280778100,1597335909280627600,0.05177271,-0.74349743,0.66673189,0.74628186,0.51618075,-0.55160731,-0.65519989,1.55771542,0.85491353,0.37807566,0.35522085,-0.01093602
6,1597335909289504800,1597335909289266800,0.05149290,-0.74339783,0.66686451,0.74630415,0.51626635,-0.55178881,-0.65497959,1.55783999,0.85487878,0.37800652,0.35537809,-0.01322770
6,1597335909298567200,1597335909298346800,0.05124119,-0.74336016,0.66692597,0.74628329,0.51614672,-0.55198801,-0.65490597,1.55819941,0.85496604,0.37778980,0.35539836,-0.01609397
6,1597335909307294900,1597335909307272700,0.05132729,-0.74330103,0.66698521,0.74639618,0.51590228,-0.55211669,-0.65499014,1.55842018,0.85510844,0.37771800,0.35513204,-0.01849246
6,1597335909316238400,1597335909316172000,0.05130425,-0.74349070,0.66677558,0.74646866,0.51589930,-0.55194169,-0.65513992,1.55873775,0.85511160,0.37760055,0.35524940,-0.02097845
6,1597335909325242000,1597335909325177700,0.05107871,-0.74345249,0.66683549,0.74727333,0.51595217,-0.55205369,-0.65500391,1.55887389,0.85509324,0.37751195,0.35538781,-0.02326465
6,1597335909334347100,1597335909334224900,0.05122524,-0.74353164,0.66673601,0.74669755,0.51572567,-0.55201238,-0.65521711,1.55977845,0.85522109,0.37741649,0.35518140,-0.02660728
6,1597335909343255400,1597335909343083500,0.05126071,-0.74336845,0.66691524,0.74686337,0.51545703,-0.55227596,-0.65520644,1.56035519,0.85538089,0.37735248,0.35486442,-0.02916336
6,1597335909352325300,1597335909352270700,0.05168739,-0.74318779,0.66708368,0.74700606,0.51511282,-0.55242038,-0.65535539,1.56094337,0.85556257,0.37749690,0.35427240,-0.03185439
6,1597335909361187200,1597335909361120800,0.05081755,-0.74360585,0.66668451,0.74765146,0.51611239,-0.55194563,-0.65496880,1.56147408,0.85501212,0.37736800,0.35573575,-0.03300178
6,1597335909370320600,1597335909370214500,0.05091432,-0.74356049,0.66672766,0.74736679,0.51564676,-0.55215365,-0.65516019,1.56231165,0.85528725,0.37715295,0.35530210,-0.03624916
6,1597335909379067800,1597335909379014000,0.05080998,-0.74350697,0.66679525,0.74757588,0.51570094,-0.55222750,-0.65505528,1.56302571,0.85526079,0.37715027,0.35536864,-0.03869534
6,1597335909387617500,1597335909387507600,0.05106530,-0.74353629,0.66674310,0.74778056,0.51569164,-0.55209219,-0.65517664,1.56373751,0.85525125,0.37729058,0.35524273,-0.04110980
6,1597335909396580400,1597335909396431700,0.05124050,-0.74341559,0.66686416,0.74830520,0.51560730,-0.55217201,-0.65517575,1.56434059,0.85529155,0.37741154,0.35501698,-0.04333591
6,1597335909405607700,1597335909405523100,0.05132696,-0.74324363,0.66704917,0.74785697,0.51536685,-0.55240959,-0.65516472,1.56537390,0.85543132,0.37740260,0.35468972,-0.04668450
6,1597335909414470000,1597335909414420000,0.05077484,-0.74346310,0.66684693,0.74803889,0.51598680,-0.55215979,-0.65488720,1.56632650,0.85509044,0.37733597,0.35558134,-0.04898691
6,1597335909423635500,1597335909423436500,0.05068082,-0.74369180,0.66659898,0.74823403,0.51600522,-0.55196768,-0.65503460,1.56735718,0.85508490,0.37716621,0.35577473,-0.05146766
6,1597335909432626200,1597335909432451400,0.05047148,-0.74339586,0.66694480,0.74878943,0.51566410,-0.55249941,-0.65485495,1.56825244,0.85530305,0.37697095,0.35545713,-0.05252767
6,1597335909442137100,1597335909441961800,0.05038825,-0.74322492,0.66714168,0.74826097,0.51523936,-0.55289042,-0.65485930,1.56947279,0.85556394,0.37673482,0.35507965,-0.05541432
6,1597335909450385600,1597335909450334500,0.05020925,-0.74339551,0.66696507,0.74845278,0.51537466,-0.55274075,-0.65487915,1.57051420,0.85549295,0.37661785,0.35537449,-0.05749261
6,1597335909459578500,1597335909459450200,0.04988194,-0.74350852,0.66686362,0.74866676,0.51515538,-0.55286765,-0.65494460,1.57152486,0.85564411,0.37620825,0.35544431,-0.05941308
6,1597335909468361000,1597335909468179000,0.04968771,-0.74332613,0.66708148,0.74821866,0.51560283,-0.55293381,-0.65453649,1.57275486,0.85538590,0.37647146,0.35578704,-0.06231415
6,1597335909477391500,1597335909477291700,0.04959965,-0.74353039,0.66686028,0.74832213,0.51555640,-0.55279166,-0.65469313,1.57398629,0.85541898,0.37627658,0.35591361,-0.06449270
6,1597335909486524900,1597335909486254700,0.04954815,-0.74330878,0.66711116,0.74848783,0.51550269,-0.55305511,-0.65451294,1.57522357,0.85545433,0.37632746,0.35577479,-0.06656361
6,1597335909495292500,1597335909495194900,0.04958081,-0.74348742,0.66690964,0.74904335,0.51546729,-0.55288124,-0.65468764,1.57650280,0.85547376,0.37623003,0.35583115,-0.06873059
6,1597335909504222000,1597335909504188700,0.04960635,-0.74347007,0.66692704,0.74867427,0.51550186,-0.55287206,-0.65466821,1.57786226,0.85545146,0.37627780,0.35583425,-0.07153988
6,1597335909513314900,1597335909513267600,0.04950553,-0.74347568,0.66692835,0.74887002,0.51566076,-0.55284017,-0.65456992,1.57926154,0.85536146,0.37631360,0.35601258,-0.07369423
6,1597335909522229100,1597335909522138200,0.04966357,-0.74353456,0.66685092,0.74906719,0.51566315,-0.55271304,-0.65467542,1.58070970,0.85535091,0.37638393,0.35596371,-0.07586288
6,1597335909531201800,1597335909531119300,0.04962346,-0.74342924,0.66697133,0.74968398,0.51539445,-0.55295199,-0.65468520,1.58201134,0.85551518,0.37624106,0.35571998,-0.07792068
6,1597335909540188000,1597335909540103900,0.04942566,-0.74346799,0.66694283,0.74906242,0.51572520,-0.55285388,-0.65450764,1.58364034,0.85532725,0.37630865,0.35610002,-0.08094859
6,1597335909549225800,1597335909549151100,0.04958832,-0.74341458,0.66699022,0.74922550,0.51552141,-0.55292565,-0.65460753,1.58518314,0.85544074,0.37630859,0.35582751,-0.08319163
6,1597335909558099200,1597335909557981100,0.04963359,-0.74337733,0.66702837,0.74944365,0.51530719,-0.55303687,-0.65468222,1.58664060,0.85556716,0.37621871,0.35561854,-0.08533716
6,1597335909567178100,1597335909567075000,0.04939058,-0.74353850,0.66686672,0.74922884,0.51544094,-0.55292475,-0.65467167,1.58847034,0.85550070,0.37606499,0.35594094,-0.08777595
6,1597335909576054800,1597335909575964700,0.04923418,-0.74371672,0.66667962,0.74923742,0.51544428,-0.55281579,-0.65476102,1.59011555,0.85550767,0.37587273,0.35612714,-0.08987737
6,1597335909585161600,1597335909585084900,0.04967183,-0.74354619,0.66683733,0.74945068,0.51494962,-0.55301178,-0.65498471,1.59175229,0.85578018,0.37592191,0.35541975,-0.09214664
6,1597335909594078600,1597335909594022200,0.04964799,-0.74366850,0.66670275,0.75004375,0.51514113,-0.55281776,-0.65499789,1.59353900,0.85566628,0.37596530,0.35564795,-0.09459364
6,1597335909603179900,1597335909603086900,0.04929399,-0.74384236,0.66653496,0.74961722,0.51554346,-0.55262297,-0.65484571,1.59566557,0.85544443,0.37590766,0.35624209,-0.09750724
6,1597335909611957700,1597335909611874900,0.04940376,-0.74377501,0.66660190,0.74982703,0.51529819,-0.55274945,-0.65493196,1.59734464,0.85558587,0.37585485,0.35595804,-0.09968591
6,1597335909620925800,1597335909620847600,0.04951200,-0.74392188,0.66643006,0.75005889,0.51514018,-0.55262786,-0.65515888,1.59911144,0.85567474,0.37574306,0.35586238,-0.10188019
6,1597335909629871300,1597335909629850000,0.04930964,-0.74405307,0.66629863,0.75037062,0.51536012,-0.55248970,-0.65510243,1.60097253,0.85555398,0.37568656,0.35621217,-0.10380220
6,1597335909639130600,1597335909639062300,0.04923362,-0.74401265,0.66634929,0.75003469,0.51534224,-0.55257004,-0.65504873,1.60312998,0.85556918,0.37564832,0.35621616,-0.10636210
6,1597335909647903500,1597335909647776800,0.04931334,-0.74399614,0.66636193,0.75017607,0.51532888,-0.55255777,-0.65506953,1.60495639,0.85557258,0.37569922,0.35615426,-0.10847759
6,1597335909656900000,1597335909656782200,0.04907176,-0.74451250,0.66580272,0.75029027,0.51566666,-0.55200583,-0.65526909,1.60676718,0.85538298,0.37548745,0.35683239,-0.11058879
6,1597335909665893700,1597335909665813400,0.04936484,-0.74400526,0.66634786,0.75074971,0.51546699,-0.55246592,-0.65503842,1.60873783,0.85548645,0.37581617,0.35623783,-0.11272740
6,1597335909674867200,1597335909674759200,0.04895538,-0.74415946,0.66620588,0.75035918,0.51583552,-0.55232918,-0.65486354,1.61062932,0.85528779,0.37571174,0.35682446,-0.11522460
6,1597335909683846500,1597335909683751700,0.04869053,-0.74439031,0.66596735,0.75051963,0.51572353,-0.55226576,-0.65500522,1.61254501,0.85537046,0.37534755,0.35700950,-0.11724091
6,1597335909692879900,1597335909692795500,0.04866499,-0.74458510,0.66575134,0.75074995,0.51549864,-0.55218369,-0.65525138,1.61463332,0.85550749,0.37508169,0.35696065,-0.11930656
6,1597335909701800200,1597335909701653500,0.04862279,-0.74432111,0.66604966,0.75019169,0.51540804,-0.55250144,-0.65505481,1.61701632,0.85556442,0.37513793,0.35676494,-0.12197781
6,1597335909710877800,1597335909710825000,0.04852489,-0.74440306,0.66596520,0.75026476,0.51544935,-0.55244493,-0.65506995,1.61906528,0.85554504,0.37505850,0.35689479,-0.12401819
6,1597335909719774100,1597335909719656800,0.04835716,-0.74445468,0.66591966,0.75033343,0.51561016,-0.55239594,-0.65498471,1.62106860,0.85545778,0.37502807,0.35713616,-0.12600255
