4,1598312172737372700,1598312172737226300,0.06146848,0.99810898,0.00066604,0.07793152,-0.01695746,0.00171144,-0.99985480,1.91952252,-0.99796510,0.06144819,0.01703065,1.00566912
4,1598312172746423300,1598312172746375700,0.06145146,0.99810994,0.00068986,0.07818007,-0.01700101,0.00173770,-0.99985403,1.91954350,-0.99796546,0.06143069,0.01707572,1.00527763
4,1598312172755302500,1598312172755250700,0.06142983,0.99811137,0.00063772,0.07817566,-0.01696954,0.00168315,-0.99985462,1.91957927,-0.99796736,0.06141004,0.01704095,1.00558066
4,1598312172764479800,1598312172764406600,0.06146029,0.99810946,0.00058933,0.07817721,-0.01701119,0.00163776,-0.99985403,1.91955543,-0.99796474,0.06144124,0.01707975,1.00578475
4,1598312172773370900,1598312172773319600,0.06144607,0.99811029,0.00064842,0.07814991,-0.01699172,0.00169552,-0.99985427,1.91958869,-0.99796593,0.06142604,0.01706385,1.00577569
4,1598312172782322400,1598312172782272700,0.06143811,0.99811083,0.00055613,0.07830429,-0.01697041,0.00160162,-0.99985474,1.91960764,-0.99796683,0.06141973,0.01703681,1.00563312
4,1598312172791159200,1598312172791085100,0.06143716,0.99811095,0.00056877,0.07839382,-0.01694717,0.00161283,-0.99985516,1.91968107,-0.99796724,0.06141856,0.01701430,1.00562239
4,1598312172800370400,1598312172800306500,0.06144926,0.99811018,0.00051779,0.07840335,-0.01699779,0.00156508,-0.99985439,1.91967320,-0.99796563,0.06143144,0.01706190,1.00569105
4,1598312172809109300,1598312172809033900,0.06143582,0.99811101,0.00056336,0.07846487,-0.01693653,0.00160674,-0.99985534,1.91966271,-0.99796748,0.06141734,0.01700331,1.00554919
4,1598312172818532400,1598312172818414200,0.06144029,0.99811071,0.00062608,0.07826650,-0.01693784,0.00166973,-0.99985522,1.91964030,-0.99796718,0.06142074,0.01700848,1.00567794
4,1598312172827157000,1598312172827062000,0.06147441,0.99810863,0.00059258,0.07823575,-0.01695809,0.00163800,-0.99985492,1.91961622,-0.99796474,0.06145537,0.01702677,1.00579238
4,1598312172836361900,1598312172836316100,0.06144631,0.99811029,0.00066906,0.07820106,-0.01700100,0.00171677,-0.99985409,1.91961920,-0.99796569,0.06142589,0.01707442,1.00585246
4,1598312172845116200,1598312172845039200,0.06144872,0.99811018,0.00059945,0.07825208,-0.01691048,0.00164151,-0.99985570,1.91959977,-0.99796712,0.06142968,0.01697945,1.00598574
4,1598312172854290400,1598312172854250100,0.06146526,0.99810916,0.00064008,0.07823932,-0.01695201,0.00168505,-0.99985492,1.91962767,-0.99796546,0.06144547,0.01702359,1.00606918
4,1598312172863168000,1598312172863078900,0.06147015,0.99810886,0.00060684,0.07826483,-0.01697013,0.00165295,-0.99985468,1.91961980,-0.99796486,0.06145084,0.01703971,1.00600767
4,1598312172872164700,1598312172872095800,0.06143251,0.99811119,0.00063502,0.07821965,-0.01693975,0.00167867,-0.99985516,1.91962886,-0.99796766,0.06141281,0.01701094,1.00609660
4,1598312172881002300,1598312172880930100,0.06143782,0.99811089,0.00059708,0.07842326,-0.01696202,0.00164212,-0.99985486,1.91967046,-0.99796689,0.06141871,0.01703093,1.00616860
4,1598312172890063900,1598312172890011600,0.06146017,0.99810946,0.00061644,0.07844865,-0.01699795,0.00166410,-0.99985421,1.91966796,-0.99796498,0.06144065,0.01706815,1.00636363
4,1598312172898906900,1598312172898858200,0.06144375,0.99811059,0.00053956,0.07860577,-0.01698621,0.00158608,-0.99985451,1.91971743,-0.99796617,0.06142560,0.01705163,1.00603700
4,1598312172908050200,1598312172907987200,0.06140319,0.99811286,0.00080722,0.07893896,-0.01707413,0.00185892,-0.99985254,1.91979682,-0.99796718,0.06138030,0.01715611,1.00558639
4,1598312172916897300,1598312172916830900,0.06137460,0.99811459,0.00082911,0.07904124,-0.01715596,0.00188540,-0.99985111,1.91972947,-0.99796754,0.06135121,0.01723939,1.00594974
4,1598312172926062400,1598312172925989200,0.06143281,0.99811101,0.00081878,0.07934976,-0.01694264,0.00186292,-0.99985480,1.91965103,-0.99796760,0.06140998,0.01702514,1.00611353
4,1598312172935051400,1598312172934765500,0.06152293,0.99810529,0.00099007,0.07993650,-0.01705965,0.00204326,-0.99985242,1.91963208,-0.99796003,0.06149688,0.01715310,1.00654793
4,1598312172944058800,1598312172943957600,0.06141433,0.99811190,0.00110561,0.08096611,-0.01703740,0.00215577,-0.99985260,1.91954827,-0.99796712,0.06138638,0.01713769,1.00607848
4,1598312172952941800,1598312172952853800,0.06134674,0.99811620,0.00099155,0.08157098,-0.01689348,0.00203151,-0.99985528,1.91943872,-0.99797374,0.06132108,0.01698634,1.00699544
4,1598312172961878200,1598312172961819600,0.06125724,0.99812150,0.00113212,0.08287203,-0.01675421,0.00216224,-0.99985737,1.91940367,-0.99798155,0.06122950,0.01685525,1.00661325
4,1598312172970797600,1598312172970694200,0.06123620,0.99812257,0.00134816,0.08431435,-0.01707747,0.00239814,-0.99985135,1.91968250,-0.99797738,0.06120402,0.01719232,1.00589561
4,1598312172980064100,1598312172980025400,0.06112048,0.99812961,0.00135300,0.08537543,-0.01677929,0.00238274,-0.99985641,1.91965616,-0.99798948,0.06108898,0.01689360,1.00548553
4,1598312172988724600,1598312172988701200,0.06107908,0.99813187,0.00151636,0.08722544,-0.01697370,0.00255757,-0.99985272,1.91971087,-0.99798870,0.06104434,0.01709827,1.00459433
4,1598312172998286800,1598312172998223200,0.06105772,0.99813294,0.00167378,0.08905101,-0.01689508,0.00271008,-0.99985367,1.91971731,-0.99799144,0.06102049,0.01702907,1.00614524
4,1598312173006816700,1598312173006701300,0.06099814,0.99813688,0.00151463,0.09129035,-0.01695329,0.00255319,-0.99985307,1.91995430,-0.99799407,0.06096342,0.01707751,1.00471902
4,1598312173015831100,1598312173015758200,0.06087536,0.99814272,0.00237318,0.09160054,-0.01692260,0.00340924,-0.99985105,1.91982269,-0.99800205,0.06082609,0.01709877,1.00549865
4,1598312173024254100,1598312173024191600,0.06073919,0.99815065,0.00250787,0.09374928,-0.01681986,0.00353558,-0.99985236,1.91970336,-0.99801213,0.06068796,0.01700357,1.00506878
4,1598312173033272900,1598312173033223200,0.06060338,0.99815971,0.00219637,0.09601259,-0.01697308,0.00323052,-0.99985081,1.91979361,-0.99801779,0.06055701,0.01713768,1.00684857
4,1598312173042089900,1598312173042044100,0.06045189,0.99816769,0.00265486,0.09791064,-0.01700781,0.00368928,-0.99984860,1.92002201,-0.99802637,0.06039754,0.01719973,1.00776577
4,1598312173051327200,1598312173051280700,0.06056264,0.99815893,0.00333998,0.09910142,-0.01671883,0.00435996,-0.99985081,1.91978741,-0.99802452,0.06049773,0.01695216,1.00757813
4,1598312173060099400,1598312173060007500,0.06076643,0.99814731,0.00311245,0.10149872,-0.01702011,0.00415383,-0.99984658,1.91950214,-0.99800706,0.06070405,0.01724105,1.00807095
4,1598312173069156000,1598312173069076300,0.06060284,0.99815655,0.00334558,0.10401475,-0.01706848,0.00438746,-0.99984473,1.91938019,-0.99801618,0.06053624,0.01730297,1.01026797
4,1598312173078056500,1598312173078016500,0.06077680,0.99814534,0.00350646,0.10685813,-0.01695943,0.00454500,-0.99984592,1.91998196,-0.99800748,0.06070790,0.01720427,1.01006055
4,1598312173087191700,1598312173087128100,0.06080207,0.99814278,0.00379653,0.10867953,-0.01731284,0.00485750,-0.99983841,1.91949105,-0.99799985,0.06072646,0.01757609,1.01034689
4,1598312173095997100,1598312173095911900,0.06077236,0.99814427,0.00388232,0.11261499,-0.01698346,0.00492288,-0.99984372,1.91970277,-0.99800730,0.06069687,0.01725118,1.00807166
4,1598312173105007100,1598312173104955800,0.06094414,0.99813348,0.00394923,0.11545777,-0.01743479,0.00502041,-0.99983543,1.91997838,-0.99798900,0.06086516,0.01770828,1.00918794
4,1598312173113959800,1598312173113914300,0.06096503,0.99812865,0.00475999,0.11713946,-0.01699967,0.00580638,-0.99983871,1.91963434,-0.99799532,0.06087422,0.01732190,1.01087046
4,1598312173123012000,1598312173122966700,0.06094047,0.99813104,0.00458138,0.12162399,-0.01684078,0.00561735,-0.99984246,1.91956842,-0.99799949,0.06085366,0.01715169,1.00630641
4,1598312173131897200,1598312173131828300,0.06071827,0.99814403,0.00470628,0.12508249,-0.01739497,0.00577231,-0.99983209,1.91950929,-0.99800354,0.06062609,0.01771323,1.00833702
4,1598312173141221600,1598312173140930900,0.06107971,0.99812281,0.00451917,0.12869012,-0.01746115,0.00559535,-0.99983197,1.92011404,-0.99798036,0.06099051,0.01777020,1.00881100
4,1598312173149832100,1598312173149798700,0.06108266,0.99811900,0.00524498,0.13036215,-0.01687904,0.00628688,-0.99983782,1.91996443,-0.99799013,0.06098416,0.01723137,1.01002765
4,1598312173158971400,1598312173158921400,0.06096965,0.99812591,0.00526113,0.13496017,-0.01756066,0.00634268,-0.99982572,1.91987514,-0.99798536,0.06086662,0.01791452,1.00619483
4,1598312173167809100,1598312173167760300,0.06100789,0.99812305,0.00535492,0.13812232,-0.01711598,0.00641017,-0.99983305,1.91977406,-0.99799067,0.06090596,0.01747498,1.00936270
4,1598312173176860700,1598312173176801700,0.06064162,0.99814498,0.00542325,0.14134359,-0.01753995,0.00649792,-0.99982512,1.92015386,-0.99800569,0.06053579,0.01790152,1.01087284
4,1598312173185780800,1598312173185730600,0.06099415,0.99811912,0.00617740,0.14269495,-0.01761696,0.00726439,-0.99981850,1.91928935,-0.99798286,0.06087422,0.01802697,1.01087046
4,1598312173195252200,1598312173195213100,0.06087565,0.99812835,0.00584688,0.14625788,-0.01754541,0.00692680,-0.99982214,1.91917419,-0.99799126,0.06076217,0.01793431,1.01262522
4,1598312173203795100,1598312173203675500,0.06075504,0.99813402,0.00613108,0.14906216,-0.01773822,0.00722103,-0.99981666,1.91886640,-0.99799526,0.06063512,0.01814390,1.01579046
4,1598312173212924000,1598312173212875000,0.06107432,0.99811411,0.00619985,0.15382111,-0.01760920,0.00728785,-0.99981844,1.91964924,-0.99797803,0.06095403,0.01802116,1.00978017
4,1598312173221285700,1598312173221253200,0.06139761,0.99809623,0.00586933,0.15443707,-0.01757926,0.00696077,-0.99982131,1.91873252,-0.99795872,0.06128341,0.01797323,1.01826525
4,1598312173230370000,1598312173230342700,0.06116426,0.99810392,0.00691851,0.15958345,-0.01723131,0.00798626,-0.99981970,1.91896403,-0.99797910,0.06103393,0.01768717,1.01131272
4,1598312173239368400,1598312173239307100,0.06126365,0.99810350,0.00603950,0.16426253,-0.01743537,0.00712000,-0.99982268,1.91949797,-0.99796951,0.06114739,0.01783856,1.00643921
4,1598312173248361900,1598312173248314500,0.06150079,0.99808502,0.00665298,0.16742444,-0.01795958,0.00777103,-0.99980855,1.92002285,-0.99794555,0.06136945,0.01840317,1.00389457
4,1598312173257174000,1598312173257142900,0.06208256,0.99804693,0.00695255,0.17036641,-0.01811746,0.00809167,-0.99980319,1.91942883,-0.99790674,0.06194434,0.01858448,1.00610375
4,1598312173266323100,1598312173266257500,0.06201428,0.99805486,0.00640864,0.17422104,-0.01742783,0.00750276,-0.99982005,1.91951942,-0.99792325,0.06189138,0.01785927,1.00635958
4,1598312173275253300,1598312173275230100,0.06220180,0.99804193,0.00660055,0.17671978,-0.01777876,0.00772021,-0.99981219,1.91943669,-0.99790543,0.06207266,0.01822422,1.00976682
4,1598312173284351700,1598312173284303400,0.06229988,0.99803412,0.00684646,0.17985272,-0.01770919,0.00796402,-0.99981153,1.91921747,-0.99790055,0.06216687,0.01817060,1.01131701
4,1598312173293169000,1598312173293138100,0.06238320,0.99803108,0.00652246,0.18471086,-0.01734683,0.00761835,-0.99982059,1.91938162,-0.99790168,0.06225884,0.01778800,1.00488496
4,1598312173302241100,1598312173302189500,0.06248647,0.99802393,0.00663233,0.18870485,-0.01769848,0.00775224,-0.99981338,1.91976380,-0.99788904,0.06235737,0.01814798,1.00394797
4,1598312173311069800,1598312173311034900,0.06263435,0.99801517,0.00655023,0.19036245,-0.01761706,0.00766758,-0.99981546,1.91894722,-0.99788123,0.06250730,0.01806241,1.01150370
4,1598312173320157700,1598312173320088600,0.06258315,0.99802011,0.00628677,0.19424629,-0.01761232,0.00740242,-0.99981755,1.91887331,-0.99788445,0.06246096,0.01804078,1.01230145
4,1598312173329080900,1598312173329041200,0.06263405,0.99801528,0.00653841,0.19928217,-0.01776084,0.00766474,-0.99981296,1.91917503,-0.99787873,0.06250614,0.01820573,1.00416350
4,1598312173338381300,1598312173338305100,0.06266534,0.99801409,0.00641725,0.20189035,-0.01756862,0.00753190,-0.99981737,1.91878533,-0.99788010,0.06254110,0.01800578,1.00873876
4,1598312173346976100,1598312173346917700,0.06223091,0.99804139,0.00640486,0.20644689,-0.01781300,0.00752683,-0.99981308,1.91912663,-0.99790293,0.06210512,0.01824657,1.00499392
4,1598312173356034700,1598312173355961400,0.06211880,0.99804664,0.00667018,0.20786107,-0.01712808,0.00774803,-0.99982333,1.91840470,-0.99792194,0.06199354,0.01757598,1.01220846
4,1598312173364871600,1598312173364837200,0.06227833,0.99803716,0.00660112,0.21253335,-0.01764887,0.00771409,-0.99981457,1.91876185,-0.99790293,0.06215024,0.01809471,1.00608015
4,1598312173374091100,1598312173373990700,0.06251603,0.99801874,0.00710796,0.21609151,-0.01726077,0.00820190,-0.99981743,1.91873527,-0.99789488,0.06238186,0.01773938,1.00598621
4,1598312173382948900,1598312173382902200,0.06240374,0.99803257,0.00608611,0.21953094,-0.01732755,0.00718038,-0.99982417,1.91864514,-0.99790072,0.06228724,0.01774161,1.00670266
4,1598312173392012100,1598312173391938500,0.06233680,0.99803317,0.00665220,0.22281623,-0.01718967,0.00773770,-0.99982238,1.91863286,-0.99790728,0.06221133,0.01763826,1.00709200
4,1598312173400932800,1598312173400867300,0.06241524,0.99802893,0.00654875,0.22660518,-0.01723931,0.00763855,-0.99982226,1.91878533,-0.99790150,0.06229120,0.01768215,1.00665689
4,1598312173409993000,1598312173409937600,0.06249544,0.99802387,0.00655056,0.23071408,-0.01699852,0.00762674,-0.99982649,1.91872025,-0.99790061,0.06237319,0.01744163,1.00518084
4,1598312173418486400,1598312173418411000,0.06234807,0.99803257,0.00663677,0.23263347,-0.01764500,0.00775083,-0.99981433,1.91819739,-0.99789864,0.06221929,0.01809359,1.01046348
4,1598312173427616800,1598312173427594700,0.06232172,0.99803632,0.00631221,0.23583519,-0.01658889,0.00735938,-0.99983537,1.91828585,-0.99791843,0.06220672,0.01701503,1.01198435
4,1598312173436722100,1598312173436610200,0.06254998,0.99802196,0.00632567,0.24052143,-0.01753895,0.00743621,-0.99981856,1.91859388,-0.99788791,0.06242761,0.01796945,1.00662327
4,1598312173445696700,1598312173445611500,0.06256703,0.99801964,0.00651760,0.24438965,-0.01700005,0.00759506,-0.99982673,1.91862631,-0.99789619,0.06244531,0.01744164,1.00549006
4,1598312173454402700,1598312173454329600,0.06253272,0.99802786,0.00550555,0.24825382,-0.01698932,0.00657992,-0.99983406,1.91872835,-0.99789846,0.06242877,0.01736734,1.00523949
4,1598312173463696500,1598312173463663100,0.06268397,0.99801117,0.00668283,0.25099957,-0.01685922,0.00775382,-0.99982786,1.91873050,-0.99789125,0.06256047,0.01731179,1.00882101
4,1598312173472326200,1598312173472263100,0.06254897,0.99802577,0.00569988,0.25417149,-0.01685265,0.00676633,-0.99983513,1.91837704,-0.99789977,0.06244254,0.01724267,1.01061535
4,1598312173481594500,1598312173481410500,0.06260610,0.99802005,0.00605713,0.25859094,-0.01685814,0.00712556,-0.99983257,1.91852975,-0.99789608,0.06249344,0.01727092,1.00688410
4,1598312173490299600,1598312173490253800,0.06263033,0.99801868,0.00603362,0.26162887,-0.01741741,0.00713746,-0.99982291,1.91844475,-0.99788499,0.06251407,0.01782999,1.00877428
4,1598312173499391900,1598312173499347300,0.06223407,0.99804407,0.00593199,0.26324844,-0.01670075,0.00698394,-0.99983621,1.91768372,-0.99792200,0.06212476,0.01710279,1.01602244
4,1598312173508282800,1598312173508216200,0.06247410,0.99802899,0.00595540,0.26832747,-0.01732365,0.00705044,-0.99982512,1.91834581,-0.99789637,0.06235993,0.01773004,1.00884223
4,1598312173517367400,1598312173517333700,0.06149456,0.99809068,0.00580191,0.27301991,-0.01668274,0.00683984,-0.99983752,1.91850924,-0.99796814,0.06138769,0.01707156,1.00595856
4,1598312173526184700,1598312173526124500,0.06203255,0.99805921,0.00548397,0.27688634,-0.01699638,0.00655002,-0.99983418,1.91846001,-0.99792957,0.06192899,0.01736977,1.00507236
4,1598312173535341800,1598312173535315600,0.06187937,0.99806637,0.00589139,0.27933908,-0.01703555,0.00695791,-0.99983072,1.91830778,-0.99793839,0.06176850,0.01743322,1.00896430
4,1598312173544262700,1598312173544039100,0.06180775,0.99807322,0.00547419,0.28278387,-0.01672631,0.00651960,-0.99983889,1.91792154,-0.99794805,0.06170619,0.01709711,1.00984073
4,1598312173553291800,1598312173553135200,0.06198931,0.99806231,0.00539838,0.28701103,-0.01638682,0.00642572,-0.99984515,1.91811311,-0.99794245,0.06189120,0.01675346,1.00928497
4,1598312173562101400,1598312173562043700,0.06205428,0.99805927,0.00521677,0.28979921,-0.01723064,0.00629726,-0.99983180,1.91781890,-0.99792421,0.06195390,0.01758804,1.01090288
4,1598312173571276600,1598312173571197200,0.06193024,0.99806499,0.00558496,0.29442668,-0.01659089,0.00662428,-0.99984050,1.91805780,-0.99794275,0.06182766,0.01696909,1.00695014
4,1598312173580050100,1598312173579990600,0.06193703,0.99806839,0.00485133,0.29758239,-0.01708820,0.00592028,-0.99983650,1.91794538,-0.99793398,0.06184396,0.01742193,1.01043630
4,1598312173589260900,1598312173589202800,0.06203532,0.99806112,0.00508561,0.29942858,-0.01631408,0.00610865,-0.99984831,1.91749096,-0.99794078,0.06194288,0.01666146,1.01706934
4,1598312173597948600,1598312173597889900,0.06198332,0.99806368,0.00522661,0.30415642,-0.01714407,0.00630049,-0.99983323,1.91744578,-0.99793011,0.06188333,0.01750145,1.01186991
4,1598312173607071800,1598312173606970300,0.06180769,0.99807525,0.00509705,0.30772042,-0.01649221,0.00612732,-0.99984527,1.91794419,-0.99795198,0.06171402,0.01683924,1.01092696
4,1598312173615904600,1598312173615871000,0.06194440,0.99806875,0.00468663,0.31264329,-0.01669383,0.00573097,-0.99984431,1.91775799,-0.99794012,0.06185645,0.01701666,1.00768757
4,1598312173625031100,1598312173624996000,0.06232479,0.99804473,0.00475859,0.31539774,-0.01689556,0.00582214,-0.99984038,1.91772532,-0.99791300,0.06223440,0.01722545,1.01138330
4,1598312173633922000,1598312173633836300,0.06209096,0.99805975,0.00466320,0.31930888,-0.01712526,0.00573680,-0.99983698,1.91775823,-0.99792373,0.06200090,0.01744830,1.00983214
4,1598312173643011800,1598312173642952500,0.06207725,0.99806094,0.00459003,0.32286835,-0.01632919,0.00561381,-0.99985099,1.91783428,-0.99793792,0.06199300,0.01664607,1.00952983
4,1598312173651967700,1598312173651918000,0.06220442,0.99805355,0.00446433,0.32655561,-0.01681044,0.00551997,-0.99984354,1.91785705,-0.99792200,0.06211957,0.01712115,1.00936389
4,1598312173661032100,1598312173660987600,0.06238329,0.99804115,0.00473248,0.32906854,-0.01683944,0.00579349,-0.99984151,1.91756105,-0.99791038,0.06229365,0.01716793,1.01348543
4,1598312173669830900,1598312173669772100,0.06227970,0.99804866,0.00451457,0.33339226,-0.01655659,0.00555577,-0.99984753,1.91792965,-0.99792159,0.06219542,0.01687036,1.00948882
4,1598312173679057800,1598312173678952500,0.06214163,0.99805623,0.00473683,0.33691669,-0.01660846,0.00577932,-0.99984545,1.91800153,-0.99792928,0.06205323,0.01693537,1.00974298
4,1598312173687834800,1598312173687757900,0.06206122,0.99806195,0.00458509,0.34104466,-0.01662413,0.00562691,-0.99984604,1.91803658,-0.99793404,0.06197533,0.01694118,1.00772667
4,1598312173696946900,1598312173696854600,0.06150138,0.99809647,0.00462068,0.34441006,-0.01746141,0.00570457,-0.99983132,1.91797757,-0.99795443,0.06141025,0.01777907,1.00897789
4,1598312173705825100,1598312173705736100,0.06158343,0.99809146,0.00460768,0.34769154,-0.01614220,0.00561172,-0.99985403,1.91784132,-0.99797159,0.06150001,0.01645705,1.01037908
4,1598312173714938200,1598312173714872100,0.06158578,0.99809241,0.00436527,0.35229409,-0.01698922,0.00542112,-0.99984103,1.91814423,-0.99795735,0.06150177,0.01729073,1.00593209
4,1598312173723809300,1598312173723676200,0.06138968,0.99809980,0.00532430,0.35583079,-0.01645596,0.00634567,-0.99984449,1.91810679,-0.99797839,0.06129244,0.01681431,1.00579953
4,1598312173732981500,1598312173732901900,0.06185606,0.99807620,0.00425498,0.35909355,-0.01663212,0.00529322,-0.99984771,1.91824400,-0.99794668,0.06177580,0.01692760,1.00757957
4,1598312173741731700,1598312173741581800,0.06166387,0.99808550,0.00481585,0.36231327,-0.01622618,0.00582677,-0.99985141,1.91771591,-0.99796522,0.06157652,0.01655448,1.00996637
4,1598312173750701600,1598312173750627600,0.06167990,0.99808592,0.00452035,0.36557496,-0.01652053,0.00554918,-0.99984819,1.91753662,-0.99795943,0.06159583,0.01683124,1.01140308
4,1598312173759825200,1598312173759686000,0.06177169,0.99807912,0.00474859,0.36884773,-0.01594747,0.00574395,-0.99985641,1.91748846,-0.99796307,0.06168699,0.01627171,1.01214194
4,1598312173768653300,1598312173768617800,0.06162798,0.99808729,0.00489545,0.37247026,-0.01657717,0.00592756,-0.99984509,1.91745412,-0.99796170,0.06153727,0.01691083,1.01172161
4,1598312173777611900,1598312173777482300,0.06182006,0.99807477,0.00501394,0.37583411,-0.01579716,0.00600127,-0.99985725,1.91759694,-0.99796247,0.06173199,0.01613781,1.01123667
4,1598312173786696700,1598312173786657800,0.06184477,0.99807477,0.00471265,0.38026929,-0.01553136,0.00568339,-0.99986327,1.91745722,-0.99796510,0.06176305,0.01585301,1.00994825
4,1598312173795507000,1598312173795472200,0.06198084,0.99806643,0.00469856,0.38275564,-0.01683417,0.00575224,-0.99984181,1.91722059,-0.99793553,0.06189194,0.01715820,1.01394129
4,1598312173804664800,1598312173804535600,0.06197450,0.99806666,0.00473089,0.38709009,-0.01599756,0.00573265,-0.99985564,1.91723776,-0.99794966,0.06188980,0.01632197,1.01063681
4,1598312173813483300,1598312173813339100,0.06219009,0.99805474,0.00440573,0.39064419,-0.01635426,0.00543263,-0.99985158,1.91725636,-0.99793047,0.06210876,0.01666036,1.01128387
4,1598312173822552400,1598312173822526700,0.06224561,0.99804980,0.00473837,0.39391792,-0.01666648,0.00578625,-0.99984443,1.91710937,-0.99792182,0.06215689,0.01699421,1.01280212
4,1598312173831382500,1598312173831311700,0.06202397,0.99806529,0.00436563,0.39754868,-0.01643075,0.00539442,-0.99985051,1.91701269,-0.99793959,0.06194288,0.01673360,1.01299906
4,1598312173840902200,1598312173840743800,0.06211129,0.99805796,0.00477753,0.40113461,-0.01679227,0.00583100,-0.99984205,1.91736937,-0.99792814,0.06202117,0.01712189,1.01152945
4,1598312173849364600,1598312173849278500,0.06226918,0.99804962,0.00446464,0.40525711,-0.01636528,0.00549365,-0.99985105,1.91734731,-0.99792540,0.06218678,0.01667550,1.01214409
4,1598312173858355000,1598312173858280200,0.06225222,0.99805093,0.00439550,0.40961123,-0.01614800,0.00541057,-0.99985504,1.91747129,-0.99792993,0.06217220,0.01645341,1.00903535
4,1598312173867287500,1598312173867254800,0.06230626,0.99804682,0.00455558,0.41346025,-0.01664252,0.00560267,-0.99984586,1.91741872,-0.99791849,0.06222075,0.01695915,1.00855684
4,1598312173876464800,1598312173876399600,0.06211528,0.99805939,0.00439962,0.41617501,-0.01651678,0.00543536,-0.99984890,1.91741097,-0.99793249,0.06203318,0.01682241,1.01132512
4,1598312173885786200,1598312173885753700,0.06190440,0.99807298,0.00428369,0.42087054,-0.01666805,0.00532503,-0.99984694,1.91763484,-0.99794304,0.06182349,0.01696564,1.00717950
4,1598312173895275100,1598312173895214900,0.06176439,0.99807858,0.00494751,0.42347097,-0.01594317,0.00594284,-0.99985528,1.91724789,-0.99796361,0.06167650,0.01627965,1.01281142
4,1598312173904196400,1598312173904155100,0.06153533,0.99809515,0.00444910,0.42910635,-0.01569435,0.00542449,-0.99986219,1.91783476,-0.99798167,0.06145698,0.01599831,1.00592589
4,1598312173913150400,1598312173913089300,0.06151041,0.99809253,0.00530079,0.43274498,-0.01619483,0.00630809,-0.99984902,1.91808558,-0.99797529,0.06141520,0.01655201,1.00238180
4,1598312173922159900,1598312173922089700,0.06161782,0.99808675,0.00512734,0.43511665,-0.01580986,0.00611238,-0.99985641,1.91769707,-0.99797475,0.06152782,0.01615630,1.00739193
4,1598312173931213200,1598312173931139400,0.06177524,0.99807543,0.00543318,0.43826735,-0.01587295,0.00642522,-0.99985343,1.91793060,-0.99796408,0.06167987,0.01623939,1.00815487
4,1598312173940304000,1598312173940213700,0.06176373,0.99807793,0.00509255,0.44211376,-0.01555719,0.00606428,-0.99986064,1.91727710,-0.99796975,0.06167585,0.01590190,1.00974488
4,1598312173949239500,1598312173949146800,0.06163996,0.99808502,0.00520186,0.44500458,-0.01546882,0.00616636,-0.99986142,1.91716957,-0.99797875,0.06155089,0.01581935,1.01169825
4,1598312173958144400,1598312173957986800,0.06176406,0.99807674,0.00532629,0.44841409,-0.01570634,0.00630766,-0.99985683,1.91722488,-0.99796736,0.06167150,0.01606578,1.01168680
4,1598312173967149400,1598312173967096000,0.06186748,0.99806958,0.00546047,0.45248640,-0.01573031,0.00644523,-0.99985558,1.91735196,-0.99796057,0.06177261,0.01609876,1.01030803
4,1598312173976020500,1598312173975983800,0.06186697,0.99807060,0.00527900,0.45568621,-0.01574998,0.00626464,-0.99985641,1.91709328,-0.99796027,0.06177491,0.01610722,1.01214194
4,1598312173984983800,1598312173984918800,0.06195766,0.99806446,0.00536732,0.45921719,-0.01545597,0.00633637,-0.99986053,1.91681194,-0.99795926,0.06186602,0.01581870,1.01346660
4,1598312173993896200,1598312173993851200,0.06193107,0.99806827,0.00496099,0.46301854,-0.01591193,0.00595714,-0.99985570,1.91683555,-0.99795377,0.06184313,0.01625019,1.01332521
4,1598312174002951300,1598312174002892400,0.06195039,0.99806476,0.00540243,0.46720433,-0.01578958,0.00639210,-0.99985498,1.91686940,-0.99795449,0.06185603,0.01615508,1.01072550
4,1598312174011890500,1598312174011857100,0.06210312,0.99805760,0.00494042,0.47012138,-0.01582257,0.00593378,-0.99985725,1.91677690,-0.99794447,0.06201601,0.01616040,1.01554465
4,1598312174020937700,1598312174020887700,0.06219059,0.99805272,0.00484282,0.47431314,-0.01525423,0.00580205,-0.99986690,1.91666567,-0.99794787,0.06210840,0.01558542,1.01257229
4,1598312174029953000,1598312174029788000,0.06201738,0.99806094,0.00533473,0.47820175,-0.01591197,0.00633296,-0.99985343,1.91657448,-0.99794841,0.06192333,0.01627393,1.01214051
4,1598312174038918600,1598312174038858600,0.06203306,0.99806124,0.00509574,0.48212397,-0.01560479,0.00607473,-0.99985987,1.91705751,-0.99795228,0.06194478,0.01595143,1.00998688
4,1598312174047938800,1598312174047851000,0.06194213,0.99806505,0.00544140,0.48579299,-0.01612549,0.00645183,-0.99984920,1.91711962,-0.99794966,0.06184500,0.01649399,1.00947905
4,1598312174056847800,1598312174056759500,0.06193402,0.99806589,0.00537540,0.48929048,-0.01565681,0.00635653,-0.99985731,1.91694784,-0.99795759,0.06184098,0.01602028,1.00882697
4,1598312174065874600,1598312174065810800,0.06148458,0.99809402,0.00530841,0.49231696,-0.01550528,0.00627287,-0.99986017,1.91684246,-0.99798775,0.06139359,0.01586147,1.01054835
4,1598312174075077700,1598312174074933700,0.06196561,0.99806106,0.00589360,0.49593461,-0.01576934,0.00688314,-0.99985200,1.91703975,-0.99795383,0.06186345,0.01616534,1.01031041
4,1598312174083740200,1598312174083692600,0.06153697,0.99808776,0.00585834,0.49896955,-0.01499719,0.00679333,-0.99986452,1.91673279,-0.99799234,0.06144071,0.01538661,1.01097250
4,1598312174092941300,1598312174092882800,0.06151330,0.99808955,0.00580202,0.50094402,-0.01554238,0.00677010,-0.99985635,1.91655338,-0.99798548,0.06141424,0.01592919,1.01758289
4,1598312174101693500,1598312174101662900,0.06165662,0.99808097,0.00575880,0.50467122,-0.01576782,0.00674299,-0.99985301,1.91654086,-0.99797302,0.06155670,0.01615338,1.01564240
4,1598312174110779300,1598312174110739000,0.06151018,0.99809039,0.00568848,0.50987709,-0.01566135,0.00666363,-0.99985522,1.91695106,-0.99798375,0.06141213,0.01604139,1.01036358
4,1598312174119621900,1598312174119584200,0.06168967,0.99807787,0.00593312,0.51258123,-0.01592074,0.00692760,-0.99984932,1.91651666,-0.99796855,0.06158587,0.01631756,1.01262832
4,1598312174128649500,1598312174128599700,0.06161392,0.99808311,0.00584455,0.51691198,-0.01580401,0.00683043,-0.99985182,1.91656947,-0.99797511,0.06151238,0.01619462,1.01089478
4,1598312174137660100,1598312174137582000,0.06178504,0.99807298,0.00576488,0.52049530,-0.01571298,0.00674778,-0.99985385,1.91648960,-0.99796599,0.06168535,0.01609968,1.01100111
4,1598312174146717800,1598312174146610500,0.06162596,0.99808234,0.00584911,0.52430046,-0.01583215,0.00683693,-0.99985135,1.91645551,-0.99797392,0.06152412,0.01622318,1.01086473
4,1598312174155499600,1598312174155451000,0.06180722,0.99807167,0.00575633,0.52775061,-0.01561479,0.00673350,-0.99985546,1.91650510,-0.99796611,0.06170833,0.01600092,1.01112938
4,1598312174164940300,1598312174164828700,0.06211954,0.99805242,0.00572790,0.53201234,-0.01595297,0.00673105,-0.99985015,1.91674626,-0.99794137,0.06201881,0.01634009,1.00840449
4,1598312174173562300,1598312174173447000,0.06191421,0.99805957,0.00663328,0.53538895,-0.01525446,0.00759143,-0.99985486,1.91652822,-0.99796510,0.06180397,0.01569494,1.00972176
4,1598312174182900000,1598312174182735400,0.06194589,0.99806213,0.00591204,0.53877842,-0.01527787,0.00687084,-0.99985975,1.91659856,-0.99796271,0.06184676,0.01567395,1.01069713
4,1598312174191601800,1598312174191507900,0.06160551,0.99808240,0.00604344,0.54337215,-0.01541430,0.00700553,-0.99985671,1.91733706,-0.99798173,0.06150347,0.01581638,1.00629306
4,1598312174200699400,1598312174200645400,0.06204772,0.99804914,0.00695556,0.54626405,-0.01549595,0.00793138,-0.99984854,1.91691792,-0.99795306,0.06193045,0.01595790,1.00829554
4,1598312174209413100,1598312174209354400,0.06211057,0.99805188,0.00591086,0.55020392,-0.01542780,0.00688157,-0.99985737,1.91669178,-0.99795020,0.06201050,0.01582523,1.00943112
4,1598312174218418000,1598312174218370400,0.06162107,0.99807811,0.00657076,0.55353987,-0.01530753,0.00752745,-0.99985456,1.91690528,-0.99798238,0.06151149,0.01574202,1.00846338
4,1598312174227465300,1598312174227283000,0.06187835,0.99806035,0.00684003,0.55709541,-0.01560704,0.00781981,-0.99984771,1.91657925,-0.99796182,0.06176209,0.01606071,1.00768590
4,1598312174236332700,1598312174236276600,0.06213564,0.99804556,0.00666661,0.55920339,-0.01502363,0.00761396,-0.99985820,1.91662776,-0.99795479,0.06202665,0.01546743,1.01145983
4,1598312174245248500,1598312174245208300,0.06207895,0.99804479,0.00728652,0.56261981,-0.01493601,0.00822867,-0.99985462,1.91613674,-0.99795961,0.06196105,0.01541770,1.01315355
4,1598312174254381500,1598312174254320200,0.06208685,0.99804395,0.00733751,0.56613040,-0.01547867,0.00831358,-0.99984568,1.91603136,-0.99795085,0.06196362,0.01596461,1.01424384
4,1598312174263288900,1598312174263164000,0.06210679,0.99804473,0.00705948,0.57061505,-0.01499730,0.00800546,-0.99985558,1.91620100,-0.99795699,0.06199190,0.01546523,1.01194000
4,1598312174272272200,1598312174272181800,0.06123224,0.99809575,0.00747163,0.57444417,-0.01531813,0.00842440,-0.99984723,1.91624308,-0.99800617,0.06110835,0.01580487,1.01025486
4,1598312174281309000,1598312174281247200,0.06198588,0.99804676,0.00779135,0.57752502,-0.01522605,0.00875095,-0.99984586,1.91611648,-0.99796104,0.06185764,0.01573881,1.01137400
4,1598312174290199900,1598312174290168500,0.06168526,0.99807119,0.00701043,0.58290708,-0.01518478,0.00796135,-0.99985307,1.91695690,-0.99798036,0.06156966,0.01564665,1.00342083
4,1598312174299184400,1598312174299162400,0.06152132,0.99807709,0.00757626,0.58475196,-0.01555655,0.00854848,-0.99984252,1.91703320,-0.99798477,0.06139374,0.01605261,1.00918555
4,1598312174308189800,1598312174308134900,0.06172338,0.99806082,0.00806701,0.58699501,-0.01483795,0.00899901,-0.99984950,1.91590071,-0.99798316,0.06159437,0.01536468,1.01617002
4,1598312174317156400,1598312174317079700,0.06185043,0.99806130,0.00695972,0.59082079,-0.01454024,0.00787326,-0.99986333,1.91624045,-0.99797964,0.06174070,0.01499907,1.01592398
4,1598312174326112300,1598312174326048400,0.06194648,0.99804795,0.00794639,0.59475362,-0.01522652,0.00890568,-0.99984449,1.91614139,-0.99796343,0.06181580,0.01574853,1.01403141
4,1598312174334994600,1598312174334964400,0.06166244,0.99806821,0.00761068,0.59889913,-0.01530456,0.00856969,-0.99984622,1.91613221,-0.99797988,0.06153640,0.01580348,1.01380253
4,1598312174343995900,1598312174343937300,0.06143630,0.99808210,0.00761225,0.60262954,-0.01484922,0.00853970,-0.99985331,1.91591692,-0.99800074,0.06131420,0.01534545,1.01405144
4,1598312174353057700,1598312174352926000,0.06173813,0.99806064,0.00798002,0.60516822,-0.01586126,0.00897526,-0.99983400,1.91557646,-0.99796647,0.06160125,0.01638468,1.01771569
4,1598312174362046700,1598312174361992600,0.06147847,0.99808377,0.00703081,0.61076128,-0.01480395,0.00795510,-0.99985886,1.91562688,-0.99799877,0.06136566,0.01526471,1.01314449
4,1598312174371050900,1598312174370928800,0.06177968,0.99805987,0.00774816,0.61399138,-0.01536863,0.00871324,-0.99984401,1.91588473,-0.99797165,0.06165090,0.01587717,1.01279116
4,1598312174379990000,1598312174379906300,0.06175488,0.99806058,0.00784980,0.61810303,-0.01508672,0.00879726,-0.99984753,1.91568148,-0.99797744,0.06162697,0.01560079,1.01166677
4,1598312174388855000,1598312174388793300,0.06207761,0.99804795,0.00684977,0.62057269,-0.01513442,0.00780343,-0.99985510,1.91508555,-0.99795675,0.06196487,0.01558935,1.01572561
4,1598312174398048800,1598312174397936600,0.06207332,0.99803841,0.00815445,0.62394512,-0.01528963,0.00912003,-0.99984157,1.91457546,-0.99795461,0.06193873,0.01582581,1.01705623
4,1598312174406811300,1598312174406746300,0.06228507,0.99802834,0.00776704,0.62801635,-0.01454550,0.00868894,-0.99985653,1.91522157,-0.99795258,0.06216311,0.01505807,1.01268339
4,1598312174416269800,1598312174416126900,0.06235576,0.99802196,0.00801402,0.63169098,-0.01537250,0.00898901,-0.99984151,1.91519046,-0.99793577,0.06222260,0.01590267,1.01243806
4,1598312174424798000,1598312174424735000,0.06223267,0.99802476,0.00860105,0.63544214,-0.01471501,0.00953422,-0.99984634,1.91531348,-0.99795330,0.06209651,0.01527935,1.01188493
4,1598312174433895300,1598312174433841000,0.06251451,0.99801570,0.00754159,0.63936269,-0.01502096,0.00849626,-0.99985117,1.91523647,-0.99793118,0.06239185,0.01552235,1.01153111
4,1598312174442700000,1598312174442676500,0.06235752,0.99801344,0.00899444,0.64259017,-0.01458792,0.00992233,-0.99984443,1.91527867,-0.99794745,0.06221652,0.01517773,1.01093006
4,1598312174451816500,1598312174451784800,0.06238160,0.99801636,0.00849862,0.64617181,-0.01530899,0.00947095,-0.99983799,1.91512489,-0.99793512,0.06224132,0.01586950,1.01188421
4,1598312174460799900,1598312174460717700,0.06237549,0.99801838,0.00830042,0.64969444,-0.01453002,0.00922369,-0.99985194,1.91494703,-0.99794716,0.06224555,0.01507662,1.01208186
4,1598312174470544700,1598312174470443400,0.06264478,0.99799955,0.00853019,0.65401042,-0.01522003,0.00950119,-0.99983907,1.91530657,-0.99791998,0.06250480,0.01578484,1.00917292
4,1598312174479760200,1598312174479725600,0.06232092,0.99801755,0.00879897,0.65698445,-0.01434186,0.00971062,-0.99985003,1.91512012,-0.99795324,0.06218535,0.01491866,1.01210594
4,1598312174488762500,1598312174488721800,0.06192130,0.99804002,0.00906475,0.66102636,-0.01472413,0.00999455,-0.99984169,1.91496360,-0.99797261,0.06177795,0.01531421,1.01073694
4,1598312174497657500,1598312174497623800,0.06207693,0.99802625,0.00950759,0.66421771,-0.01416367,0.01040581,-0.99984562,1.91489315,-0.99797100,0.06193259,0.01478173,1.01251602
4,1598312174506840600,1598312174506803000,0.06203189,0.99803227,0.00916238,0.66992176,-0.01446253,0.01007784,-0.99984467,1.91493058,-0.99796951,0.06188968,0.01505927,1.00555944
4,1598312174515591700,1598312174515545400,0.06187382,0.99803543,0.00985911,0.67219651,-0.01428415,0.01076241,-0.99984014,1.91489077,-0.99798191,0.06172302,0.01492205,1.00905275
4,1598312174524774800,1598312174524754100,0.06194782,0.99804312,0.00852785,0.67651117,-0.01490589,0.00946835,-0.99984413,1.91522837,-0.99796820,0.06181097,0.01546332,1.00783849
4,1598312174533562100,1598312174533525800,0.06208402,0.99802005,0.01009582,0.67810929,-0.01368002,0.01096521,-0.99984634,1.91506100,-0.99797738,0.06193629,0.01433376,1.01221824
4,1598312174542693400,1598312174542586000,0.06260878,0.99799186,0.00962648,0.68215883,-0.01512363,0.01059290,-0.99982959,1.91494012,-0.99792367,0.06245244,0.01575653,1.01133823
4,1598312174551743700,1598312174551578600,0.06209746,0.99802029,0.00998637,0.68468845,-0.01346566,0.01084243,-0.99985063,1.91482806,-0.99797934,0.06195360,0.01411235,1.01440930
4,1598312174560564300,1598312174560469000,0.06249455,0.99800193,0.00931929,0.68864644,-0.01480883,0.01026367,-0.99983776,1.91547155,-0.99793559,0.06234634,0.01542073,1.01365638
4,1598312174569474500,1598312174569393700,0.06237754,0.99799526,0.01071730,0.69203961,-0.01370444,0.01159357,-0.99983895,1.91534686,-0.99795872,0.06222057,0.01440021,1.01415324
4,1598312174578520400,1598312174578414400,0.06271195,0.99799138,0.00898141,0.69632101,-0.01453972,0.00991166,-0.99984521,1.91555941,-0.99792588,0.06257159,0.01513216,1.01334286
4,1598312174587410600,1598312174587318900,0.06256297,0.99799246,0.00985722,0.69866860,-0.01352576,0.01072340,-0.99985111,1.91515875,-0.99794948,0.06242028,0.01416956,1.01680088
4,1598312174596442200,1598312174596396700,0.06294218,0.99796617,0.01010600,0.70282257,-0.01534653,0.01109261,-0.99982077,1.91443932,-0.99789935,0.06277573,0.01601357,1.01751423
4,1598312174605352000,1598312174605307900,0.06289613,0.99797893,0.00907661,0.70608103,-0.01353689,0.00994676,-0.99985898,1.91526544,-0.99792844,0.06276432,0.01413520,1.01902008
4,1598312174618329100,1598312174618247600,0.06324175,0.99794853,0.00996907,0.71146476,-0.01490727,0.01093247,-0.99982917,1.91484153,-0.99788707,0.06308231,0.01556814,1.01815438
4,1598312174627184900,1598312174627113400,0.06284821,0.99798179,0.00910083,0.71706533,-0.01348788,0.00996727,-0.99985939,1.91484201,-0.99793214,0.06271657,0.01408715,1.01573062
4,1598312174636190600,1598312174636160100,0.06294069,0.99798280,0.00831057,0.72095931,-0.01406711,0.00921329,-0.99985868,1.91528618,-0.99791831,0.06281483,0.01461869,1.01338887
4,1598312174645264600,1598312174645184300,0.06280756,0.99797392,0.01017907,0.72486269,-0.01419421,0.01109130,-0.99983782,1.91562676,-0.99792486,0.06265283,0.01486213,1.01164269
4,1598312174654096600,1598312174654033700,0.06317928,0.99796700,0.00839304,0.72791278,-0.01398102,0.00929398,-0.99985915,1.91505480,-0.99790448,0.06305298,0.01453985,1.01259828
4,1598312174663077200,1598312174663021100,0.06326455,0.99793172,0.01140814,0.73027194,-0.01422642,0.01233157,-0.99982280,1.91515970,-0.99789560,0.06309098,0.01497721,1.01377940
4,1598312174671990500,1598312174671930000,0.06359851,0.99792618,0.00994239,0.73470676,-0.01355144,0.01082510,-0.99984962,1.91488385,-0.99788368,0.06345412,0.01421185,1.01310849
4,1598312174681141300,1598312174680972600,0.06332168,0.99794203,0.01011333,0.73921752,-0.01386169,0.01101207,-0.99984336,1.91573715,-0.99789703,0.06317151,0.01453052,1.01002240
4,1598312174689987400,1598312174689959700,0.06314093,0.99794197,0.01119508,0.74216318,-0.01390142,0.01209573,-0.99983025,1.91474032,-0.99790800,0.06297454,0.01463660,1.01157713
4,1598312174699042800,1598312174698972500,0.06357533,0.99793017,0.00968961,0.74550343,-0.01363992,0.01057713,-0.99985111,1.91498208,-0.99788404,0.06343368,0.01428419,1.01118517
4,1598312174707897300,1598312174707802000,0.06344041,0.99792498,0.01101951,0.74928701,-0.01324738,0.01188275,-0.99984169,1.91456771,-0.99789786,0.06328434,0.01397379,1.01162457
4,1598312174717021900,1598312174716952100,0.06307709,0.99795699,0.01017094,0.75395072,-0.01429248,0.01109338,-0.99983639,1.91465974,-0.99790651,0.06292138,0.01496308,1.00857353
4,1598312174725820000,1598312174725785300,0.06266275,0.99797165,0.01123141,0.75721848,-0.01291971,0.01206363,-0.99984384,1.91437292,-0.99795133,0.06250781,0.01364950,1.00843143
4,1598312174734913600,1598312174734879400,0.06342965,0.99792749,0.01084905,0.76154590,-0.01286884,0.01168781,-0.99984896,1.91393888,-0.99790347,0.06328037,0.01358358,1.00575089
4,1598312174743755400,1598312174743682600,0.06266883,0.99796659,0.01164231,0.76455343,-0.01323693,0.01249524,-0.99983436,1.91408217,-0.99794680,0.06250432,0.01399314,1.00690937
4,1598312174752780800,1598312174752748100,0.06261456,0.99797666,0.01105553,0.77059722,-0.01277043,0.01187741,-0.99984795,1.91474545,-0.99795628,0.06246376,0.01348835,1.00022650
