3,1598312172737320400,1598312172737200500,-0.05946258,-0.99753219,-0.03733609,-0.26515996,0.00694321,0.03698802,-0.99929166,1.92250085,0.99820650,-0.05967972,0.00472672,0.99611664
3,1598312172746398200,1598312172746353200,-0.05948266,-0.99752915,-0.03738430,-0.26506758,0.00693444,0.03703674,-0.99928993,1.92252350,0.99820536,-0.05969971,0.00471431,0.99623251
3,1598312172755277400,1598312172755213400,-0.05946428,-0.99753141,-0.03735389,-0.26502162,0.00695712,0.03700501,-0.99929094,1.92258406,0.99820632,-0.05968201,0.00473952,0.99608850
3,1598312172764454800,1598312172764369900,-0.05949730,-0.99752766,-0.03740194,-0.26505554,0.00703018,0.03704862,-0.99928880,1.92257500,0.99820381,-0.05971795,0.00480856,0.99620867
3,1598312172773346400,1598312172773282800,-0.05949742,-0.99752963,-0.03735044,-0.26506680,0.00694955,0.03700185,-0.99929112,1.92259359,0.99820441,-0.05971488,0.00473092,0.99623013
3,1598312172782296400,1598312172782233900,-0.05946183,-0.99752891,-0.03742544,-0.26499075,0.00694819,0.03707723,-0.99928832,1.92262685,0.99820644,-0.05967960,0.00472639,0.99617815
3,1598312172791131300,1598312172791063700,-0.05946344,-0.99752992,-0.03739418,-0.26497889,0.00693712,0.03704657,-0.99928951,1.92265034,0.99820644,-0.05968064,0.00471712,0.99621844
3,1598312172800327000,1598312172800274200,-0.05948681,-0.99752671,-0.03744499,-0.26499689,0.00697407,0.03709515,-0.99928749,1.92266738,0.99820483,-0.05970562,0.00475021,0.99626708
3,1598312172809081600,1598312172809013600,-0.05946332,-0.99752980,-0.03739868,-0.26496792,0.00689802,0.03705342,-0.99928951,1.92261720,0.99820679,-0.05967909,0.00467771,0.99634433
3,1598312172818468800,1598312172818374000,-0.05945420,-0.99753004,-0.03740701,-0.26503301,0.00690198,0.03706158,-0.99928921,1.92260981,0.99820727,-0.05967018,0.00468152,0.99631596
3,1598312172827105800,1598312172827025300,-0.05945835,-0.99753118,-0.03737068,-0.26507080,0.00691817,0.03702419,-0.99929047,1.92256033,0.99820697,-0.05967480,0.00469975,0.99626493
3,1598312172836299400,1598312172836257400,-0.05949160,-0.99752688,-0.03743201,-0.26507354,0.00697456,0.03708210,-0.99928796,1.92256510,0.99820459,-0.05971035,0.00475128,0.99624968
3,1598312172845073300,1598312172845006900,-0.05944771,-0.99752861,-0.03745573,-0.26497930,0.00688932,0.03711117,-0.99928743,1.92254663,0.99820775,-0.05966341,0.00466617,0.99631095
3,1598312172854266200,1598312172854194600,-0.05945095,-0.99752986,-0.03741714,-0.26497090,0.00687578,0.03707331,-0.99928898,1.92257750,0.99820769,-0.05966604,0.00465480,0.99639034
3,1598312172863099400,1598312172863045100,-0.05948415,-0.99752533,-0.03748570,-0.26497149,0.00694312,0.03713780,-0.99928612,1.92257369,0.99820518,-0.05970204,0.00471687,0.99642944
3,1598312172872126300,1598312172872058900,-0.05948475,-0.99752432,-0.03750971,-0.26496583,0.00685305,0.03716723,-0.99928564,1.92256856,0.99820578,-0.05969936,0.00462525,0.99651313
3,1598312172880977700,1598312172880908700,-0.05949256,-0.99752367,-0.03751539,-0.26477963,0.00689705,0.03717026,-0.99928522,1.92260289,0.99820507,-0.05970889,0.00466867,0.99626708
3,1598312172890038900,1598312172889982700,-0.05945811,-0.99752730,-0.03747445,-0.26470780,0.00687103,0.03713096,-0.99928683,1.92261386,0.99820727,-0.05967325,0.00464635,0.99649405
3,1598312172898882400,1598312172898835500,-0.05946353,-0.99752587,-0.03750237,-0.26460618,0.00690703,0.03715675,-0.99928564,1.92260242,0.99820668,-0.05968013,0.00468052,0.99643660
3,1598312172908006300,1598312172907948000,-0.05944923,-0.99753284,-0.03734075,-0.26431823,0.00690178,0.03699523,-0.99929166,1.92262256,0.99820757,-0.05966488,0.00468546,0.99643755
3,1598312172916872600,1598312172916809800,-0.05937675,-0.99753696,-0.03734415,-0.26417553,0.00685556,0.03700173,-0.99929172,1.92255831,0.99821222,-0.05959076,0.00464168,0.99638605
3,1598312172926038000,1598312172925932400,-0.05950272,-0.99753416,-0.03721992,-0.26363152,0.00690404,0.03687380,-0.99929613,1.92254126,0.99820441,-0.05971792,0.00469297,0.99650049
3,1598312172934919500,1598312172934741700,-0.05954075,-0.99753368,-0.03717287,-0.26291823,0.00681190,0.03683200,-0.99929833,1.92252970,0.99820274,-0.05975223,0.00460214,0.99660850
3,1598312172943983800,1598312172943924600,-0.05944279,-0.99754459,-0.03703514,-0.26195121,0.00685948,0.03669164,-0.99930316,1.92247820,0.99820828,-0.05965546,0.00466163,0.99690628
3,1598312172952888800,1598312172952773000,-0.05935711,-0.99754620,-0.03712993,-0.26131970,0.00655978,0.03680488,-0.99930102,1.92241395,0.99821532,-0.05955923,0.00435910,0.99701381
3,1598312172961855200,1598312172961798500,-0.05938071,-0.99755085,-0.03696606,-0.26000869,0.00681394,0.03662544,-0.99930590,1.92236829,0.99821228,-0.05959144,0.00462246,0.99739814
3,1598312172970734000,1598312172970661200,-0.05925471,-0.99755883,-0.03695304,-0.25843084,0.00656921,0.03662756,-0.99930745,1.92260194,0.99822140,-0.05945647,0.00438287,0.99743605
3,1598312172980025400,1598312172979992000,-0.05910033,-0.99757743,-0.03669789,-0.25752699,0.00655583,0.03637344,-0.99931681,1.92257392,0.99823064,-0.05930063,0.00439032,0.99698615
3,1598312172988696900,1598312172988667500,-0.05908468,-0.99758297,-0.03657169,-0.25573909,0.00658017,0.03624565,-0.99932128,1.92252779,0.99823141,-0.05928528,0.00442275,0.99722123
3,1598312172998261700,1598312172998200000,-0.05897853,-0.99758887,-0.03658143,-0.25351596,0.00664738,0.03625189,-0.99932063,1.92259789,0.99823725,-0.05918169,0.00449332,0.99756622
3,1598312173006722700,1598312173006669600,-0.05890182,-0.99759042,-0.03666330,-0.25141692,0.00675299,0.03632800,-0.99931717,1.92284679,0.99824107,-0.05910924,0.00459699,0.99748611
3,1598312173015805600,1598312173015736400,-0.05870670,-0.99762595,-0.03600336,-0.25106269,0.00669920,0.03567100,-0.99934119,1.92263544,0.99825293,-0.05890924,0.00458922,0.99687552
3,1598312173024229100,1598312173024169000,-0.05863652,-0.99763954,-0.03574111,-0.24894834,0.00683431,0.03540066,-0.99934989,1.92257321,0.99825615,-0.05884272,0.00474246,0.99695683
3,1598312173033248100,1598312173033200200,-0.05837467,-0.99764454,-0.03602762,-0.24623519,0.00677476,0.03569240,-0.99933994,1.92259145,0.99827182,-0.05858025,0.00467533,0.99733305
3,1598312173042065000,1598312173042002200,-0.05827245,-0.99766004,-0.03576478,-0.24388522,0.00683461,0.03542608,-0.99934900,1.92291570,0.99827743,-0.05847901,0.00475431,0.99866772
3,1598312173051299000,1598312173051202400,-0.05828932,-0.99768198,-0.03511736,-0.24331081,0.00664977,0.03478832,-0.99937266,1.92268300,0.99827766,-0.05848637,0.00460662,0.99844503
3,1598312173060038100,1598312173059975100,-0.05841115,-0.99767303,-0.03516911,-0.24068320,0.00698854,0.03481970,-0.99936926,1.92243266,0.99826825,-0.05862015,0.00493847,0.99895477
3,1598312173069097600,1598312173069027200,-0.05825594,-0.99768704,-0.03503084,-0.23745382,0.00679800,0.03469313,-0.99937493,1.92246974,0.99827862,-0.05845770,0.00476125,0.99930477
3,1598312173078030600,1598312173077977300,-0.05822766,-0.99771261,-0.03434142,-0.23681575,0.00654868,0.03401728,-0.99939984,1.92250597,0.99828202,-0.05841768,0.00455301,0.99833775
3,1598312173087161400,1598312173087072700,-0.05826682,-0.99770343,-0.03454240,-0.23358238,0.00673738,0.03420737,-0.99939209,1.92232013,0.99827844,-0.05846420,0.00472880,0.99877191
3,1598312173095965900,1598312173095867500,-0.05816862,-0.99770868,-0.03455495,-0.23015302,0.00673220,0.03422070,-0.99939167,1.92237031,0.99828422,-0.05836588,0.00472626,0.99951339
3,1598312173104981800,1598312173104932100,-0.05834046,-0.99769819,-0.03456823,-0.22640336,0.00673412,0.03423307,-0.99939126,1.92279243,0.99827409,-0.05853781,0.00472150,0.99852562
3,1598312173113935700,1598312173113853600,-0.05819044,-0.99772710,-0.03398150,-0.22536695,0.00665805,0.03365052,-0.99941152,1.92241585,0.99828339,-0.05838254,0.00468483,0.99816442
3,1598312173122987100,1598312173122926400,-0.05825272,-0.99773145,-0.03374739,-0.22193009,0.00646705,0.03342689,-0.99942029,1.92214787,0.99828100,-0.05843729,0.00450522,0.99953103
3,1598312173131872200,1598312173131807600,-0.05796695,-0.99773824,-0.03403757,-0.21785319,0.00679189,0.03369993,-0.99940896,1.92211115,0.99829555,-0.05816394,0.00482310,0.99927664
3,1598312173141091300,1598312173140906200,-0.05818608,-0.99771667,-0.03429303,-0.21363115,0.00686405,0.03395054,-0.99940002,1.92254484,0.99828231,-0.05838659,0.00487299,0.99839854
3,1598312173149807900,1598312173149746500,-0.05819163,-0.99774384,-0.03348378,-0.21255517,0.00646230,0.03316339,-0.99942911,1.92205560,0.99828464,-0.05837488,0.00451794,0.99853849
3,1598312173158946500,1598312173158897200,-0.05783051,-0.99776196,-0.03357068,-0.20817214,0.00708748,0.03321574,-0.99942315,1.92201507,0.99830133,-0.05803514,0.00515079,0.99667501
3,1598312173167770200,1598312173167726200,-0.05766624,-0.99777734,-0.03339620,-0.20482123,0.00689868,0.03305276,-0.99942988,1.92197585,0.99831218,-0.05786380,0.00497737,0.99958968
3,1598312173176818300,1598312173176762700,-0.05764475,-0.99777156,-0.03360457,-0.20119017,0.00654162,0.03328227,-0.99942464,1.92236292,0.99831581,-0.05783147,0.00460855,1.00019526
3,1598312173185753500,1598312173185700800,-0.05763125,-0.99779141,-0.03303362,-0.20025790,0.00698822,0.03268458,-0.99944133,1.92156363,0.99831361,-0.05782992,0.00508918,1.00083852
3,1598312173195224100,1598312173195188800,-0.05725151,-0.99781197,-0.03307331,-0.19634157,0.00661473,0.03274776,-0.99944180,1.92145145,0.99833798,-0.05743834,0.00472545,1.00074720
3,1598312173203715800,1598312173203640500,-0.05747607,-0.99779361,-0.03323685,-0.19337016,0.00690242,0.03289389,-0.99943507,1.92189193,0.99832314,-0.05767304,0.00499663,1.00180960
3,1598312173212892700,1598312173212826900,-0.05766606,-0.99779224,-0.03294593,-0.18979353,0.00627984,0.03263762,-0.99944758,1.92184126,0.99831629,-0.05784115,0.00438394,1.00266314
3,1598312173221259400,1598312173221230900,-0.05778453,-0.99778056,-0.03309515,-0.18691665,0.00718400,0.03273406,-0.99943835,1.92155528,0.99830341,-0.05798990,0.00527659,0.99924850
3,1598312173230346900,1598312173230306700,-0.05760720,-0.99779916,-0.03284153,-0.18362284,0.00745649,0.03246517,-0.99944514,1.92103529,0.99831158,-0.05782020,0.00556990,1.00066209
3,1598312173239343300,1598312173239276600,-0.05776143,-0.99777412,-0.03332634,-0.18076634,0.00704381,0.03297389,-0.99943143,1.92153907,0.99830568,-0.05796337,0.00512357,1.00327969
3,1598312173248337200,1598312173248279000,-0.05800292,-0.99777073,-0.03300700,-0.17734969,0.00705860,0.03265191,-0.99944192,1.92141712,0.99829161,-0.05820358,0.00514902,1.00208259
3,1598312173257149600,1598312173257123200,-0.05825257,-0.99776262,-0.03281234,-0.17314810,0.00706175,0.03245544,-0.99944830,1.92125201,0.99827701,-0.05845219,0.00515539,0.99760532
3,1598312173266290400,1598312173266236700,-0.05800447,-0.99776304,-0.03323502,-0.16955501,0.00726307,0.03286839,-0.99943334,1.92097390,0.99829006,-0.05821303,0.00534037,0.99828649
3,1598312173275229200,1598312173275195400,-0.05819735,-0.99774659,-0.03339405,-0.16611028,0.00703868,0.03303977,-0.99942929,1.92130756,0.99828041,-0.05839926,0.00510004,0.99785590
3,1598312173284314400,1598312173284274100,-0.05846149,-0.99774903,-0.03285567,-0.16381931,0.00716969,0.03249143,-0.99944633,1.92105186,0.99826407,-0.05866474,0.00525411,1.00104260
3,1598312173293144600,1598312173293092100,-0.05817464,-0.99774700,-0.03341909,-0.15995145,0.00730055,0.03304966,-0.99942708,1.92113066,0.99827987,-0.05838531,0.00536151,0.99937439
3,1598312173302209900,1598312173302167000,-0.05831352,-0.99773443,-0.03355129,-0.15638840,0.00741317,0.03317473,-0.99942213,1.92127264,0.99827087,-0.05852860,0.00546189,0.99893332
3,1598312173311043200,1598312173310998300,-0.05838531,-0.99773824,-0.03331225,-0.15279162,0.00732452,0.03294010,-0.99943054,1.92133534,0.99826735,-0.05859610,0.00538479,1.00004458
3,1598312173320117700,1598312173320063900,-0.05830210,-0.99772501,-0.03385105,-0.14949620,0.00742864,0.03347416,-0.99941206,1.92105162,0.99827147,-0.05851936,0.00546017,1.00200605
3,1598312173329055600,1598312173329004400,-0.05846187,-0.99773902,-0.03315766,-0.14637792,0.00761206,0.03276793,-0.99943405,1.92084241,0.99826068,-0.05868119,0.00567923,1.00386047
3,1598312173338355400,1598312173338279800,-0.05797282,-0.99774987,-0.03368494,-0.14192259,0.00759039,0.03330014,-0.99941665,1.92100203,0.99828947,-0.05819476,0.00564286,0.99805903
3,1598312173346922900,1598312173346895900,-0.05770889,-0.99777722,-0.03332594,-0.13847315,0.00734255,0.03295642,-0.99942988,1.92090297,0.99830657,-0.05792069,0.00542440,0.99948931
3,1598312173356009200,1598312173355936700,-0.05776200,-0.99775946,-0.03376179,-0.13482833,0.00755380,0.03338045,-0.99941421,1.92085791,0.99830192,-0.05798325,0.00560881,0.99863386
3,1598312173364844500,1598312173364816900,-0.05788872,-0.99775887,-0.03356286,-0.13104343,0.00698679,0.03321347,-0.99942392,1.92068875,0.99829876,-0.05808991,0.00504849,0.99671721
3,1598312173374012200,1598312173373955700,-0.05775610,-0.99776006,-0.03375521,-0.12749314,0.00722759,0.03339283,-0.99941623,1.92076397,0.99830472,-0.05796641,0.00528281,0.99628448
3,1598312173382924500,1598312173382841800,-0.05796635,-0.99775857,-0.03343618,-0.12442815,0.00669944,0.03310293,-0.99942958,1.92061114,0.99829620,-0.05815732,0.00476562,0.99666619
3,1598312173391955400,1598312173391911700,-0.05776849,-0.99775624,-0.03384534,-0.12068951,0.00725563,0.03348141,-0.99941307,1.92076600,0.99830377,-0.05798027,0.00530523,0.99663949
3,1598312173400888000,1598312173400813300,-0.05801192,-0.99775702,-0.03340226,-0.11738932,0.00628011,0.03309317,-0.99943262,1.92071128,0.99829626,-0.05818883,0.00434628,0.99772835
3,1598312173409967400,1598312173409907400,-0.05786601,-0.99775684,-0.03366056,-0.11364806,0.00666663,0.03333006,-0.99942225,1.92069852,0.99830216,-0.05805704,0.00472305,0.99710059
3,1598312173418446700,1598312173418388800,-0.05810633,-0.99774384,-0.03363198,-0.11016977,0.00594264,0.03334257,-0.99942636,1.92068076,0.99829280,-0.05827293,0.00399187,0.99705482
3,1598312173427589100,1598312173427560200,-0.05800346,-0.99775541,-0.03346529,-0.10707498,0.00730266,0.03309674,-0.99942553,1.92053223,0.99828976,-0.05821460,0.00536659,1.00023079
3,1598312173436645000,1598312173436563100,-0.05821845,-0.99773318,-0.03375317,-0.10317731,0.00612319,0.03345295,-0.99942160,1.92052960,0.99828517,-0.05839157,0.00416178,0.99832559
3,1598312173445633900,1598312173445559700,-0.05835727,-0.99773830,-0.03336174,-0.09961855,0.00647101,0.03303989,-0.99943316,1.92044330,0.99827486,-0.05854014,0.00452831,0.99847150
3,1598312173454377700,1598312173454306400,-0.05826321,-0.99771649,-0.03416762,-0.09580398,0.00599561,0.03387539,-0.99940813,1.92053103,0.99828339,-0.05843365,0.00400828,0.99897528
3,1598312173463653700,1598312173463621300,-0.05828559,-0.99773717,-0.03351857,-0.09219396,0.00640579,0.03320113,-0.99942821,1.92046845,0.99827951,-0.05846703,0.00445620,0.99883533
3,1598312173472301400,1598312173472239800,-0.05809152,-0.99773240,-0.03399559,-0.08877659,0.00585498,0.03371197,-0.99941450,1.92034960,0.99829417,-0.05825663,0.00388338,0.99925494
3,1598312173481544100,1598312173481386900,-0.05827942,-0.99773884,-0.03348142,-0.08480000,0.00575844,0.03320184,-0.99943215,1.92021930,0.99828380,-0.05843920,0.00381049,0.99630809
3,1598312173490273300,1598312173490231700,-0.05810761,-0.99773246,-0.03396719,-0.08115053,0.00587812,0.03368210,-0.99941540,1.92048478,0.99829310,-0.05827338,0.00390765,0.99668312
3,1598312173499366200,1598312173499314300,-0.05825117,-0.99774730,-0.03327725,-0.07762909,0.00588544,0.03299000,-0.99943841,1.92050529,0.99828470,-0.05841437,0.00395053,0.99595451
3,1598312173508240600,1598312173508193400,-0.05790672,-0.99774957,-0.03380503,-0.07448888,0.00567053,0.03353253,-0.99942160,1.92023170,0.99830604,-0.05806497,0.00371607,0.99859309
3,1598312173517343000,1598312173517301900,-0.05758658,-0.99778801,-0.03321332,-0.07084501,0.00539999,0.03295669,-0.99944228,1.92014003,0.99832600,-0.05773389,0.00349024,0.99742913
3,1598312173526153900,1598312173526096600,-0.05758971,-0.99777746,-0.03352403,-0.06713247,0.00543882,0.03326565,-0.99943179,1.92043591,0.99832565,-0.05773938,0.00351102,0.99695778
3,1598312173535301100,1598312173535262600,-0.05783844,-0.99778748,-0.03278909,-0.06344318,0.00509899,0.03254835,-0.99945724,1.92040110,0.99831301,-0.05797431,0.00320521,0.99607658
3,1598312173544204600,1598312173544015800,-0.05727363,-0.99779141,-0.03364948,-0.05965948,0.00531640,0.03339947,-0.99942797,1.92003822,0.99834454,-0.05741984,0.00339180,0.99562216
3,1598312173553163800,1598312173553112800,-0.05738461,-0.99780315,-0.03310676,-0.05631709,0.00466155,0.03289320,-0.99944806,1.92004895,0.99834138,-0.05750734,0.00276380,0.99637461
3,1598312173562074800,1598312173562020400,-0.05750576,-0.99779940,-0.03301106,-0.05314672,0.00509823,0.03277180,-0.99944991,1.92020309,0.99833226,-0.05764249,0.00320250,0.99827814
3,1598312173571214400,1598312173571156600,-0.05749616,-0.99779499,-0.03316068,-0.04956591,0.00520821,0.03291535,-0.99944466,1.92012095,0.99833226,-0.05763701,0.00330427,0.99856186
3,1598312173580023500,1598312173579966900,-0.05737063,-0.99778569,-0.03365321,-0.04589581,0.00466972,0.03344012,-0.99942988,1.91967988,0.99834210,-0.05749512,0.00274096,1.00001931
3,1598312173589221100,1598312173589179000,-0.05739641,-0.99778754,-0.03355455,-0.04195571,0.00477027,0.03333544,-0.99943292,1.91976094,0.99834013,-0.05752400,0.00284644,0.99832726
3,1598312173597922900,1598312173597869300,-0.05754879,-0.99780077,-0.03289466,-0.03877151,0.00474718,0.03267536,-0.99945480,1.91982162,0.99833155,-0.05767360,0.00285637,0.99969244
3,1598312173606996100,1598312173606936400,-0.05733383,-0.99778700,-0.03367747,-0.03525078,0.00453649,0.03347219,-0.99942940,1.91975856,0.99834484,-0.05745396,0.00260741,1.00085783
3,1598312173615879100,1598312173615850000,-0.05749157,-0.99778944,-0.03333394,-0.03122580,0.00450376,0.03312957,-0.99944097,1.91980004,0.99833596,-0.05760965,0.00258919,1.00018430
3,1598312173625006700,1598312173624973300,-0.05775353,-0.99776614,-0.03357861,-0.02734995,0.00458931,0.03336901,-0.99943262,1.92002225,0.99832046,-0.05787489,0.00265193,0.99927020
3,1598312173633897100,1598312173633794400,-0.05760050,-0.99779201,-0.03307032,-0.02360427,0.00491143,0.03284166,-0.99944854,1.91997409,0.99832773,-0.05773118,0.00300894,0.99760199
3,1598312173642972100,1598312173642927600,-0.05748132,-0.99777311,-0.03383819,-0.02000439,0.00411687,0.03365701,-0.99942505,1.91998076,0.99833822,-0.05758762,0.00217311,0.99871302
3,1598312173651927200,1598312173651886000,-0.05766201,-0.99779022,-0.03301681,-0.01682472,0.00425660,0.03282578,-0.99945211,1.91992664,0.99832714,-0.05777103,0.00235444,1.00016618
3,1598312173661007000,1598312173660947900,-0.05764714,-0.99777138,-0.03360551,-0.01360822,0.00447479,0.03340286,-0.99943203,1.91954970,0.99832708,-0.05776486,0.00253929,1.00294685
3,1598312173669805700,1598312173669719700,-0.05773076,-0.99778903,-0.03293138,-0.00994301,0.00437132,0.03273340,-0.99945462,1.91977942,0.99832273,-0.05784330,0.00247198,1.00093627
3,1598312173678973300,1598312173678917800,-0.05739638,-0.99779236,-0.03341001,-0.00625813,0.00420718,0.03322310,-0.99943918,1.91982317,0.99834269,-0.05750483,0.00229105,1.00129938
3,1598312173687774900,1598312173687712100,-0.05746788,-0.99779963,-0.03306841,-0.00237823,0.00459935,0.03285815,-0.99944949,1.91968942,0.99833685,-0.05758840,0.00270099,1.00120854
3,1598312173696875800,1598312173696820200,-0.05714130,-0.99780697,-0.03341159,0.00181937,0.00460677,0.03320236,-0.99943811,1.91983628,0.99835557,-0.05726314,0.00269950,0.99901390
3,1598312173705784200,1598312173705664400,-0.05701029,-0.99781108,-0.03351225,0.00538051,0.00461767,0.03330291,-0.99943471,1.91976428,0.99836296,-0.05713287,0.00270901,0.99882793
3,1598312173714896800,1598312173714848100,-0.05721319,-0.99781561,-0.03303061,0.00921679,0.00390566,0.03286081,-0.99945235,1.91988957,0.99835449,-0.05731088,0.00201711,0.99727464
3,1598312173723727000,1598312173723635800,-0.05693796,-0.99781287,-0.03358351,0.01296175,0.00490977,0.03335778,-0.99943149,1.91995311,0.99836576,-0.05707052,0.00299976,0.99705672
3,1598312173732922600,1598312173732864500,-0.05703121,-0.99782127,-0.03317387,0.01588893,0.00470832,0.03295873,-0.99944568,1.92001688,0.99836141,-0.05715588,0.00281844,1.00083971
3,1598312173741650200,1598312173741545500,-0.05702195,-0.99781168,-0.03347498,0.01964831,0.00434295,0.03328127,-0.99943668,1.91976154,0.99836355,-0.05713525,0.00243574,1.00126147
3,1598312173750629900,1598312173750578500,-0.05717027,-0.99781471,-0.03312961,0.02310777,0.00454462,0.03292340,-0.99944758,1.91953659,0.99835420,-0.05728930,0.00265250,1.00075674
3,1598312173759752000,1598312173759625600,-0.05729932,-0.99781215,-0.03298372,0.02696025,0.00390407,0.03281376,-0.99945390,1.91959620,0.99834949,-0.05739683,0.00201538,0.99950242
3,1598312173768619800,1598312173768574400,-0.05727249,-0.99782562,-0.03262188,0.03029931,0.00426972,0.03243036,-0.99946493,1.91956115,0.99834955,-0.05738121,0.00240312,1.00016236
3,1598312173777566600,1598312173777437500,-0.05719173,-0.99780941,-0.03325321,0.03403497,0.00418055,0.03306805,-0.99944443,1.91942835,0.99835455,-0.05729902,0.00228022,1.00014377
3,1598312173786655900,1598312173786619100,-0.05767408,-0.99780720,-0.03247783,0.03774524,0.00399068,0.03230126,-0.99947029,1.91935098,0.99832761,-0.05777314,0.00211904,0.99935627
3,1598312173795468500,1598312173795428800,-0.05753389,-0.99779379,-0.03312881,0.04115069,0.00457895,0.03291965,-0.99944758,1.91936100,0.99833322,-0.05765387,0.00267490,1.00005722
3,1598312173804555800,1598312173804483400,-0.05755532,-0.99781799,-0.03235751,0.04454863,0.00436812,0.03215919,-0.99947327,1.91918635,0.99833286,-0.05766636,0.00250771,1.00068498
3,1598312173813357600,1598312173813317700,-0.05768877,-0.99779731,-0.03275304,0.04793656,0.00405277,0.03257331,-0.99946117,1.91911161,0.99832648,-0.05779049,0.00216479,1.00128055
3,1598312173822525300,1598312173822500600,-0.05787164,-0.99780005,-0.03234399,0.05141795,0.00441147,0.03214234,-0.99947363,1.91883492,0.99831438,-0.05798393,0.00254169,1.00146604
3,1598312173831356800,1598312173831288100,-0.05762821,-0.99780279,-0.03269248,0.05490029,0.00425163,0.03250128,-0.99946272,1.91874981,0.99832922,-0.05773631,0.00236935,1.00229168
3,1598312173840830100,1598312173840715800,-0.05759341,-0.99781680,-0.03232694,0.05831265,0.00454031,0.03211852,-0.99947381,1.91872621,0.99832988,-0.05770996,0.00268063,1.00181317
3,1598312173849311400,1598312173849252800,-0.05787620,-0.99779510,-0.03248996,0.06246257,0.00391209,0.03231755,-0.99947006,1.91879654,0.99831617,-0.05797270,0.00203310,1.00235081
3,1598312173858330200,1598312173858258500,-0.05776736,-0.99780661,-0.03232982,0.06653774,0.00437873,0.03213031,-0.99947417,1.91888440,0.99832058,-0.05787858,0.00251310,1.00035930
3,1598312173867262300,1598312173867230500,-0.05736181,-0.99782562,-0.03246327,0.07004821,0.00437367,0.03226529,-0.99946982,1.91857517,0.99834394,-0.05747342,0.00251342,1.00115919
3,1598312173876420300,1598312173876362700,-0.05724210,-0.99783880,-0.03227063,0.07349038,0.00393747,0.03209770,-0.99947703,1.91877127,0.99835265,-0.05733925,0.00209168,1.00140452
3,1598312173885740700,1598312173885690400,-0.05727869,-0.99785084,-0.03183058,0.07693720,0.00450820,0.03162404,-0.99948972,1.91874027,0.99834812,-0.05739301,0.00268718,1.00178885
3,1598312173895248000,1598312173895192500,-0.05724186,-0.99783349,-0.03243266,0.08069849,0.00422183,0.03224366,-0.99947119,1.91861689,0.99835151,-0.05734858,0.00236705,1.00274682
3,1598312173904158100,1598312173904130000,-0.05710462,-0.99785590,-0.03198167,0.08424377,0.00449953,0.03177635,-0.99948496,1.91886377,0.99835813,-0.05721918,0.00267536,1.00196028
3,1598312173913125500,1598312173913067400,-0.05704513,-0.99784237,-0.03250699,0.08817732,0.00415151,0.03232260,-0.99946892,1.91899490,0.99836314,-0.05714986,0.00229876,1.00117540
3,1598312173922133900,1598312173922042600,-0.05726224,-0.99785471,-0.03173712,0.09195614,0.00507667,0.03149780,-0.99949098,1.91912973,0.99834639,-0.05739430,0.00326220,0.99921155
3,1598312173931186000,1598312173931112800,-0.05721694,-0.99784410,-0.03215148,0.09559774,0.00463273,0.03193848,-0.99947917,1.91922832,0.99835116,-0.05733612,0.00279537,0.99920249
3,1598312173940244800,1598312173940181600,-0.05731627,-0.99783921,-0.03212396,0.09939802,0.00480672,0.03190063,-0.99947953,1.91889286,0.99834460,-0.05744091,0.00296797,0.99923801
3,1598312173949212900,1598312173949125300,-0.05723917,-0.99784535,-0.03207245,0.10253513,0.00425828,0.03188078,-0.99948269,1.91885066,0.99835151,-0.05734619,0.00242433,1.00103140
3,1598312173958021500,1598312173957936600,-0.05731639,-0.99784231,-0.03202935,0.10636544,0.00474804,0.03180923,-0.99948275,1.91907334,0.99834490,-0.05743885,0.00291466,0.99852204
3,1598312173967123300,1598312173967072700,-0.05747309,-0.99784243,-0.03174269,0.10939050,0.00452864,0.03153430,-0.99949247,1.91908038,0.99833691,-0.05758771,0.00270655,1.00105333
3,1598312173975979000,1598312173975936100,-0.05757466,-0.99783415,-0.03182086,0.11313820,0.00443688,0.03161763,-0.99949026,1.91854334,0.99833149,-0.05768657,0.00260694,1.00138187
3,1598312173984958300,1598312173984893900,-0.05771405,-0.99783242,-0.03162024,0.11670232,0.00438879,0.03141909,-0.99949670,1.91852987,0.99832356,-0.05782381,0.00256601,1.00162363
3,1598312173993870200,1598312173993828200,-0.05785486,-0.99780643,-0.03217893,0.12028182,0.00431258,0.03198278,-0.99947917,1.91854215,0.99831581,-0.05796355,0.00245282,1.00208068
3,1598312174002925800,1598312174002870800,-0.05797479,-0.99783325,-0.03111252,0.12365723,0.00480099,0.03088587,-0.99951142,1.91828692,0.99830657,-0.05809587,0.00300003,1.00240469
3,1598312174011853300,1598312174011806300,-0.05774575,-0.99782270,-0.03186735,0.12734866,0.00427985,0.03167285,-0.99948919,1.91825318,0.99832225,-0.05785272,0.00244161,1.00270414
3,1598312174020911900,1598312174020863800,-0.05802184,-0.99782121,-0.03140968,0.13090527,0.00482685,0.03118188,-0.99950212,1.91803002,0.99830377,-0.05814463,0.00300715,1.00432682
3,1598312174029889400,1598312174029782800,-0.05789387,-0.99781293,-0.03190601,0.13476324,0.00428753,0.03171077,-0.99948794,1.91792691,0.99831367,-0.05800110,0.00244234,1.00366378
3,1598312174038890600,1598312174038837600,-0.05799168,-0.99782497,-0.03134586,0.13841176,0.00470421,0.03112518,-0.99950451,1.91812909,0.99830610,-0.05811048,0.00288903,1.00135827
3,1598312174047881300,1598312174047785700,-0.05785653,-0.99781579,-0.03188265,0.14224136,0.00475666,0.03166022,-0.99948746,1.91819334,0.99831367,-0.05797857,0.00291457,1.00308609
3,1598312174056775600,1598312174056737600,-0.05785927,-0.99782902,-0.03146074,0.14566040,0.00479950,0.03123510,-0.99950063,1.91803479,0.99831331,-0.05798143,0.00298189,1.00217867
3,1598312174065836000,1598312174065771800,-0.05733716,-0.99785346,-0.03164083,0.14935148,0.00464534,0.03142593,-0.99949533,1.91793180,0.99834418,-0.05745527,0.00283355,1.00193334
3,1598312174074999900,1598312174074904700,-0.05742773,-0.99786782,-0.03101935,0.15276039,0.00495765,0.03078517,-0.99951380,1.91803217,0.99833745,-0.05755365,0.00317921,1.00180912
3,1598312174083713900,1598312174083648000,-0.05744502,-0.99786133,-0.03119586,0.15631223,0.00444925,0.03099123,-0.99950981,1.91796362,0.99833882,-0.05755571,0.00265949,1.00222921
3,1598312174092914300,1598312174092861500,-0.05725428,-0.99785292,-0.03180922,0.16015148,0.00449252,0.03160362,-0.99949044,1.91802514,0.99834967,-0.05736807,0.00267348,1.00166869
3,1598312174101654600,1598312174101615600,-0.05742943,-0.99787837,-0.03067563,0.16319084,0.00477164,0.03045159,-0.99952489,1.91796660,0.99833822,-0.05754852,0.00301275,1.00244141
3,1598312174110753600,1598312174110700300,-0.05730537,-0.99787241,-0.03109530,0.16686332,0.00473116,0.03087466,-0.99951214,1.91791427,0.99834561,-0.05742460,0.00295186,1.00308776
3,1598312174119589900,1598312174119540500,-0.05733529,-0.99787343,-0.03100879,0.17053246,0.00470387,0.03078949,-0.99951488,1.91798794,0.99834400,-0.05745342,0.00292860,1.00290680
3,1598312174128609100,1598312174128576300,-0.05747870,-0.99786818,-0.03091247,0.17418242,0.00425831,0.03071829,-0.99951905,1.91803598,0.99833775,-0.05758274,0.00248364,1.00295591
3,1598312174137565600,1598312174137532400,-0.05765125,-0.99786556,-0.03067542,0.17771554,0.00467946,0.03045605,-0.99952519,1.91790557,0.99832594,-0.05776751,0.00291369,1.00248075
3,1598312174146666700,1598312174146559800,-0.05726141,-0.99787951,-0.03094863,0.18171299,0.00462357,0.03073406,-0.99951696,1.91801059,0.99834859,-0.05737689,0.00285394,1.00196576
3,1598312174155459200,1598312174155420500,-0.05736199,-0.99788022,-0.03073938,0.18510497,0.00422035,0.03054739,-0.99952447,1.91781545,0.99834466,-0.05746448,0.00245920,1.00198221
3,1598312174164851600,1598312174164805800,-0.05732241,-0.99788058,-0.03080289,0.18888795,0.00503724,0.03056411,-0.99952018,1.91785944,0.99834305,-0.05745009,0.00327461,1.00101948
3,1598312174173510100,1598312174173412200,-0.05757877,-0.99788058,-0.03031929,0.19241011,0.00430259,0.03012132,-0.99953705,1.91776252,0.99833179,-0.05768260,0.00255918,1.00125551
3,1598312174182867000,1598312174182713500,-0.05753708,-0.99787074,-0.03072119,0.19618785,0.00460837,0.03050634,-0.99952400,1.91780472,0.99833286,-0.05765128,0.00284336,1.00054502
3,1598312174191577400,1598312174191443900,-0.05750439,-0.99787253,-0.03072389,0.19948876,0.00455731,0.03051207,-0.99952406,1.91773915,0.99833494,-0.05761704,0.00279309,1.00112987
3,1598312174200652100,1598312174200602400,-0.05759493,-0.99789190,-0.02991443,0.20313311,0.00428116,0.02971698,-0.99954927,1.91795254,0.99833101,-0.05769709,0.00256064,0.99958372
3,1598312174209349500,1598312174209299200,-0.05737168,-0.99788785,-0.03047201,0.20697260,0.00453476,0.03026145,-0.99953181,1.91767919,0.99834269,-0.05748299,0.00278909,0.99988699
3,1598312174218375800,1598312174218347300,-0.05736807,-0.99790227,-0.03000475,0.21022916,0.00422567,0.02981122,-0.99954665,1.91757405,0.99834424,-0.05746889,0.00250665,1.00019550
3,1598312174227381700,1598312174227261100,-0.05756184,-0.99789274,-0.02995091,0.21357095,0.00414572,0.02976144,-0.99954849,1.91752553,0.99833345,-0.05766004,0.00242391,1.00047660
3,1598312174236306600,1598312174236253800,-0.05816147,-0.99786055,-0.02986382,0.21697581,0.00433889,0.02966147,-0.99955064,1.91764331,0.99829787,-0.05826494,0.00260450,1.00142956
3,1598312174245223300,1598312174245183700,-0.05811501,-0.99786460,-0.02981854,0.22039652,0.00419814,0.02962444,-0.99955237,1.91720366,0.99830115,-0.05821422,0.00246760,1.00308967
3,1598312174254354100,1598312174254299000,-0.05812642,-0.99787295,-0.02951648,0.22445345,0.00425905,0.02931828,-0.99956113,1.91738522,0.99830031,-0.05822667,0.00254587,1.00127602
3,1598312174263200600,1598312174263133600,-0.05775419,-0.99788302,-0.02990397,0.22778308,0.00428198,0.02970605,-0.99954957,1.91730642,0.99832177,-0.05785626,0.00255731,1.00187659
3,1598312174272236000,1598312174272160100,-0.05722833,-0.99792230,-0.02960279,0.23133278,0.00424594,0.02940780,-0.99955857,1.91719532,0.99835217,-0.05732882,0.00255421,1.00211406
3,1598312174281282800,1598312174281224500,-0.05744603,-0.99791241,-0.02951375,0.23483455,0.00443521,0.02930715,-0.99956065,1.91715968,0.99833888,-0.05755177,0.00274242,1.00244045
3,1598312174290175800,1598312174290141500,-0.05769324,-0.99789929,-0.02947553,0.23830569,0.00381303,0.02930419,-0.99956334,1.91699564,0.99832720,-0.05778047,0.00211442,1.00236630
3,1598312174299161100,1598312174299117400,-0.05720970,-0.99792719,-0.02947408,0.24188459,0.00450771,0.02926389,-0.99956161,1.91687047,0.99835217,-0.05731750,0.00282424,1.00166488
3,1598312174308163700,1598312174308111200,-0.05725065,-0.99793744,-0.02904249,0.24547184,0.00395509,0.02886323,-0.99957561,1.91695201,0.99835211,-0.05734128,0.00229455,1.00129509
3,1598312174317062900,1598312174317023700,-0.05727810,-0.99792343,-0.02946894,0.24924040,0.00463223,0.02925139,-0.99956143,1.91687536,0.99834764,-0.05738956,0.00294719,1.00117707
3,1598312174326087400,1598312174326017200,-0.05730808,-0.99793881,-0.02888385,0.25296605,0.00406940,0.02869762,-0.99957991,1.91684902,0.99834830,-0.05740160,0.00241646,1.00192690
3,1598312174334970000,1598312174334925600,-0.05708677,-0.99793887,-0.02931513,0.25671065,0.00419048,0.02912320,-0.99956709,1.91711438,0.99836051,-0.05718493,0.00251935,1.00045276
3,1598312174343968800,1598312174343914200,-0.05712846,-0.99795365,-0.02872547,0.26010633,0.00398453,0.02854428,-0.99958467,1.91669619,0.99835896,-0.05721921,0.00234574,1.00173116
3,1598312174353012900,1598312174352863700,-0.05721185,-0.99794257,-0.02894444,0.26343286,0.00429568,0.02874555,-0.99957758,1.91649580,0.99835294,-0.05731210,0.00264230,1.00371194
3,1598312174362020800,1598312174361967000,-0.05721742,-0.99794495,-0.02885114,0.26772177,0.00421960,0.02865646,-0.99958050,1.91650963,0.99835300,-0.05731520,0.00257133,1.00127888
3,1598312174370944600,1598312174370897500,-0.05722460,-0.99794549,-0.02881634,0.27065587,0.00420482,0.02862243,-0.99958152,1.91662145,0.99835259,-0.05732188,0.00255833,1.00289965
3,1598312174379966300,1598312174379884200,-0.05733120,-0.99795252,-0.02835717,0.27441919,0.00439910,0.02815105,-0.99959403,1.91654241,0.99834561,-0.05743271,0.00277622,1.00325775
3,1598312174388815500,1598312174388771400,-0.05742601,-0.99793059,-0.02893235,0.27801621,0.00472256,0.02870828,-0.99957675,1.91659272,0.99833870,-0.05753836,0.00306424,1.00351119
3,1598312174397964600,1598312174397904500,-0.05775040,-0.99793494,-0.02812459,0.28168821,0.00437913,0.02791807,-0.99960071,1.91630077,0.99832153,-0.05785054,0.00275786,1.00389647
3,1598312174406771100,1598312174406723900,-0.05776972,-0.99791998,-0.02861220,0.28513920,0.00460887,0.02839313,-0.99958628,1.91644049,0.99831939,-0.05787772,0.00295907,1.00331068
3,1598312174416228200,1598312174416087600,-0.05781800,-0.99791968,-0.02852357,0.28876722,0.00467893,0.02830015,-0.99958861,1.91629720,0.99831629,-0.05792770,0.00303299,1.00407290
3,1598312174424760500,1598312174424711000,-0.05796117,-0.99791121,-0.02853095,0.29211462,0.00440795,0.02832286,-0.99958915,1.91604388,0.99830920,-0.05806318,0.00275717,1.00512576
3,1598312174433842200,1598312174433810800,-0.05800644,-0.99788594,-0.02930899,0.29599643,0.00462614,0.02908938,-0.99956620,1.91566348,0.99830556,-0.05811694,0.00292904,1.00536323
3,1598312174442667900,1598312174442616100,-0.05821368,-0.99789786,-0.02848155,0.29864395,0.00494519,0.02824130,-0.99958897,1.91568971,0.99829203,-0.05833066,0.00329082,1.00546455
3,1598312174451790600,1598312174451761000,-0.05846959,-0.99787343,-0.02881448,0.30300641,0.00480790,0.02858200,-0.99957997,1.91569233,0.99827772,-0.05858365,0.00312655,1.00552630
3,1598312174460742300,1598312174460657300,-0.05855063,-0.99788338,-0.02829850,0.30697036,0.00484676,0.02806260,-0.99959445,1.91544676,0.99827272,-0.05866408,0.00319347,1.00351763
3,1598312174470485900,1598312174470395700,-0.05847630,-0.99787414,-0.02877402,0.31068146,0.00494565,0.02853337,-0.99958068,1.91602659,0.99827665,-0.05859414,0.00326666,1.00305724
3,1598312174479736000,1598312174479694500,-0.05825993,-0.99789381,-0.02853132,0.31427312,0.00540101,0.02826434,-0.99958593,1.91584945,0.99828696,-0.05838996,0.00374301,1.00355196
3,1598312174488734400,1598312174488688300,-0.05783761,-0.99791884,-0.02851395,0.31807458,0.00492808,0.02827598,-0.99958807,1.91599131,0.99831402,-0.05795437,0.00328246,1.00306177
3,1598312174497610200,1598312174497571200,-0.05816942,-0.99789989,-0.02850438,0.32177484,0.00561214,0.02822536,-0.99958587,1.91597176,0.99829113,-0.05830538,0.00395855,1.00278115
3,1598312174506816300,1598312174506765400,-0.05816582,-0.99789292,-0.02875208,0.32558799,0.00528634,0.02849252,-0.99958009,1.91637862,0.99829304,-0.05829343,0.00361796,1.00094557
3,1598312174515566300,1598312174515506100,-0.05818447,-0.99791396,-0.02797272,0.32899404,0.00559564,0.02769371,-0.99960083,1.91644859,0.99829030,-0.05831784,0.00397267,1.00082994
3,1598312174524750300,1598312174524721600,-0.05800879,-0.99790007,-0.02882176,0.33277667,0.00498265,0.02858057,-0.99957913,1.91672158,0.99830377,-0.05812803,0.00331432,1.00173998
3,1598312174533520900,1598312174533458100,-0.05567721,-0.99804801,-0.02829258,0.33531082,0.00528281,0.02804163,-0.99959284,1.91696060,0.99843496,-0.05580407,0.00371127,1.00088954
3,1598312174542585600,1598312174542553200,-0.05567548,-0.99803656,-0.02869941,0.33932400,0.00525727,0.02845051,-0.99958146,1.91662037,0.99843520,-0.05580312,0.00366300,1.00173736
3,1598312174551683200,1598312174551543900,-0.05573329,-0.99803203,-0.02874170,0.34328389,0.00513094,0.02849973,-0.99958068,1.91690803,0.99843264,-0.05585745,0.00353251,0.99923944
3,1598312174560525200,1598312174560434400,-0.05582008,-0.99803889,-0.02833333,0.34645593,0.00469948,0.02811459,-0.99959373,1.91687000,0.99842989,-0.05593061,0.00312095,1.00004435
3,1598312174569421000,1598312174569333300,-0.05417925,-0.99813670,-0.02807127,0.34963977,0.00525510,0.02782710,-0.99959898,1.91618252,0.99851751,-0.05430511,0.00373771,1.00164866
3,1598312174578463200,1598312174578388700,-0.05431849,-0.99812716,-0.02814138,0.35318661,0.00466614,0.02792891,-0.99959910,1.91612566,0.99851286,-0.05442804,0.00314040,1.00242591
3,1598312174587356500,1598312174587281400,-0.05434188,-0.99811798,-0.02842041,0.35670543,0.00525876,0.02817596,-0.99958920,1.91605031,0.99850869,-0.05446908,0.00371778,1.00226760
3,1598312174596413400,1598312174596354800,-0.05345905,-0.99819940,-0.02720669,0.35970426,0.00522582,0.02696558,-0.99962276,1.91609740,0.99855649,-0.05358112,0.00377491,1.00348139
3,1598312174605326100,1598312174605280100,-0.05319884,-0.99814570,-0.02958696,0.36354709,0.00506505,0.02935878,-0.99955618,1.91595960,0.99857122,-0.05332518,0.00349386,1.00408721
3,1598312174618304000,1598312174618224900,-0.05382472,-0.99816442,-0.02776635,0.36872017,0.00469047,0.02755358,-0.99960941,1.91614509,0.99853951,-0.05393398,0.00319885,1.00401592
3,1598312174627160600,1598312174627087300,-0.05231738,-0.99817801,-0.03006405,0.37269676,0.00573347,0.02980451,-0.99953938,1.91613305,0.99861419,-0.05246574,0.00416378,1.00321960
3,1598312174636150400,1598312174636106600,-0.05232611,-0.99819762,-0.02939011,0.37632990,0.00581746,0.02912520,-0.99955893,1.91619396,0.99861318,-0.05247405,0.00428302,1.00263572
3,1598312174645210500,1598312174645149500,-0.05256385,-0.99818325,-0.02945264,0.38002503,0.00492395,0.02923395,-0.99956053,1.91654575,0.99860555,-0.05268583,0.00337841,1.00435781
3,1598312174654045900,1598312174653987600,-0.05296606,-0.99818259,-0.02874605,0.38364029,0.00616264,0.02845914,-0.99957603,1.91643453,0.99857742,-0.05312082,0.00464413,1.00119925
3,1598312174663048300,1598312174662991900,-0.05194137,-0.99822658,-0.02908807,0.38714850,0.00492387,0.02887101,-0.99957108,1.91649461,0.99863815,-0.05206236,0.00341559,1.00168133
3,1598312174671948800,1598312174671894100,-0.05178773,-0.99822283,-0.02948784,0.39140797,0.00597808,0.02921702,-0.99955529,1.91604602,0.99864030,-0.05194107,0.00445443,1.00147700
3,1598312174681031200,1598312174680942900,-0.05197239,-0.99821699,-0.02936030,0.39469397,0.00536102,0.02912069,-0.99956161,1.91595018,0.99863428,-0.05210707,0.00383804,1.00286722
3,1598312174689943000,1598312174689880400,-0.05198926,-0.99821997,-0.02922936,0.39842093,0.00565121,0.02897435,-0.99956423,1.91596437,0.99863172,-0.05213183,0.00413485,1.00102305
3,1598312174698998700,1598312174698940000,-0.05128855,-0.99825352,-0.02931840,0.40135705,0.00595744,0.02905065,-0.99956024,1.91582501,0.99866623,-0.05144072,0.00445712,1.00351095
3,1598312174707834300,1598312174707767400,-0.05107906,-0.99825990,-0.02946761,0.40516174,0.00519633,0.02924003,-0.99955899,1.91556025,0.99868119,-0.05120975,0.00369379,1.00362587
3,1598312174716977500,1598312174716921800,-0.05116534,-0.99828094,-0.02859366,0.40850925,0.00625472,0.02831025,-0.99957967,1.91505444,0.99867070,-0.05132273,0.00479552,1.00456715
3,1598312174725777500,1598312174725733400,-0.05055276,-0.99826288,-0.03026346,0.41248417,0.00468189,0.03006496,-0.99953705,1.91524327,0.99871051,-0.05067107,0.00315395,1.00216937
