0,1598332315572833300,1598332315572744700,-0.99994540,0.00922403,0.00492003,-0.65085286,-0.00553080,-0.06740144,-0.99771053,1.82909822,-0.00887126,-0.99768335,0.06744879,-1.13863397
0,1598332315581624500,1598332315581550300,-0.99994516,0.00924164,0.00493538,-0.65087175,-0.00554730,-0.06740030,-0.99771053,1.82910192,-0.00888780,-0.99768317,0.06744787,-1.13863802
0,1598332315590578500,1598332315590453900,-0.99994522,0.00924781,0.00492381,-0.65091455,-0.00553631,-0.06741713,-0.99770945,1.82914603,-0.00889465,-0.99768203,0.06746463,-1.13871527
0,1598332315599532800,1598332315599445800,-0.99994504,0.00926542,0.00492422,-0.65092456,-0.00553789,-0.06741386,-0.99770969,1.82914078,-0.00891221,-0.99768209,0.06746146,-1.13873363
0,1598332315608498200,1598332315608341500,-0.99994498,0.00927362,0.00492072,-0.65095180,-0.00553485,-0.06740300,-0.99771041,1.82914519,-0.00892067,-0.99768275,0.06745062,-1.13874030
0,1598332315617590000,1598332315617443500,-0.99994504,0.00927624,0.00490357,-0.65093124,-0.00551780,-0.06739012,-0.99771142,1.82911396,-0.00892454,-0.99768358,0.06743761,-1.13869762
0,1598332315626395000,1598332315626338800,-0.99994487,0.00931177,0.00488040,-0.65090615,-0.00549745,-0.06743201,-0.99770868,1.82910943,-0.00896129,-0.99768043,0.06747948,-1.13869953
0,1598332315635427700,1598332315635360900,-0.99994481,0.00930923,0.00487907,-0.65090942,-0.00549593,-0.06742908,-0.99770886,1.82910669,-0.00895891,-0.99768066,0.06747653,-1.13870919
0,1598332315644433500,1598332315644326300,-0.99994487,0.00929707,0.00488871,-0.65090966,-0.00550464,-0.06742077,-0.99770939,1.82910419,-0.00894615,-0.99768138,0.06746824,-1.13872313
0,1598332315653439100,1598332315653336100,-0.99994504,0.00928897,0.00487953,-0.65083569,-0.00549448,-0.06736812,-0.99771303,1.82901537,-0.00893897,-0.99768496,0.06741545,-1.13859248
0,1598332315662299100,1598332315662239100,-0.99994504,0.00928628,0.00488809,-0.65083581,-0.00550303,-0.06739039,-0.99771148,1.82900631,-0.00893560,-0.99768347,0.06743779,-1.13859594
0,1598332315671731300,1598332315671656600,-0.99994493,0.00929755,0.00488642,-0.65082353,-0.00550182,-0.06735522,-0.99771386,1.82902479,-0.00894713,-0.99768579,0.06740267,-1.13856995
0,1598332315680419800,1598332315680318100,-0.99994481,0.00931388,0.00488825,-0.65083230,-0.00550459,-0.06733902,-0.99771494,1.82901907,-0.00896344,-0.99768674,0.06738658,-1.13856840
0,1598332315689332300,1598332315689265000,-0.99994475,0.00930503,0.00490607,-0.65088278,-0.00552199,-0.06736306,-0.99771321,1.82907057,-0.00895324,-0.99768513,0.06741072,-1.13866365
0,1598332315698273300,1598332315698190300,-0.99994481,0.00931013,0.00488328,-0.65089989,-0.00549974,-0.06737980,-0.99771219,1.82906735,-0.00895977,-0.99768400,0.06742729,-1.13865376
0,1598332315707325600,1598332315707232200,-0.99994493,0.00929600,0.00488284,-0.65088707,-0.00549825,-0.06736800,-0.99771297,1.82909155,-0.00894579,-0.99768490,0.06741540,-1.13863814
0,1598332315716209100,1598332315716090400,-0.99994516,0.00928730,0.00485654,-0.65083790,-0.00547087,-0.06730607,-0.99771732,1.82903469,-0.00893921,-0.99768913,0.06735319,-1.13854825
0,1598332315725267400,1598332315725214800,-0.99994540,0.00926644,0.00484673,-0.65082777,-0.00545985,-0.06732664,-0.99771601,1.82903695,-0.00891894,-0.99768794,0.06737356,-1.13855791
0,1598332315734121100,1598332315734050900,-0.99994546,0.00925305,0.00485935,-0.65081692,-0.00547148,-0.06731945,-0.99771643,1.82905853,-0.00890478,-0.99768865,0.06736640,-1.13854730
0,1598332315743187000,1598332315743104000,-0.99994516,0.00928301,0.00486171,-0.65082031,-0.00547582,-0.06731553,-0.99771667,1.82906580,-0.00893447,-0.99768853,0.06736267,-1.13854742
0,1598332315752147100,1598332315752059100,-0.99994510,0.00928539,0.00487751,-0.65086699,-0.00549203,-0.06734713,-0.99771446,1.82912767,-0.00893566,-0.99768639,0.06739443,-1.13864017
0,1598332315761047300,1598332315760970800,-0.99994516,0.00928909,0.00484580,-0.65085995,-0.00546070,-0.06735369,-0.99771416,1.82913613,-0.00894147,-0.99768597,0.06740073,-1.13864422
0,1598332315770073600,1598332315769977000,-0.99994516,0.00929499,0.00483119,-0.65086389,-0.00544643,-0.06734473,-0.99771488,1.82913971,-0.00894836,-0.99768645,0.06739167,-1.13866186
0,1598332315779077400,1598332315779009900,-0.99994504,0.00930631,0.00485058,-0.65086222,-0.00546645,-0.06733327,-0.99771553,1.82915318,-0.00895843,-0.99768722,0.06738044,-1.13866818
0,1598332315787992800,1598332315787913700,-0.99994504,0.00929916,0.00485868,-0.65084493,-0.00547403,-0.06733222,-0.99771553,1.82915330,-0.00895074,-0.99768734,0.06737942,-1.13865185
0,1598332315797176700,1598332315797036800,-0.99994504,0.00930324,0.00484998,-0.65084565,-0.00546571,-0.06734213,-0.99771494,1.82916474,-0.00895533,-0.99768662,0.06738928,-1.13864803
0,1598332315805990900,1598332315805874300,-0.99994481,0.00931627,0.00487204,-0.65085948,-0.00548870,-0.06735268,-0.99771410,1.82913566,-0.00896677,-0.99768579,0.06740010,-1.13869536
0,1598332315815014400,1598332315814906800,-0.99994457,0.00933269,0.00487246,-0.65086943,-0.00548998,-0.06732555,-0.99771589,1.82914400,-0.00898331,-0.99768740,0.06737307,-1.13870001
0,1598332315823934900,1598332315823834200,-0.99994451,0.00936019,0.00486330,-0.65086585,-0.00548278,-0.06733523,-0.99771529,1.82914603,-0.00901130,-0.99768651,0.06738281,-1.13870025
0,1598332315832901100,1598332315832832700,-0.99994457,0.00934514,0.00486640,-0.65088439,-0.00548468,-0.06731511,-0.99771667,1.82912898,-0.00899622,-0.99768800,0.06736264,-1.13870764
0,1598332315841860200,1598332315841756800,-0.99994469,0.00934151,0.00485720,-0.65088385,-0.00547545,-0.06733652,-0.99771523,1.82913423,-0.00899309,-0.99768662,0.06738395,-1.13872075
0,1598332315850968100,1598332315850868100,-0.99994445,0.00936377,0.00485608,-0.65090722,-0.00547582,-0.06733525,-0.99771535,1.82916474,-0.00901538,-0.99768651,0.06738279,-1.13877106
0,1598332315859774400,1598332315859688100,-0.99994457,0.00934482,0.00486431,-0.65092498,-0.00548286,-0.06734607,-0.99771458,1.82916451,-0.00899583,-0.99768591,0.06739359,-1.13874865
0,1598332315868604700,1598332315868542200,-0.99994445,0.00935686,0.00486012,-0.65093368,-0.00547952,-0.06734998,-0.99771434,1.82916903,-0.00900811,-0.99768555,0.06739751,-1.13876450
0,1598332315877533300,1598332315877433900,-0.99994451,0.00935805,0.00485845,-0.65094674,-0.00547786,-0.06734189,-0.99771488,1.82917988,-0.00900948,-0.99768603,0.06738941,-1.13876963
0,1598332315886589900,1598332315886494300,-0.99994469,0.00935817,0.00482377,-0.65087140,-0.00544291,-0.06730219,-0.99771774,1.82909596,-0.00901216,-0.99768877,0.06734941,-1.13861752
0,1598332315895468200,1598332315895363200,-0.99994469,0.00935507,0.00481049,-0.65085548,-0.00542941,-0.06729743,-0.99771816,1.82909954,-0.00900996,-0.99768913,0.06734450,-1.13861442
0,1598332315904515100,1598332315904407600,-0.99994463,0.00935656,0.00482664,-0.65085900,-0.00544579,-0.06731585,-0.99771678,1.82910240,-0.00901031,-0.99768782,0.06736307,-1.13861251
0,1598332315913413700,1598332315913333400,-0.99994493,0.00933480,0.00481864,-0.65084356,-0.00543630,-0.06731151,-0.99771714,1.82910705,-0.00898910,-0.99768841,0.06735855,-1.13861918
0,1598332315922551900,1598332315922442400,-0.99994510,0.00932622,0.00479484,-0.65080613,-0.00541176,-0.06728796,-0.99771887,1.82906640,-0.00898230,-0.99769008,0.06733474,-1.13854003
0,1598332315931390900,1598332315931327400,-0.99994504,0.00932801,0.00479914,-0.65080804,-0.00541638,-0.06731047,-0.99771732,1.82906616,-0.00898367,-0.99768841,0.06735729,-1.13852882
0,1598332315940429600,1598332315940324300,-0.99994522,0.00930598,0.00481764,-0.65079671,-0.00543327,-0.06730141,-0.99771786,1.82907128,-0.00896049,-0.99768931,0.06734828,-1.13852584
0,1598332315949397900,1598332315949287500,-0.99994528,0.00929317,0.00481408,-0.65078574,-0.00542885,-0.06730150,-0.99771786,1.82906294,-0.00894797,-0.99768943,0.06734828,-1.13850319
0,1598332315958344800,1598332315958267700,-0.99994522,0.00930768,0.00480562,-0.65079129,-0.00542138,-0.06729986,-0.99771804,1.82906258,-0.00896299,-0.99768937,0.06734663,-1.13849032
0,1598332315967418500,1598332315967247700,-0.99994516,0.00931051,0.00481279,-0.65079796,-0.00542882,-0.06731138,-0.99771720,1.82904577,-0.00896525,-0.99768859,0.06735823,-1.13850105
0,1598332315976221000,1598332315976141000,-0.99994540,0.00928599,0.00480460,-0.65077472,-0.00541906,-0.06731796,-0.99771678,1.82904649,-0.00894132,-0.99768841,0.06736460,-1.13850570
0,1598332315985231200,1598332315985081900,-0.99994528,0.00929847,0.00480801,-0.65079039,-0.00542326,-0.06731196,-0.99771720,1.82906747,-0.00895363,-0.99768865,0.06735871,-1.13853228
0,1598332315994076500,1598332315993969300,-0.99994552,0.00927365,0.00480369,-0.65079170,-0.00541734,-0.06731975,-0.99771667,1.82906818,-0.00892907,-0.99768841,0.06736632,-1.13851905
0,1598332316003034200,1598332316002958500,-0.99994570,0.00926289,0.00480188,-0.65079045,-0.00541489,-0.06732976,-0.99771601,1.82906508,-0.00891837,-0.99768782,0.06737627,-1.13851440
0,1598332316012080400,1598332316011983100,-0.99994546,0.00927371,0.00481876,-0.65080190,-0.00543220,-0.06730009,-0.99771792,1.82906413,-0.00892821,-0.99768972,0.06734680,-1.13849711
0,1598332316021041000,1598332316020954400,-0.99994534,0.00927982,0.00482195,-0.65082020,-0.00543585,-0.06730600,-0.99771750,1.82908094,-0.00893408,-0.99768925,0.06735277,-1.13851798
0,1598332316030014500,1598332316029939200,-0.99994552,0.00926897,0.00481182,-0.65081668,-0.00542494,-0.06729876,-0.99771810,1.82907891,-0.00892395,-0.99768978,0.06734538,-1.13850713
0,1598332316039023700,1598332316038929100,-0.99994528,0.00927719,0.00484405,-0.65082288,-0.00545763,-0.06729569,-0.99771810,1.82906079,-0.00892997,-0.99768996,0.06734264,-1.13852024
0,1598332316047956800,1598332316047880000,-0.99994522,0.00928697,0.00484344,-0.65084291,-0.00545762,-0.06728843,-0.99771857,1.82905817,-0.00893989,-0.99769038,0.06733543,-1.13850367
0,1598332316056934600,1598332316056836500,-0.99994510,0.00929680,0.00485658,-0.65086830,-0.00547157,-0.06730759,-0.99771720,1.82907939,-0.00894868,-0.99768895,0.06735477,-1.13853574
0,1598332316065891500,1598332316065802300,-0.99994504,0.00928387,0.00488147,-0.65091991,-0.00549562,-0.06731888,-0.99771631,1.82905734,-0.00893405,-0.99768835,0.06736621,-1.13852143
0,1598332316074974300,1598332316074848800,-0.99994504,0.00928172,0.00489226,-0.65091240,-0.00550590,-0.06728034,-0.99771887,1.82905293,-0.00893137,-0.99769104,0.06732775,-1.13852930
0,1598332316083837300,1598332316083757900,-0.99994510,0.00926492,0.00489857,-0.65090966,-0.00551097,-0.06727039,-0.99771953,1.82903266,-0.00891423,-0.99769181,0.06731777,-1.13850451
0,1598332316092794500,1598332316092713200,-0.99994528,0.00926593,0.00487287,-0.65084863,-0.00548579,-0.06731444,-0.99771667,1.82903051,-0.00891671,-0.99768877,0.06736159,-1.13852644
0,1598332316101781900,1598332316101694300,-0.99994504,0.00928661,0.00487239,-0.65084934,-0.00548648,-0.06728832,-0.99771845,1.82902884,-0.00893757,-0.99769032,0.06733558,-1.13852167
0,1598332316110745900,1598332316110617400,-0.99994481,0.00931147,0.00488319,-0.65085882,-0.00549890,-0.06728509,-0.99771857,1.82902598,-0.00896168,-0.99769032,0.06733258,-1.13851666
0,1598332316119723300,1598332316119649800,-0.99994475,0.00931174,0.00489580,-0.65088570,-0.00551149,-0.06728426,-0.99771857,1.82904959,-0.00896102,-0.99769038,0.06733187,-1.13856053
0,1598332316128819900,1598332316128648800,-0.99994469,0.00931448,0.00490225,-0.65090328,-0.00551820,-0.06729386,-0.99771786,1.82904267,-0.00896332,-0.99768978,0.06734154,-1.13854289
0,1598332316137667200,1598332316137587800,-0.99994469,0.00930980,0.00490273,-0.65090305,-0.00551820,-0.06727545,-0.99771911,1.82905102,-0.00895873,-0.99769104,0.06732310,-1.13852835
0,1598332316146651500,1598332316146554300,-0.99994475,0.00930306,0.00491122,-0.65091074,-0.00552598,-0.06724950,-0.99772084,1.82904589,-0.00895154,-0.99769282,0.06729720,-1.13852406
0,1598332316155653000,1598332316155563000,-0.99994469,0.00929967,0.00493383,-0.65096486,-0.00554884,-0.06730883,-0.99771672,1.82909477,-0.00894633,-0.99768889,0.06735671,-1.13860786
0,1598332316164618700,1598332316164532800,-0.99994457,0.00932643,0.00489356,-0.65090066,-0.00551062,-0.06732517,-0.99771583,1.82909286,-0.00897565,-0.99768758,0.06737283,-1.13863325
0,1598332316173361600,1598332316173257800,-0.99994469,0.00930563,0.00491515,-0.65089524,-0.00553061,-0.06730951,-0.99771678,1.82908189,-0.00895354,-0.99768877,0.06735726,-1.13864207
0,1598332316182479500,1598332316182395800,-0.99994498,0.00929636,0.00488004,-0.65079892,-0.00549443,-0.06725127,-0.99772090,1.82896733,-0.00894696,-0.99769276,0.06729864,-1.13846087
0,1598332316191441500,1598332316191359700,-0.99994516,0.00929496,0.00483683,-0.65077174,-0.00545140,-0.06727167,-0.99771976,1.82895780,-0.00894836,-0.99769139,0.06731866,-1.13847327
0,1598332316200292300,1598332316200240200,-0.99994522,0.00928721,0.00484753,-0.65074897,-0.00546129,-0.06724123,-0.99772173,1.82897675,-0.00894007,-0.99769354,0.06728826,-1.13843298
0,1598332316209321800,1598332316209246000,-0.99994516,0.00928280,0.00486440,-0.65072262,-0.00547779,-0.06723700,-0.99772197,1.82896531,-0.00893459,-0.99769390,0.06728417,-1.13843358
0,1598332316218183400,1598332316218112000,-0.99994522,0.00927696,0.00486377,-0.65073562,-0.00547703,-0.06726566,-0.99772000,1.82897735,-0.00892866,-0.99769199,0.06731279,-1.13846564
0,1598332316227363800,1598332316227266100,-0.99994516,0.00928339,0.00486894,-0.65074319,-0.00548254,-0.06725674,-0.99772060,1.82896769,-0.00893477,-0.99769258,0.06730395,-1.13845742
0,1598332316236247700,1598332316236114600,-0.99994522,0.00926980,0.00486323,-0.65072840,-0.00547558,-0.06721792,-0.99772322,1.82897985,-0.00892180,-0.99769527,0.06726500,-1.13843143
0,1598332316245374900,1598332316245276200,-0.99994493,0.00928870,0.00489481,-0.65073639,-0.00550817,-0.06719706,-0.99772447,1.82897174,-0.00893864,-0.99769652,0.06724453,-1.13841617
0,1598332316254249700,1598332316254143900,-0.99994493,0.00928709,0.00489785,-0.65074027,-0.00551135,-0.06722493,-0.99772257,1.82897294,-0.00893670,-0.99769467,0.06727242,-1.13842189
0,1598332316263148800,1598332316263064400,-0.99994498,0.00928602,0.00488659,-0.65073788,-0.00550007,-0.06722952,-0.99772233,1.82896757,-0.00893635,-0.99769437,0.06727690,-1.13842320
0,1598332316271906800,1598332316271759300,-0.99994481,0.00931075,0.00488476,-0.65072119,-0.00549982,-0.06721846,-0.99772304,1.82898307,-0.00896120,-0.99769485,0.06726596,-1.13839173
0,1598332316280877400,1598332316280805900,-0.99994487,0.00929129,0.00490911,-0.65071434,-0.00552273,-0.06721006,-0.99772352,1.82897615,-0.00894019,-0.99769557,0.06725767,-1.13838017
0,1598332316289898400,1598332316289738700,-0.99994469,0.00929239,0.00494063,-0.65074956,-0.00555432,-0.06721739,-0.99772286,1.82901680,-0.00893909,-0.99769509,0.06726529,-1.13844943
0,1598332316298829300,1598332316298716400,-0.99994481,0.00928849,0.00492533,-0.65075022,-0.00553882,-0.06721997,-0.99772274,1.82901776,-0.00893623,-0.99769497,0.06726770,-1.13843751
0,1598332316307711900,1598332316307632800,-0.99994481,0.00927502,0.00494540,-0.65074575,-0.00555788,-0.06721441,-0.99772304,1.82901525,-0.00892150,-0.99769545,0.06726225,-1.13842964
0,1598332316316749600,1598332316316654000,-0.99994457,0.00929397,0.00495574,-0.65078413,-0.00556974,-0.06724485,-0.99772090,1.82905793,-0.00893950,-0.99769318,0.06729289,-1.13849401
0,1598332316325716000,1598332316325599300,-0.99994481,0.00928178,0.00493839,-0.65078884,-0.00555172,-0.06725662,-0.99772018,1.82905853,-0.00892848,-0.99769258,0.06730445,-1.13848460
0,1598332316334831800,1598332316334749500,-0.99994469,0.00928786,0.00495776,-0.65079194,-0.00557160,-0.06727187,-0.99771905,1.82905865,-0.00893316,-0.99769145,0.06731990,-1.13848281
0,1598332316343666400,1598332316343529900,-0.99994475,0.00927874,0.00495329,-0.65079325,-0.00556637,-0.06725585,-0.99772018,1.82906020,-0.00892442,-0.99769264,0.06730378,-1.13847995
0,1598332316352606200,1598332316352529200,-0.99994487,0.00926939,0.00494395,-0.65077984,-0.00555637,-0.06724951,-0.99772066,1.82904410,-0.00891578,-0.99769318,0.06729732,-1.13844395
0,1598332316361613300,1598332316361497100,-0.99994498,0.00926697,0.00493007,-0.65076590,-0.00554244,-0.06725869,-0.99772012,1.82904994,-0.00891420,-0.99769253,0.06730635,-1.13845694
0,1598332316370588200,1598332316370503200,-0.99994510,0.00926375,0.00491476,-0.65076935,-0.00552696,-0.06725982,-0.99772012,1.82904387,-0.00891203,-0.99769247,0.06730733,-1.13845897
0,1598332316379504000,1598332316379452000,-0.99994493,0.00927880,0.00492802,-0.65077257,-0.00554121,-0.06726128,-0.99771994,1.82904053,-0.00892612,-0.99769229,0.06730899,-1.13845384
0,1598332316388564900,1598332316388483200,-0.99994504,0.00927398,0.00490434,-0.65076399,-0.00551714,-0.06724823,-0.99772096,1.82902217,-0.00892299,-0.99769318,0.06729569,-1.13843131
0,1598332316397493200,1598332316397383500,-0.99994528,0.00924480,0.00490504,-0.65077132,-0.00551598,-0.06725894,-0.99772024,1.82901812,-0.00889382,-0.99769270,0.06730626,-1.13843167
0,1598332316406457400,1598332316406370800,-0.99994516,0.00925088,0.00491029,-0.65077466,-0.00552180,-0.06727852,-0.99771893,1.82899845,-0.00889939,-0.99769139,0.06732591,-1.13844323
0,1598332316415411300,1598332316415330800,-0.99994510,0.00927138,0.00490222,-0.65076554,-0.00551518,-0.06728500,-0.99771851,1.82898283,-0.00892034,-0.99769074,0.06733245,-1.13842297
0,1598332316424421700,1598332316424328000,-0.99994498,0.00926623,0.00492725,-0.65080750,-0.00553951,-0.06725093,-0.99772066,1.82897937,-0.00891373,-0.99769306,0.06729857,-1.13841510
0,1598332316433410200,1598332316433280500,-0.99994493,0.00926957,0.00493266,-0.65080565,-0.00554494,-0.06722932,-0.99772209,1.82897973,-0.00891683,-0.99769449,0.06727702,-1.13840175
0,1598332316442379100,1598332316442289900,-0.99994469,0.00928760,0.00496244,-0.65080947,-0.00557581,-0.06722337,-0.99772233,1.82897294,-0.00893280,-0.99769473,0.06727144,-1.13839340
0,1598332316451294800,1598332316451225300,-0.99994469,0.00928950,0.00494253,-0.65079892,-0.00555609,-0.06722476,-0.99772233,1.82894659,-0.00893611,-0.99769461,0.06727266,-1.13835382
0,1598332316460463900,1598332316460354300,-0.99994493,0.00928643,0.00489643,-0.65076953,-0.00551012,-0.06725054,-0.99772084,1.82894397,-0.00893599,-0.99769294,0.06729801,-1.13837504
0,1598332316469292500,1598332316469214400,-0.99994510,0.00927359,0.00489898,-0.65075451,-0.00551156,-0.06722488,-0.99772257,1.82896185,-0.00892308,-0.99769479,0.06727229,-1.13833487
0,1598332316478486800,1598332316478417700,-0.99994522,0.00924781,0.00490955,-0.65073478,-0.00552032,-0.06721955,-0.99772286,1.82895613,-0.00889671,-0.99769533,0.06726692,-1.13833308
0,1598332316487219300,1598332316487160500,-0.99994540,0.00922608,0.00492311,-0.65075535,-0.00553244,-0.06722467,-0.99772245,1.82897806,-0.00887409,-0.99769521,0.06727204,-1.13836849
0,1598332316496199700,1598332316496108800,-0.99994528,0.00923452,0.00492621,-0.65079898,-0.00553617,-0.06723179,-0.99772197,1.82897830,-0.00888231,-0.99769467,0.06727923,-1.13835609
0,1598332316505186900,1598332316505116300,-0.99994516,0.00923768,0.00495247,-0.65080386,-0.00556239,-0.06721005,-0.99772328,1.82896554,-0.00888374,-0.99769610,0.06725775,-1.13835979
0,1598332316514236200,1598332316514173300,-0.99994522,0.00923613,0.00494334,-0.65078664,-0.00555321,-0.06721375,-0.99772310,1.82896030,-0.00888282,-0.99769592,0.06726137,-1.13836312
0,1598332316523270300,1598332316523138100,-0.99994540,0.00922117,0.00493434,-0.65072906,-0.00554291,-0.06717848,-0.99772555,1.82889271,-0.00886869,-0.99769843,0.06722592,-1.13824856
0,1598332316532113300,1598332316532022500,-0.99994546,0.00922260,0.00490965,-0.65066850,-0.00551862,-0.06720633,-0.99772376,1.82892370,-0.00887164,-0.99769652,0.06725357,-1.13826180
0,1598332316541107400,1598332316541029200,-0.99994534,0.00924340,0.00490293,-0.65067863,-0.00551303,-0.06717492,-0.99772590,1.82891965,-0.00889301,-0.99769843,0.06722221,-1.13824511
0,1598332316550169000,1598332316550092000,-0.99994522,0.00923979,0.00493477,-0.65077090,-0.00554533,-0.06726210,-0.99771988,1.82902491,-0.00888678,-0.99769258,0.06730966,-1.13841712
0,1598332316559141600,1598332316559008400,-0.99994552,0.00921237,0.00492015,-0.65076005,-0.00552910,-0.06728393,-0.99771851,1.82902849,-0.00886029,-0.99769139,0.06733120,-1.13842523
0,1598332316568085600,1598332316567993000,-0.99994540,0.00922468,0.00492088,-0.65076309,-0.00553061,-0.06727945,-0.99771881,1.82902241,-0.00887254,-0.99769157,0.06732680,-1.13843548
0,1598332316577017000,1598332316576908500,-0.99994516,0.00923312,0.00495338,-0.65074795,-0.00556357,-0.06727533,-0.99771887,1.82902348,-0.00887880,-0.99769175,0.06732301,-1.13843703
0,1598332316586031500,1598332316585917400,-0.99994528,0.00921729,0.00496083,-0.65076387,-0.00557014,-0.06729826,-0.99771732,1.82904649,-0.00886241,-0.99769032,0.06734593,-1.13847268
0,1598332316595035800,1598332316594964600,-0.99994540,0.00920856,0.00494891,-0.65076256,-0.00555770,-0.06730256,-0.99771708,1.82905257,-0.00885448,-0.99769014,0.06735007,-1.13847947
0,1598332316604012000,1598332316603924400,-0.99994528,0.00921801,0.00495095,-0.65076262,-0.00556035,-0.06730103,-0.99771714,1.82905555,-0.00886372,-0.99769014,0.06734860,-1.13848507
0,1598332316613021200,1598332316612925600,-0.99994516,0.00923699,0.00494407,-0.65077376,-0.00555486,-0.06731159,-0.99771649,1.82906175,-0.00888309,-0.99768925,0.06735922,-1.13847995
0,1598332316621877500,1598332316621792500,-0.99994516,0.00923628,0.00494681,-0.65078259,-0.00555756,-0.06731255,-0.99771643,1.82907474,-0.00888219,-0.99768925,0.06736019,-1.13849688
0,1598332316630848500,1598332316630792000,-0.99994534,0.00921959,0.00494408,-0.65078431,-0.00555395,-0.06733995,-0.99771458,1.82908344,-0.00886557,-0.99768752,0.06738748,-1.13850880
0,1598332316639848900,1598332316639757200,-0.99994534,0.00921911,0.00494448,-0.65077794,-0.00555433,-0.06734124,-0.99771446,1.82906985,-0.00886506,-0.99768746,0.06738877,-1.13853478
0,1598332316648974100,1598332316648854000,-0.99994522,0.00922096,0.00496781,-0.65077394,-0.00557779,-0.06734810,-0.99771392,1.82907152,-0.00886527,-0.99768698,0.06739584,-1.13853884
0,1598332316658016200,1598332316657938500,-0.99994528,0.00921661,0.00496380,-0.65078956,-0.00557338,-0.06733499,-0.99771482,1.82906842,-0.00886130,-0.99768788,0.06738269,-1.13852930
0,1598332316666897500,1598332316666783800,-0.99994546,0.00919965,0.00494643,-0.65079021,-0.00555503,-0.06734843,-0.99771398,1.82906342,-0.00884545,-0.99768710,0.06739587,-1.13853717
0,1598332316675720100,1598332316675626400,-0.99994504,0.00923443,0.00497261,-0.65079880,-0.00558345,-0.06734413,-0.99771410,1.82906508,-0.00887841,-0.99768710,0.06739200,-1.13853753
0,1598332316684695300,1598332316684616200,-0.99994487,0.00924298,0.00498851,-0.65082419,-0.00560003,-0.06735873,-0.99771303,1.82909966,-0.00888577,-0.99768603,0.06740679,-1.13859558
0,1598332316693746300,1598332316693662100,-0.99994504,0.00922582,0.00499871,-0.65083182,-0.00560904,-0.06735833,-0.99771303,1.82910097,-0.00886801,-0.99768627,0.06740639,-1.13858891
0,1598332316702665000,1598332316702578500,-0.99994522,0.00922045,0.00496971,-0.65084004,-0.00557969,-0.06735259,-0.99771357,1.82909024,-0.00886464,-0.99768668,0.06740035,-1.13860738
0,1598332316711731300,1598332316711628700,-0.99994504,0.00922847,0.00498988,-0.65082538,-0.00560029,-0.06734482,-0.99771398,1.82908821,-0.00887132,-0.99768710,0.06739281,-1.13862181
0,1598332316720578900,1598332316720481900,-0.99994504,0.00923616,0.00497739,-0.65079415,-0.00558828,-0.06733712,-0.99771458,1.82905209,-0.00887987,-0.99768758,0.06738503,-1.13857079
0,1598332316729668500,1598332316729591200,-0.99994504,0.00923431,0.00497609,-0.65080792,-0.00558668,-0.06731591,-0.99771601,1.82904899,-0.00887826,-0.99768901,0.06736380,-1.13856471
0,1598332316738669500,1598332316738609500,-0.99994528,0.00921410,0.00497324,-0.65080673,-0.00558237,-0.06730565,-0.99771672,1.82904887,-0.00885832,-0.99768984,0.06735341,-1.13856792
0,1598332316747563600,1598332316747496900,-0.99994493,0.00923383,0.00499913,-0.65082949,-0.00560930,-0.06727952,-0.99771833,1.82904756,-0.00887644,-0.99769151,0.06732762,-1.13856125
0,1598332316756474000,1598332316756380800,-0.99994504,0.00923011,0.00499218,-0.65084553,-0.00560238,-0.06730898,-0.99771637,1.82906210,-0.00887299,-0.99768949,0.06735699,-1.13858747
0,1598332316765605300,1598332316765431900,-0.99994510,0.00922000,0.00497969,-0.65082401,-0.00558920,-0.06730536,-0.99771672,1.82908177,-0.00886375,-0.99768984,0.06735320,-1.13856697
0,1598332316774403600,1598332316774333700,-0.99994516,0.00922081,0.00496782,-0.65081960,-0.00557716,-0.06727751,-0.99771863,1.82908273,-0.00886554,-0.99769175,0.06732526,-1.13857412
0,1598332316783485500,1598332316783372700,-0.99994534,0.00922677,0.00493371,-0.65076053,-0.00554332,-0.06725339,-0.99772048,1.82901764,-0.00887391,-0.99769330,0.06730086,-1.13846564
0,1598332316792454100,1598332316792293800,-0.99994546,0.00920975,0.00493736,-0.65075254,-0.00554619,-0.06729566,-0.99771762,1.82901716,-0.00885645,-0.99769056,0.06734308,-1.13846588
0,1598332316801507100,1598332316801416200,-0.99994534,0.00922239,0.00493912,-0.65074241,-0.00554870,-0.06728375,-0.99771839,1.82903123,-0.00886902,-0.99769127,0.06733125,-1.13845372
0,1598332316810309900,1598332316810251500,-0.99994528,0.00923979,0.00492956,-0.65075803,-0.00554026,-0.06727661,-0.99771893,1.82903183,-0.00888705,-0.99769163,0.06732412,-1.13844502
0,1598332316819445900,1598332316819374500,-0.99994516,0.00924113,0.00494166,-0.65076047,-0.00555267,-0.06730487,-0.99771696,1.82903516,-0.00888744,-0.99768966,0.06735249,-1.13845122
0,1598332316828312000,1598332316828216600,-0.99994528,0.00923809,0.00492982,-0.65076768,-0.00554085,-0.06732598,-0.99771559,1.82903814,-0.00888509,-0.99768829,0.06737348,-1.13846040
0,1598332316837411300,1598332316837331300,-0.99994516,0.00924391,0.00493617,-0.65076947,-0.00554756,-0.06732393,-0.99771571,1.82903695,-0.00889051,-0.99768841,0.06737152,-1.13845956
0,1598332316846340500,1598332316846214000,-0.99994516,0.00925058,0.00492137,-0.65077895,-0.00553309,-0.06730740,-0.99771690,1.82903492,-0.00889823,-0.99768943,0.06735490,-1.13845515
0,1598332316855284800,1598332316855195500,-0.99994493,0.00925791,0.00495152,-0.65083796,-0.00556390,-0.06733391,-0.99771494,1.82909477,-0.00890332,-0.99768758,0.06738172,-1.13856053
0,1598332316864264200,1598332316864212700,-0.99994504,0.00924978,0.00494486,-0.65084136,-0.00555698,-0.06736448,-0.99771291,1.82909727,-0.00889546,-0.99768561,0.06741219,-1.13857055
0,1598332316873222900,1598332316873121600,-0.99994498,0.00925896,0.00494632,-0.65085173,-0.00555890,-0.06734703,-0.99771404,1.82909024,-0.00890467,-0.99768662,0.06739480,-1.13857973
0,1598332316882303400,1598332316882181700,-0.99994498,0.00926355,0.00493586,-0.65083891,-0.00554894,-0.06736550,-0.99771291,1.82907021,-0.00890982,-0.99768537,0.06741320,-1.13854921
0,1598332316891218800,1598332316891150400,-0.99994493,0.00928089,0.00490907,-0.65083188,-0.00552341,-0.06736885,-0.99771279,1.82906580,-0.00892889,-0.99768502,0.06741641,-1.13854516
0,1598332316900096400,1598332316900041100,-0.99994469,0.00929242,0.00493302,-0.65083551,-0.00554805,-0.06736517,-0.99771291,1.82905650,-0.00893888,-0.99768513,0.06741301,-1.13856339
0,1598332316909132400,1598332316909058100,-0.99994445,0.00931203,0.00494991,-0.65084267,-0.00556626,-0.06736879,-0.99771255,1.82905793,-0.00895724,-0.99768472,0.06741688,-1.13856888
0,1598332316918159600,1598332316917994300,-0.99994421,0.00933322,0.00494524,-0.65088302,-0.00556337,-0.06740683,-0.99770999,1.82909954,-0.00897849,-0.99768192,0.06745500,-1.13864219
0,1598332316927201700,1598332316927109300,-0.99994427,0.00932622,0.00495864,-0.65087318,-0.00557629,-0.06740928,-0.99770975,1.82910419,-0.00897056,-0.99768186,0.06745753,-1.13865972
0,1598332316936044900,1598332316935942000,-0.99994409,0.00933871,0.00497106,-0.65087146,-0.00558954,-0.06741142,-0.99770957,1.82911611,-0.00898218,-0.99768162,0.06745986,-1.13866043
0,1598332316945034200,1598332316944952100,-0.99994421,0.00932527,0.00497098,-0.65088159,-0.00558843,-0.06739871,-0.99771041,1.82912076,-0.00896883,-0.99768257,0.06744707,-1.13866615
0,1598332316954068800,1598332316953932000,-0.99994445,0.00930935,0.00495583,-0.65083158,-0.00557188,-0.06735711,-0.99771333,1.82905972,-0.00895420,-0.99768555,0.06740525,-1.13856411
0,1598332316963068100,1598332316962971600,-0.99994451,0.00930622,0.00495298,-0.65084076,-0.00556885,-0.06735984,-0.99771315,1.82906592,-0.00895128,-0.99768543,0.06740794,-1.13857365
0,1598332316972034100,1598332316971937700,-0.99994421,0.00933650,0.00494959,-0.65083826,-0.00556734,-0.06734116,-0.99771440,1.82908201,-0.00898182,-0.99768639,0.06738938,-1.13856256
0,1598332316980985000,1598332316980909800,-0.99994469,0.00927833,0.00497688,-0.65082580,-0.00559067,-0.06734334,-0.99771416,1.82908320,-0.00892189,-0.99768674,0.06739148,-1.13857079
0,1598332316989946300,1598332316989891100,-0.99994469,0.00928348,0.00495886,-0.65085125,-0.00557313,-0.06735405,-0.99771351,1.82911372,-0.00892824,-0.99768597,0.06740206,-1.13861561
0,1598332316998907900,1598332316998804100,-0.99994487,0.00926572,0.00495896,-0.65085411,-0.00557203,-0.06735463,-0.99771351,1.82911301,-0.00891048,-0.99768609,0.06740254,-1.13861346
0,1598332317007953900,1598332317007837100,-0.99994498,0.00924650,0.00496621,-0.65086067,-0.00557802,-0.06735861,-0.99771321,1.82912016,-0.00889084,-0.99768597,0.06740648,-1.13861489
0,1598332317016852300,1598332317016770300,-0.99994493,0.00925663,0.00496233,-0.65085441,-0.00557480,-0.06735703,-0.99771333,1.82911515,-0.00890118,-0.99768609,0.06740493,-1.13859963
0,1598332317025811000,1598332317025752600,-0.99994487,0.00925300,0.00497897,-0.65085101,-0.00559105,-0.06734412,-0.99771410,1.82912040,-0.00889650,-0.99768698,0.06739215,-1.13860035
0,1598332317034833900,1598332317034741200,-0.99994487,0.00925735,0.00496680,-0.65086132,-0.00557929,-0.06735396,-0.99771351,1.82911408,-0.00890163,-0.99768627,0.06740190,-1.13861370
0,1598332317043817200,1598332317043674700,-0.99994498,0.00925475,0.00495830,-0.65084904,-0.00557088,-0.06738173,-0.99771166,1.82912123,-0.00889945,-0.99768442,0.06742958,-1.13862419
0,1598332317052780100,1598332317052694500,-0.99994481,0.00926360,0.00496410,-0.65083653,-0.00557714,-0.06736792,-0.99771255,1.82911015,-0.00890794,-0.99768519,0.06741587,-1.13859797
0,1598332317061755700,1598332317061631900,-0.99994498,0.00925300,0.00496133,-0.65083027,-0.00557386,-0.06738935,-0.99771112,1.82911623,-0.00889745,-0.99768382,0.06743722,-1.13860190
0,1598332317070775700,1598332317070652000,-0.99994487,0.00925246,0.00498732,-0.65084881,-0.00559978,-0.06739231,-0.99771076,1.82908320,-0.00889513,-0.99768364,0.06744041,-1.13864124
0,1598332317079679000,1598332317079585100,-0.99994487,0.00924388,0.00499754,-0.65085554,-0.00560951,-0.06740548,-0.99770987,1.82907975,-0.00888580,-0.99768287,0.06745362,-1.13864374
0,1598332317088637800,1598332317088562800,-0.99994498,0.00923544,0.00498587,-0.65087295,-0.00559737,-0.06741372,-0.99770933,1.82908773,-0.00887814,-0.99768239,0.06746171,-1.13866973
0,1598332317097613200,1598332317097537600,-0.99994504,0.00922468,0.00498992,-0.65088028,-0.00560083,-0.06743018,-0.99770820,1.82908118,-0.00886706,-0.99768132,0.06747815,-1.13866389
0,1598332317106629300,1598332317106524000,-0.99994528,0.00920743,0.00497699,-0.65085661,-0.00558661,-0.06741229,-0.99770951,1.82909203,-0.00885078,-0.99768275,0.06746005,-1.13866186
0,1598332317115630500,1598332317115498300,-0.99994516,0.00923488,0.00494891,-0.65078199,-0.00555996,-0.06735757,-0.99771333,1.82900596,-0.00888041,-0.99768621,0.06740523,-1.13852537
0,1598332317124565900,1598332317124456800,-0.99994522,0.00922707,0.00496535,-0.65079451,-0.00557575,-0.06734701,-0.99771398,1.82900202,-0.00887153,-0.99768698,0.06739477,-1.13851762
0,1598332317133505100,1598332317133390400,-0.99994516,0.00922659,0.00496675,-0.65077716,-0.00557698,-0.06733255,-0.99771494,1.82902443,-0.00887105,-0.99768794,0.06738032,-1.13848341
0,1598332317142518100,1598332317142417200,-0.99994528,0.00920936,0.00497554,-0.65077728,-0.00558454,-0.06732745,-0.99771523,1.82902408,-0.00885335,-0.99768853,0.06737521,-1.13847709
0,1598332317151544600,1598332317151421400,-0.99994516,0.00922075,0.00498835,-0.65076220,-0.00559810,-0.06732889,-0.99771506,1.82901394,-0.00886381,-0.99768829,0.06737681,-1.13845229
0,1598332317160795100,1598332317160691100,-0.99994510,0.00922284,0.00498213,-0.65076584,-0.00559214,-0.06734061,-0.99771434,1.82901442,-0.00886625,-0.99768740,0.06738850,-1.13844895
0,1598332317169411500,1598332317169329400,-0.99994516,0.00922763,0.00496903,-0.65076053,-0.00557923,-0.06732300,-0.99771559,1.82902360,-0.00887197,-0.99768853,0.06737079,-1.13843727
0,1598332317178398100,1598332317178319800,-0.99994493,0.00923350,0.00499736,-0.65077251,-0.00560783,-0.06731512,-0.99771595,1.82902396,-0.00887600,-0.99768913,0.06736320,-1.13842368
0,1598332317187373300,1598332317187273400,-0.99994516,0.00921369,0.00499617,-0.65076220,-0.00560539,-0.06732427,-0.99771535,1.82901525,-0.00885627,-0.99768865,0.06737223,-1.13840187
0,1598332317196529900,1598332317196347800,-0.99994528,0.00921100,0.00497736,-0.65076154,-0.00558644,-0.06732351,-0.99771553,1.82901692,-0.00885487,-0.99768871,0.06737129,-1.13840437
0,1598332317205309400,1598332317205219300,-0.99994528,0.00920820,0.00498275,-0.65076548,-0.00559157,-0.06731752,-0.99771589,1.82900691,-0.00885177,-0.99768913,0.06736533,-1.13840926
0,1598332317214312200,1598332317214230000,-0.99994528,0.00920424,0.00499036,-0.65077519,-0.00559916,-0.06734734,-0.99771380,1.82902408,-0.00884709,-0.99768710,0.06739519,-1.13843393
0,1598332317223258500,1598332317223195400,-0.99994516,0.00920779,0.00500018,-0.65077466,-0.00560917,-0.06734462,-0.99771398,1.82902479,-0.00884998,-0.99768728,0.06739259,-1.13842821
0,1598332317232302300,1598332317232226200,-0.99994498,0.00922486,0.00499909,-0.65075326,-0.00560931,-0.06735280,-0.99771339,1.82903481,-0.00886708,-0.99768662,0.06740085,-1.13843393
0,1598332317241311600,1598332317241200100,-0.99994516,0.00920895,0.00500140,-0.65073997,-0.00561041,-0.06733917,-0.99771434,1.82903421,-0.00885105,-0.99768764,0.06738715,-1.13843775
0,1598332317250260300,1598332317250189300,-0.99994493,0.00922403,0.00501883,-0.65073228,-0.00562896,-0.06735298,-0.99771327,1.82902682,-0.00886488,-0.99768662,0.06740120,-1.13842189
0,1598332317259284100,1598332317259205500,-0.99994504,0.00921908,0.00499709,-0.65073103,-0.00560704,-0.06736638,-0.99771249,1.82902849,-0.00886133,-0.99768573,0.06741438,-1.13842392
0,1598332317268236500,1598332317268133400,-0.99994504,0.00922364,0.00500573,-0.65073198,-0.00561596,-0.06736545,-0.99771249,1.82902300,-0.00886533,-0.99768573,0.06741355,-1.13842762
0,1598332317277206000,1598332317277080600,-0.99994498,0.00922763,0.00499617,-0.65072626,-0.00560658,-0.06735225,-0.99771345,1.82902265,-0.00887004,-0.99768662,0.06740028,-1.13842583
0,1598332317286196600,1598332317286099300,-0.99994504,0.00923556,0.00497406,-0.65076154,-0.00558554,-0.06740725,-0.99770987,1.82906055,-0.00887907,-0.99768281,0.06745514,-1.13848042
0,1598332317295069300,1598332317294971300,-0.99994528,0.00921187,0.00496947,-0.65077639,-0.00557938,-0.06740936,-0.99770975,1.82906139,-0.00885576,-0.99768287,0.06745707,-1.13846958
0,1598332317304163900,1598332317304060300,-0.99994504,0.00922596,0.00499953,-0.65077889,-0.00561031,-0.06740783,-0.99770969,1.82905722,-0.00886780,-0.99768281,0.06745589,-1.13847041
0,1598332317313101100,1598332317312989500,-0.99994493,0.00923619,0.00499599,-0.65077156,-0.00560757,-0.06741966,-0.99770892,1.82905734,-0.00887814,-0.99768198,0.06746775,-1.13847089
0,1598332317322046500,1598332317321944100,-0.99994504,0.00922897,0.00498069,-0.65070081,-0.00559150,-0.06738428,-0.99771136,1.82897663,-0.00887224,-0.99768442,0.06743218,-1.13833499
0,1598332317331126500,1598332317330961800,-0.99994528,0.00920981,0.00497657,-0.65071023,-0.00558608,-0.06738207,-0.99771154,1.82897532,-0.00885335,-0.99768472,0.06742984,-1.13833261
0,1598332317339972100,1598332317339888100,-0.99994504,0.00922319,0.00499780,-0.65071422,-0.00560810,-0.06737442,-0.99771196,1.82896745,-0.00886536,-0.99768519,0.06742245,-1.13832188
0,1598332317349001900,1598332317348880300,-0.99994516,0.00921869,0.00498752,-0.65071404,-0.00559765,-0.06738699,-0.99771118,1.82895911,-0.00886148,-0.99768436,0.06743490,-1.13830864
0,1598332317357970700,1598332317357879300,-0.99994498,0.00921661,0.00502778,-0.65081275,-0.00563796,-0.06741837,-0.99770880,1.82902181,-0.00885648,-0.99768221,0.06746662,-1.13840330
0,1598332317366916800,1598332317366820900,-0.99994504,0.00921428,0.00503043,-0.65081567,-0.00564023,-0.06739506,-0.99771035,1.82902181,-0.00885409,-0.99768382,0.06744333,-1.13838863
0,1598332317375892000,1598332317375825700,-0.99994504,0.00921217,0.00502522,-0.65083408,-0.00563485,-0.06738971,-0.99771076,1.82901669,-0.00885245,-0.99768424,0.06743792,-1.13837075
0,1598332317384960400,1598332317384834800,-0.99994475,0.00922784,0.00504371,-0.65088266,-0.00565481,-0.06744042,-0.99770725,1.82906091,-0.00886649,-0.99768066,0.06748888,-1.13843954
0,1598332317393887000,1598332317393785800,-0.99994481,0.00924608,0.00500829,-0.65082830,-0.00562103,-0.06747788,-0.99770486,1.82906532,-0.00888690,-0.99767798,0.06752614,-1.13846922
0,1598332317402834100,1598332317402724000,-0.99994445,0.00928134,0.00501881,-0.65083355,-0.00563373,-0.06745770,-0.99770617,1.82905650,-0.00892147,-0.99767894,0.06750624,-1.13847446
0,1598332317411892100,1598332317411779000,-0.99994457,0.00925761,0.00503488,-0.65084124,-0.00564824,-0.06746727,-0.99770546,1.82905459,-0.00889665,-0.99767852,0.06751583,-1.13846874
0,1598332317420793800,1598332317420695900,-0.99994457,0.00925288,0.00503454,-0.65086019,-0.00564786,-0.06749770,-0.99770337,1.82907081,-0.00889182,-0.99767649,0.06754623,-1.13849568
0,1598332317429731000,1598332317429647000,-0.99994451,0.00927058,0.00502543,-0.65081513,-0.00564011,-0.06751426,-0.99770230,1.82906973,-0.00890997,-0.99767530,0.06756280,-1.13851035
0,1598332317438697400,1598332317438591400,-0.99994439,0.00927490,0.00503008,-0.65080971,-0.00564476,-0.06748231,-0.99770445,1.82907379,-0.00891417,-0.99767739,0.06753091,-1.13850141
0,1598332317447707800,1598332317447608700,-0.99994445,0.00926718,0.00503970,-0.65078908,-0.00565381,-0.06747825,-0.99770468,1.82907033,-0.00890583,-0.99767774,0.06752689,-1.13850999
0,1598332317456711300,1598332317456603400,-0.99994463,0.00926560,0.00500655,-0.65076458,-0.00562046,-0.06746035,-0.99770606,1.82903934,-0.00890660,-0.99767894,0.06750870,-1.13846231
0,1598332317465576700,1598332317465524700,-0.99994469,0.00925758,0.00500709,-0.65075803,-0.00562060,-0.06747687,-0.99770498,1.82903290,-0.00889847,-0.99767792,0.06752517,-1.13845849
0,1598332317474562200,1598332317474484800,-0.99994457,0.00926295,0.00503219,-0.65075624,-0.00564604,-0.06748156,-0.99770451,1.82903194,-0.00890204,-0.99767751,0.06753013,-1.13844323
0,1598332317483566800,1598332317483515800,-0.99994433,0.00927395,0.00504201,-0.65077841,-0.00565669,-0.06749240,-0.99770367,1.82905555,-0.00891235,-0.99767673,0.06754110,-1.13848996
0,1598332317492551800,1598332317492436800,-0.99994445,0.00926423,0.00503909,-0.65076292,-0.00565325,-0.06750693,-0.99770272,1.82904828,-0.00890276,-0.99767578,0.06755555,-1.13848734
0,1598332317501497400,1598332317501450400,-0.99994445,0.00926176,0.00504881,-0.65075570,-0.00566265,-0.06749257,-0.99770367,1.82904327,-0.00889969,-0.99767685,0.06754126,-1.13848376
0,1598332317510491300,1598332317510392500,-0.99994463,0.00923756,0.00504936,-0.65074813,-0.00566174,-0.06751231,-0.99770230,1.82903600,-0.00887543,-0.99767566,0.06756087,-1.13848591
0,1598332317519503800,1598332317519428100,-0.99994463,0.00924891,0.00503071,-0.65076864,-0.00564392,-0.06751489,-0.99770224,1.82905209,-0.00888801,-0.99767542,0.06756335,-1.13852739
0,1598332317528478200,1598332317528383400,-0.99994445,0.00926858,0.00503621,-0.65077233,-0.00565089,-0.06753224,-0.99770105,1.82904196,-0.00890714,-0.99767405,0.06758086,-1.13851166
