3,1598298487558178400,1598298487558115900,-0.99762166,0.06779549,0.01245224,-0.64674336,-0.00913721,0.04898990,-0.99875748,1.92459488,-0.06832129,-0.99649578,-0.04825392,-1.16796875
3,1598298487567675200,1598298487567621800,-0.99761391,0.06786039,0.01271306,-0.64684319,-0.00942684,0.04852865,-0.99877727,1.92488444,-0.06839433,-0.99651390,-0.04777315,-1.16626406
3,1598298487576634200,1598298487576566000,-0.99763376,0.06760556,0.01251047,-0.64689064,-0.00914760,0.04982512,-0.99871606,1.92491484,-0.06814215,-0.99646729,-0.04908879,-1.16464114
3,1598298487585662500,1598298487585586500,-0.99761844,0.06786281,0.01234222,-0.64689088,-0.00904976,0.04861171,-0.99877673,1.92502964,-0.06837976,-0.99650973,-0.04788180,-1.16317892
3,1598298487594531100,1598298487594491900,-0.99762315,0.06771973,0.01273482,-0.64709693,-0.00939191,0.04945521,-0.99873215,1.92502034,-0.06826368,-0.99647796,-0.04870164,-1.16158092
3,1598298487603667900,1598298487603617700,-0.99762148,0.06784549,0.01218310,-0.64688045,-0.00896590,0.04752380,-0.99882984,1.92512989,-0.06834510,-0.99656337,-0.04680248,-1.15998650
3,1598298487612546600,1598298487612477300,-0.99762368,0.06771627,0.01271307,-0.64707953,-0.00934100,0.04988303,-0.99871135,1.92519653,-0.06826317,-0.99645686,-0.04913195,-1.15815020
3,1598298487621567300,1598298487621449100,-0.99761701,0.06786337,0.01244924,-0.64710748,-0.00918523,0.04819850,-0.99879551,1.92508340,-0.06838170,-0.99652982,-0.04746030,-1.15705776
3,1598298487630544400,1598298487630467900,-0.99762648,0.06768191,0.01267337,-0.64712518,-0.00932079,0.04962252,-0.99872452,1.92542541,-0.06822446,-0.99647224,-0.04887390,-1.15521491
3,1598298487639556400,1598298487639475200,-0.99763131,0.06765801,0.01241877,-0.64696807,-0.00910296,0.04909814,-0.99875247,1.92513764,-0.06818333,-0.99649984,-0.04836595,-1.15362835
3,1598298487648605900,1598298487648525900,-0.99761349,0.06787664,0.01265822,-0.64709777,-0.00938056,0.04839167,-0.99878436,1.92563224,-0.06840670,-0.99651951,-0.04763946,-1.15190637
3,1598298487657492600,1598298487657451800,-0.99762219,0.06776783,0.01255679,-0.64738399,-0.00924949,0.04889842,-0.99876094,1.92522717,-0.06829783,-0.99650222,-0.04815533,-1.15084124
3,1598298487666442800,1598298487666402000,-0.99762976,0.06766742,0.01249984,-0.64747268,-0.00918555,0.04907067,-0.99875307,1.92523468,-0.06819645,-0.99650055,-0.04833279,-1.14920497
3,1598298487675619900,1598298487675464700,-0.99764824,0.06738427,0.01255208,-0.64720839,-0.00921536,0.04960233,-0.99872655,1.92475891,-0.06792110,-0.99649346,-0.04886471,-1.14689112
3,1598298487684346500,1598298487684318700,-0.99764401,0.06747136,0.01241653,-0.64732927,-0.00913318,0.04875531,-0.99876899,1.92466962,-0.06799364,-0.99652928,-0.04802421,-1.14540637
3,1598298487693337300,1598298487693291800,-0.99765313,0.06734410,0.01237495,-0.64750308,-0.00907455,0.04909514,-0.99875289,1.92447066,-0.06786767,-0.99652123,-0.04836881,-1.14397097
3,1598298487702349400,1598298487702281500,-0.99765563,0.06731293,0.01234563,-0.64767718,-0.00906680,0.04880014,-0.99876738,1.92416406,-0.06783244,-0.99653786,-0.04807542,-1.14245081
3,1598298487711383400,1598298487711329800,-0.99765295,0.06729063,0.01267895,-0.64794219,-0.00938132,0.04909756,-0.99874991,1.92437911,-0.06782901,-0.99652469,-0.04835104,-1.14087677
3,1598298487720288800,1598298487720247500,-0.99766129,0.06724125,0.01227816,-0.64799643,-0.00897800,0.04916361,-0.99875039,1.92422235,-0.06776083,-0.99652481,-0.04844494,-1.13934398
3,1598298487729754300,1598298487729700000,-0.99766618,0.06710529,0.01261989,-0.64799643,-0.00935617,0.04872966,-0.99876815,1.92451191,-0.06763756,-0.99655527,-0.04798809,-1.13751376
3,1598298487738222900,1598298487738172800,-0.99768186,0.06692305,0.01234238,-0.64800763,-0.00905671,0.04917932,-0.99874890,1.92452228,-0.06744629,-0.99654549,-0.04845922,-1.13595414
3,1598298487747259200,1598298487747205200,-0.99768239,0.06687832,0.01254144,-0.64808160,-0.00926144,0.04913082,-0.99874938,1.92469251,-0.06741089,-0.99655086,-0.04839757,-1.13432550
3,1598298487756362800,1598298487756075300,-0.99768496,0.06685817,0.01244233,-0.64796418,-0.00914636,0.04937996,-0.99873817,1.92488062,-0.06738821,-0.99653983,-0.04865414,-1.13281608
3,1598298487765265600,1598298487765170300,-0.99768919,0.06686807,0.01204444,-0.64797807,-0.00876667,0.04909746,-0.99875551,1.92471969,-0.06737617,-0.99655318,-0.04839779,-1.13127851
3,1598298487774136900,1598298487774096400,-0.99768865,0.06686264,0.01211478,-0.64800966,-0.00884544,0.04897774,-0.99876070,1.92473900,-0.06737313,-0.99655944,-0.04827311,-1.12972713
3,1598298487783207100,1598298487783124900,-0.99768394,0.06691328,0.01223028,-0.64808267,-0.00894830,0.04912999,-0.99875230,1.92489076,-0.06743070,-0.99654859,-0.04841744,-1.12814379
3,1598298487792012700,1598298487791983000,-0.99767435,0.06695306,0.01278164,-0.64824641,-0.00948809,0.04928098,-0.99873990,1.92464113,-0.06749856,-0.99653840,-0.04853111,-1.12696362
3,1598298487801144900,1598298487801074200,-0.99768829,0.06686938,0.01210776,-0.64812177,-0.00883183,0.04907019,-0.99875629,1.92472541,-0.06738037,-0.99655443,-0.04836618,-1.12535703
3,1598298487810001000,1598298487809938200,-0.99768579,0.06686124,0.01235846,-0.64809430,-0.00907545,0.04918469,-0.99874848,1.92473841,-0.06738538,-0.99654931,-0.04846407,-1.12364864
3,1598298487818979400,1598298487818940100,-0.99768728,0.06684738,0.01231797,-0.64822561,-0.00904089,0.04910631,-0.99875265,1.92472303,-0.06736887,-0.99655414,-0.04838837,-1.12210274
3,1598298487827971700,1598298487827912700,-0.99768305,0.06687641,0.01250323,-0.64854836,-0.00924343,0.04883305,-0.99876416,1.92466962,-0.06740430,-0.99656558,-0.04810173,-1.12075734
3,1598298487836960000,1598298487836891800,-0.99768972,0.06679982,0.01237414,-0.64867151,-0.00907571,0.04945754,-0.99873495,1.92510390,-0.06732729,-0.99653995,-0.04873702,-1.11900520
3,1598298487845957700,1598298487845875400,-0.99769002,0.06682923,0.01219239,-0.64869058,-0.00892400,0.04898880,-0.99875945,1.92488575,-0.06734362,-0.99656111,-0.04827925,-1.11734724
3,1598298487854866200,1598298487854836500,-0.99768579,0.06684142,0.01246530,-0.64851546,-0.00917057,0.04937399,-0.99873823,1.92539728,-0.06737253,-0.99654132,-0.04864676,-1.11571980
3,1598298487863784200,1598298487863747700,-0.99768937,0.06686401,0.01205682,-0.64868319,-0.00878841,0.04896194,-0.99876195,1.92495143,-0.06737158,-0.99656010,-0.04826117,-1.11476207
3,1598298487872939600,1598298487872869300,-0.99768841,0.06683308,0.01229759,-0.64888489,-0.00907385,0.04832708,-0.99879032,1.92495978,-0.06734651,-0.99659318,-0.04760894,-1.11318278
3,1598298487881775900,1598298487881737800,-0.99769557,0.06672996,0.01227809,-0.64861494,-0.00897650,0.04955341,-0.99873114,1.92477095,-0.06725368,-0.99653983,-0.04884022,-1.11099792
3,1598298487890769900,1598298487890708300,-0.99768686,0.06684893,0.01234177,-0.64882267,-0.00908574,0.04879416,-0.99876750,1.92448950,-0.06736872,-0.99656934,-0.04807392,-1.10987377
3,1598298487899723600,1598298487899688300,-0.99769735,0.06672636,0.01215131,-0.64879680,-0.00885602,0.04946080,-0.99873680,1.92478025,-0.06724310,-0.99654472,-0.04875598,-1.10820985
3,1598298487908746700,1598298487908715800,-0.99769413,0.06677398,0.01215204,-0.64891177,-0.00887233,0.04919562,-0.99874973,1.92477214,-0.06728831,-0.99655461,-0.04848974,-1.10651791
3,1598298487917696800,1598298487917667900,-0.99769819,0.06676707,0.01186503,-0.64893019,-0.00861215,0.04879852,-0.99877149,1.92505133,-0.06726402,-0.99657464,-0.04811118,-1.10499239
3,1598298487926675700,1598298487926633600,-0.99769038,0.06676826,0.01249156,-0.64931995,-0.00921772,0.04911810,-0.99875045,1.92490697,-0.06729838,-0.99655890,-0.04838920,-1.10389900
3,1598298487935634800,1598298487935583500,-0.99770296,0.06671545,0.01175110,-0.64937520,-0.00848983,0.04895815,-0.99876475,1.92493534,-0.06720835,-0.99657029,-0.04827929,-1.10243106
3,1598298487944755700,1598298487944722200,-0.99770498,0.06663373,0.01203339,-0.64925867,-0.00877160,0.04902916,-0.99875879,1.92473125,-0.06714106,-0.99657226,-0.04833215,-1.10017228
3,1598298487953556600,1598298487953512000,-0.99770850,0.06665990,0.01159253,-0.64897591,-0.00831568,0.04922682,-0.99875301,1.92460561,-0.06714743,-0.99656069,-0.04855969,-1.09865451
3,1598298487962723000,1598298487962573600,-0.99770427,0.06659159,0.01232784,-0.64950049,-0.00910348,0.04850828,-0.99878126,1.92418694,-0.06710845,-0.99660051,-0.04779071,-1.09774017
3,1598298487971542400,1598298487971516800,-0.99770951,0.06657350,0.01199586,-0.64947289,-0.00875893,0.04870264,-0.99877489,1.92424726,-0.06707618,-0.99659222,-0.04800797,-1.09600711
3,1598298487980808400,1598298487980705000,-0.99770361,0.06664053,0.01210777,-0.64955890,-0.00884714,0.04900817,-0.99875921,1.92417550,-0.06715125,-0.99657285,-0.04830604,-1.09447491
3,1598298487989493100,1598298487989439700,-0.99770766,0.06661773,0.01190378,-0.64972180,-0.00868012,0.04847239,-0.99878681,1.92417049,-0.06711394,-0.99660057,-0.04778302,-1.09316528
3,1598298487998665700,1598298487998609700,-0.99771351,0.06655553,0.01175851,-0.64965874,-0.00849598,0.04909226,-0.99875808,1.92426515,-0.06705010,-0.99657434,-0.04841455,-1.09149504
3,1598298488007427100,1598298488007383300,-0.99770629,0.06661236,0.01204577,-0.64960003,-0.00878831,0.04898034,-0.99876106,1.92404664,-0.06711987,-0.99657607,-0.04828258,-1.08959317
3,1598298488016602700,1598298488016535900,-0.99770433,0.06665388,0.01198065,-0.64968008,-0.00872618,0.04890512,-0.99876529,1.92432296,-0.06715751,-0.99657696,-0.04821122,-1.08807468
3,1598298488025445500,1598298488025387400,-0.99769807,0.06673619,0.01204380,-0.64979988,-0.00876734,0.04917294,-0.99875176,1.92424572,-0.06724510,-0.99655831,-0.04847464,-1.08664918
3,1598298488034516400,1598298488034386800,-0.99769658,0.06675485,0.01205967,-0.64988488,-0.00880400,0.04885175,-0.99876720,1.92422533,-0.06726170,-0.99657285,-0.04815151,-1.08515561
3,1598298488043456700,1598298488043378000,-0.99769670,0.06676573,0.01199307,-0.64970672,-0.00872947,0.04896035,-0.99876255,1.92445076,-0.06727028,-0.99656677,-0.04826475,-1.08322930
3,1598298488052490000,1598298488052409000,-0.99770063,0.06672737,0.01187626,-0.64987838,-0.00860744,0.04906350,-0.99875855,1.92439806,-0.06722718,-0.99656427,-0.04837633,-1.08179295
3,1598298488061362500,1598298488061312500,-0.99769521,0.06677550,0.01205935,-0.65003824,-0.00882106,0.04857957,-0.99878037,1.92361152,-0.06727991,-0.99658477,-0.04787857,-1.08070171
3,1598298488070740800,1598298488070648000,-0.99770278,0.06669632,0.01187040,-0.64998615,-0.00859266,0.04921794,-0.99875110,1.92369378,-0.06719723,-0.99655873,-0.04853177,-1.07857502
3,1598298488079426400,1598298488079367200,-0.99769992,0.06670892,0.01203938,-0.65012914,-0.00878410,0.04887840,-0.99876612,1.92359006,-0.06721509,-0.99657464,-0.04818000,-1.07711720
3,1598298488088339700,1598298488088281800,-0.99769408,0.06681880,0.01191376,-0.65013045,-0.00863264,0.04918031,-0.99875259,1.92372727,-0.06732139,-0.99655241,-0.04849008,-1.07547736
3,1598298488097508600,1598298488097472000,-0.99769866,0.06674290,0.01195526,-0.65016264,-0.00867070,0.04928669,-0.99874705,1.92377782,-0.06724852,-0.99655223,-0.04859455,-1.07395411
3,1598298488116757800,1598298488116707300,-0.99769652,0.06678089,0.01192041,-0.65027773,-0.00865336,0.04899939,-0.99876130,1.92412722,-0.06728226,-0.99656385,-0.04830864,-1.07038772
3,1598298488126202400,1598298488126120300,-0.99769640,0.06682566,0.01167689,-0.65034819,-0.00840436,0.04904458,-0.99876124,1.92423010,-0.06731558,-0.99655867,-0.04836997,-1.06892443
3,1598298488134826200,1598298488134796400,-0.99769568,0.06681129,0.01182045,-0.65047759,-0.00854712,0.04906901,-0.99875879,1.92451870,-0.06730837,-0.99655837,-0.04838490,-1.06746113
3,1598298488144148600,1598298488144040100,-0.99770606,0.06668323,0.01166976,-0.65013200,-0.00841109,0.04894153,-0.99876624,1.92473519,-0.06717205,-0.99657321,-0.04826838,-1.06548345
3,1598298488152783200,1598298488152725200,-0.99770653,0.06676680,0.01114025,-0.65022665,-0.00785292,0.04929782,-0.99875325,1.92507792,-0.06723276,-0.99655008,-0.04866045,-1.06397223
3,1598298488161880600,1598298488161827500,-0.99769086,0.06686386,0.01192808,-0.65075946,-0.00867238,0.04877209,-0.99877226,1.92431498,-0.06736353,-0.99656945,-0.04807959,-1.06321931
3,1598298488170812000,1598298488170694900,-0.99770653,0.06671354,0.01145187,-0.65032041,-0.00816771,0.04929413,-0.99875093,1.92401290,-0.06719470,-0.99655384,-0.04863618,-1.06079781
3,1598298488179888900,1598298488179779500,-0.99769825,0.06678587,0.01175124,-0.65040654,-0.00846551,0.04926978,-0.99874961,1.92403936,-0.06728137,-0.99655020,-0.04859099,-1.05928779
3,1598298488188666900,1598298488188605000,-0.99770004,0.06684655,0.01123887,-0.65058255,-0.00795760,0.04915181,-0.99875963,1.92357433,-0.06731606,-0.99655193,-0.04850682,-1.05822504
3,1598298488201506900,1598298488201448900,-0.99770772,0.06670305,0.01141248,-0.65070128,-0.00812521,0.04934726,-0.99874860,1.92354262,-0.06718278,-0.99655187,-0.04869216,-1.05594802
3,1598298488210694500,1598298488210651100,-0.99770349,0.06671232,0.01171946,-0.65067607,-0.00842526,0.04944820,-0.99874115,1.92301738,-0.06720784,-0.99654627,-0.04877257,-1.05403805
3,1598298488219789200,1598298488219719200,-0.99770761,0.06672338,0.01129984,-0.65077442,-0.00802200,0.04919104,-0.99875718,1.92293882,-0.06719628,-0.99655825,-0.04854302,-1.05251789
3,1598298488228621500,1598298488228505800,-0.99771333,0.06659251,0.01156449,-0.65081286,-0.00825809,0.04971429,-0.99872935,1.92261839,-0.06708279,-0.99654102,-0.04905069,-1.05070102
3,1598298488238121500,1598298488238065400,-0.99771023,0.06666678,0.01140136,-0.65098095,-0.00812265,0.04924646,-0.99875361,1.92230141,-0.06714514,-0.99655938,-0.04859219,-1.04956365
3,1598298488247532700,1598298488247473500,-0.99770474,0.06669158,0.01173038,-0.65100408,-0.00846031,0.04910537,-0.99875778,1.92219996,-0.06718481,-0.99656463,-0.04842843,-1.04794598
3,1598298488256760800,1598298488256718900,-0.99771279,0.06664452,0.01131120,-0.65054274,-0.00799878,0.04976168,-0.99872905,1.92248595,-0.06712267,-0.99653518,-0.04911479,-1.04542911
3,1598298488265510300,1598298488265449700,-0.99771440,0.06658578,0.01150657,-0.65062624,-0.00821837,0.04944801,-0.99874288,1.92222750,-0.06707105,-0.99655473,-0.04878777,-1.04385018
3,1598298488274542700,1598298488274518400,-0.99771011,0.06662419,0.01165877,-0.65094644,-0.00836474,0.04950881,-0.99873865,1.92226768,-0.06711736,-0.99654919,-0.04883815,-1.04285955
3,1598298488283374000,1598298488283342900,-0.99770844,0.06669429,0.01139898,-0.65091360,-0.00810546,0.04944629,-0.99874389,1.92202044,-0.06717414,-0.99654758,-0.04879239,-1.04137659
3,1598298488292667500,1598298488292609100,-0.99771214,0.06664371,0.01136990,-0.65053344,-0.00806180,0.04969919,-0.99873167,1.92229486,-0.06712428,-0.99653840,-0.04904822,-1.03885579
3,1598298488301410000,1598298488301350500,-0.99771857,0.06654823,0.01136533,-0.65053481,-0.00806690,0.04962512,-0.99873531,1.92206502,-0.06702808,-0.99654841,-0.04897506,-1.03728843
3,1598298488310532700,1598298488310506200,-0.99771667,0.06657958,0.01134675,-0.65099740,-0.00805760,0.04946399,-0.99874341,1.92217362,-0.06705716,-0.99655437,-0.04881458,-1.03640032
3,1598298488319395400,1598298488319333300,-0.99771935,0.06657234,0.01115640,-0.65105927,-0.00786834,0.04945013,-0.99874556,1.92182636,-0.06704050,-0.99655551,-0.04881354,-1.03486300
3,1598298488328467000,1598298488328439200,-0.99771863,0.06652778,0.01147807,-0.65068597,-0.00818661,0.04953822,-0.99873865,1.92227602,-0.06701246,-0.99655414,-0.04888056,-1.03236866
3,1598298488337437300,1598298488337393500,-0.99772054,0.06653759,0.01124848,-0.65113354,-0.00794818,0.04965897,-0.99873459,1.92242789,-0.06701195,-0.99654746,-0.04901692,-1.03134847
3,1598298488346499400,1598298488346442400,-0.99771208,0.06663728,0.01141222,-0.65119708,-0.00811178,0.04959068,-0.99873668,1.92223108,-0.06711909,-0.99654424,-0.04893668,-1.02970862
3,1598298488355393800,1598298488355282800,-0.99771225,0.06666815,0.01121632,-0.65110141,-0.00790725,0.04969334,-0.99873322,1.92300212,-0.06714106,-0.99653703,-0.04905249,-1.02769732
3,1598298488364339100,1598298488364296700,-0.99772477,0.06644130,0.01144698,-0.65114522,-0.00816355,0.04948135,-0.99874169,1.92282641,-0.06692407,-0.99656272,-0.04882637,-1.02603447
3,1598298488373207200,1598298488373165400,-0.99772877,0.06647584,0.01087951,-0.65131795,-0.00757668,0.04973632,-0.99873364,1.92290509,-0.06693274,-0.99654770,-0.04911970,-1.02470565
3,1598298488382641800,1598298488382573600,-0.99771833,0.06652704,0.01150618,-0.65136403,-0.00823874,0.04918191,-0.99875587,1.92280543,-0.06701016,-0.99657184,-0.04852159,-1.02320910
3,1598298488391369900,1598298488391182600,-0.99772465,0.06648231,0.01121901,-0.65131682,-0.00792752,0.04956793,-0.99873930,1.92282295,-0.06695461,-0.99655569,-0.04892810,-1.02162790
3,1598298488400229600,1598298488400194200,-0.99773026,0.06643361,0.01100439,-0.65131670,-0.00772540,0.04941414,-0.99874848,1.92261517,-0.06689423,-0.99656653,-0.04878875,-1.02004158
3,1598298488409131200,1598298488409066800,-0.99772871,0.06647632,0.01088246,-0.65141928,-0.00762371,0.04907971,-0.99876577,1.92279446,-0.06692836,-0.99658024,-0.04846144,-1.01875436
3,1598298488418489300,1598298488418362300,-0.99772972,0.06643650,0.01103680,-0.65149212,-0.00776967,0.04923591,-0.99875695,1.92285514,-0.06689730,-0.99657524,-0.04860794,-1.01712787
3,1598298488427229600,1598298488427144300,-0.99773163,0.06641522,0.01098757,-0.65158153,-0.00772139,0.04923639,-0.99875730,1.92258024,-0.06687370,-0.99657655,-0.04861189,-1.01560962
3,1598298488436408000,1598298488436314700,-0.99773288,0.06639707,0.01098600,-0.65180230,-0.00772690,0.04914409,-0.99876177,1.92257857,-0.06685475,-0.99658239,-0.04851963,-1.01402366
3,1598298488445043500,1598298488445018100,-0.99773407,0.06632555,0.01130203,-0.65200067,-0.00805090,0.04908201,-0.99876231,1.92297554,-0.06679818,-0.99659020,-0.04843681,-1.01279747
3,1598298488454294500,1598298488454231000,-0.99773896,0.06631663,0.01091990,-0.65206426,-0.00767079,0.04905238,-0.99876672,1.92295349,-0.06677049,-0.99659216,-0.04843277,-1.01130044
3,1598298488462981400,1598298488462950000,-0.99773788,0.06631151,0.01104878,-0.65210772,-0.00780600,0.04896363,-0.99877006,1.92280281,-0.06677091,-0.99659699,-0.04833524,-1.00979567
3,1598298488472267700,1598298488472198500,-0.99774498,0.06619215,0.01112432,-0.65227783,-0.00786971,0.04922829,-0.99875653,1.92272091,-0.06665748,-0.99659187,-0.04859637,-1.00820434
3,1598298488480940100,1598298488480888300,-0.99774313,0.06622705,0.01108574,-0.65233392,-0.00786305,0.04872532,-0.99878126,1.92281318,-0.06668645,-0.99661422,-0.04809460,-1.00682056
3,1598298488490063500,1598298488490021900,-0.99774605,0.06619510,0.01100740,-0.65239573,-0.00773929,0.04942624,-0.99874777,1.92264450,-0.06665626,-0.99658185,-0.04880253,-1.00518095
3,1598298488498815700,1598298488498770900,-0.99774325,0.06620073,0.01122543,-0.65259582,-0.00801253,0.04860008,-0.99878615,1.92251706,-0.06666592,-0.99662209,-0.04795996,-1.00378489
3,1598298488507997300,1598298488507958400,-0.99775261,0.06612071,0.01085652,-0.65259647,-0.00761349,0.04910316,-0.99876469,1.92260754,-0.06657213,-0.99660271,-0.04848939,-1.00214446
3,1598298488516767700,1598298488516724700,-0.99773693,0.06630090,0.01119501,-0.65252012,-0.00795628,0.04891328,-0.99877131,1.92245531,-0.06676698,-0.99660015,-0.04827508,-1.00076854
3,1598298488525941700,1598298488525879600,-0.99774230,0.06634074,0.01045577,-0.65240437,-0.00722178,0.04880210,-0.99878234,1.92235756,-0.06677023,-0.99660289,-0.04821282,-0.99900079
3,1598298488534855600,1598298488534792900,-0.99774379,0.06624466,0.01091834,-0.65255433,-0.00768263,0.04890450,-0.99877387,1.92233360,-0.06669739,-0.99660432,-0.04828523,-0.99748886
3,1598298488543850900,1598298488543797400,-0.99774933,0.06618536,0.01076374,-0.65260005,-0.00753074,0.04890463,-0.99877506,1.92232835,-0.06663063,-0.99660820,-0.04829614,-0.99583852
3,1598298488552751800,1598298488552701500,-0.99773502,0.06637976,0.01089651,-0.65273607,-0.00765783,0.04885079,-0.99877673,1.92216015,-0.06683084,-0.99659795,-0.04823182,-0.99433482
3,1598298488561887100,1598298488561826100,-0.99773657,0.06628880,0.01130559,-0.65281230,-0.00806004,0.04902554,-0.99876499,1.92214251,-0.06676120,-0.99659544,-0.04838027,-0.99248302
3,1598298488570721700,1598298488570656300,-0.99774456,0.06626984,0.01068575,-0.65302259,-0.00744816,0.04891069,-0.99877536,1.92222905,-0.06671134,-0.99660230,-0.04830679,-0.99130821
3,1598298488579827900,1598298488579766600,-0.99773848,0.06629232,0.01111204,-0.65319860,-0.00787469,0.04889748,-0.99877274,1.92213655,-0.06675428,-0.99660146,-0.04826486,-0.98977435
3,1598298488588612200,1598298488588572000,-0.99773687,0.06640485,0.01056971,-0.65293217,-0.00731424,0.04907789,-0.99876815,1.92204142,-0.06684178,-0.99658513,-0.04848111,-0.98803353
3,1598298488597739000,1598298488597686700,-0.99773544,0.06635162,0.01102873,-0.65314567,-0.00782180,0.04839957,-0.99879742,1.92195296,-0.06680563,-0.99662179,-0.04777098,-0.98652327
3,1598298488606636900,1598298488606560800,-0.99773794,0.06639579,0.01052314,-0.65326726,-0.00726458,0.04912971,-0.99876595,1.92187905,-0.06683084,-0.99658316,-0.04853623,-0.98528063
3,1598298488615650900,1598298488615595900,-0.99772441,0.06651846,0.01101933,-0.65325272,-0.00780596,0.04837607,-0.99879867,1.92167687,-0.06697163,-0.99661189,-0.04774674,-0.98381829
3,1598298488624615900,1598298488624579600,-0.99773574,0.06641749,0.01059782,-0.65300167,-0.00733935,0.04911386,-0.99876618,1.92179799,-0.06685600,-0.99658251,-0.04851519,-0.98179126
3,1598298488633625800,1598298488633565700,-0.99773121,0.06644800,0.01082755,-0.65313751,-0.00759470,0.04871351,-0.99878389,1.92179132,-0.06689462,-0.99660009,-0.04809834,-0.98029613
3,1598298488642543500,1598298488642436700,-0.99772650,0.06657761,0.01045992,-0.65320903,-0.00722434,0.04865519,-0.99878949,1.92171800,-0.06700596,-0.99659431,-0.04806360,-0.97891176
3,1598298488651461900,1598298488651433600,-0.99771482,0.06669140,0.01084284,-0.65323913,-0.00762534,0.04831139,-0.99880320,1.92198110,-0.06713536,-0.99660343,-0.04769244,-0.97738087
3,1598298488660514200,1598298488660378300,-0.99771893,0.06662256,0.01088875,-0.65303177,-0.00764430,0.04876157,-0.99878120,1.92259121,-0.06707233,-0.99658614,-0.04814105,-0.97543013
3,1598298488669708600,1598298488669643400,-0.99772060,0.06665400,0.01053288,-0.65304422,-0.00727613,0.04891605,-0.99877638,1.92230558,-0.06708771,-0.99657643,-0.04831956,-0.97383070
3,1598298488678238500,1598298488678207300,-0.99771500,0.06673804,0.01053043,-0.65320969,-0.00725962,0.04906412,-0.99876922,1.92218280,-0.06717259,-0.99656349,-0.04846752,-0.97227812
3,1598298488687482300,1598298488687422500,-0.99771392,0.06673446,0.01065895,-0.65329695,-0.00742834,0.04847237,-0.99879688,1.92215979,-0.06717086,-0.99659270,-0.04786583,-0.97074389
3,1598298488696263100,1598298488696163500,-0.99771929,0.06667906,0.01050105,-0.65334666,-0.00722648,0.04916218,-0.99876463,1.92184389,-0.06711292,-0.99656266,-0.04856820,-0.96932852
3,1598298488705374300,1598298488705331800,-0.99770373,0.06685334,0.01086626,-0.65347219,-0.00761167,0.04874613,-0.99878216,1.92181587,-0.06730160,-0.99657142,-0.04812533,-0.96795416
3,1598298488714188900,1598298488714124500,-0.99770105,0.06694627,0.01053299,-0.65346855,-0.00727302,0.04875404,-0.99878430,1.92170858,-0.06737840,-0.99656475,-0.04815505,-0.96643329
3,1598298488723374600,1598298488723316100,-0.99770278,0.06689399,0.01069667,-0.65351719,-0.00743108,0.04887719,-0.99877715,1.92161167,-0.06733501,-0.99656224,-0.04826781,-0.96465886
3,1598298488732064200,1598298488732024900,-0.99770570,0.06686348,0.01062348,-0.65362692,-0.00734770,0.04904884,-0.99876934,1.92144048,-0.06730226,-0.99655586,-0.04844501,-0.96308589
3,1598298488741269300,1598298488741210800,-0.99769765,0.06698242,0.01062486,-0.65379190,-0.00733845,0.04912043,-0.99876589,1.92124271,-0.06742167,-0.99654436,-0.04851579,-0.96173632
3,1598298488750217500,1598298488750184900,-0.99769950,0.06693083,0.01077451,-0.65382665,-0.00752918,0.04855228,-0.99879223,1.92125010,-0.06737316,-0.99657565,-0.04793665,-0.96023440
3,1598298488759162000,1598298488759077000,-0.99771130,0.06680530,0.01045670,-0.65354270,-0.00718747,0.04899110,-0.99877334,1.92188489,-0.06723565,-0.99656266,-0.04839882,-0.95811248
3,1598298488768103300,1598298488768046600,-0.99770856,0.06683236,0.01055266,-0.65364635,-0.00729592,0.04878797,-0.99878252,1.92163420,-0.06726584,-0.99657077,-0.04818857,-0.95654070
3,1598298488777102600,1598298488777031400,-0.99770963,0.06686363,0.01024557,-0.65388596,-0.00697397,0.04898069,-0.99877536,1.92152882,-0.06728357,-0.99655926,-0.04840220,-0.95522118
3,1598298488786046700,1598298488785961900,-0.99771029,0.06677791,0.01072542,-0.65388441,-0.00747465,0.04874132,-0.99878347,1.92152309,-0.06721947,-0.99657667,-0.04813058,-0.95371616
3,1598298488795045300,1598298488795002100,-0.99772024,0.06672046,0.01013992,-0.65372109,-0.00684482,0.04943124,-0.99875408,1.92154634,-0.06713852,-0.99654657,-0.04886186,-0.95174623
3,1598298488804044800,1598298488803952100,-0.99771208,0.06677291,0.01058872,-0.65396941,-0.00734732,0.04860377,-0.99879110,1.92153561,-0.06720683,-0.99658376,-0.04800196,-0.95060313
3,1598298488812971700,1598298488812901500,-0.99771780,0.06673902,0.01026144,-0.65394580,-0.00697936,0.04922639,-0.99876326,1.92120469,-0.06716159,-0.99655545,-0.04864825,-0.94900382
3,1598298488821811700,1598298488821754300,-0.99771345,0.06676251,0.01052850,-0.65396476,-0.00727627,0.04877097,-0.99878347,1.92126632,-0.06719476,-0.99657631,-0.04817367,-0.94714510
3,1598298488831005900,1598298488830957300,-0.99772346,0.06666845,0.01016331,-0.65390867,-0.00689469,0.04907626,-0.99877125,1.92103219,-0.06708530,-0.99656755,-0.04850488,-0.94541395
3,1598298488839826900,1598298488839772800,-0.99771595,0.06674281,0.01041331,-0.65419745,-0.00715677,0.04884710,-0.99878061,1.92116320,-0.06717008,-0.99657387,-0.04825787,-0.94428241
3,1598298488848997800,1598298488848947700,-0.99771261,0.06681886,0.01024728,-0.65407383,-0.00697455,0.04902983,-0.99877298,1.92090631,-0.06723925,-0.99655980,-0.04845164,-0.94267738
3,1598298488857868500,1598298488857823400,-0.99771619,0.06676736,0.01023016,-0.65388376,-0.00696654,0.04893168,-0.99877781,1.92136431,-0.06718636,-0.99656808,-0.04835479,-0.94058049
3,1598298488866874400,1598298488866849700,-0.99771690,0.06675753,0.01022464,-0.65393758,-0.00692775,0.04943210,-0.99875343,1.92116904,-0.06717974,-0.99654406,-0.04885676,-0.93882215
3,1598298488875697500,1598298488875652700,-0.99771607,0.06676826,0.01024020,-0.65424377,-0.00696895,0.04904426,-0.99877226,1.92132652,-0.06718850,-0.99656248,-0.04846694,-0.93785524
3,1598298488884787000,1598298488884738100,-0.99771869,0.06671241,0.01035186,-0.65426052,-0.00708238,0.04906014,-0.99877071,1.92120862,-0.06713825,-0.99656546,-0.04847573,-0.93627155
3,1598298488893684000,1598298488893629000,-0.99772215,0.06667751,0.01023899,-0.65421343,-0.00697552,0.04899425,-0.99877471,1.92129827,-0.06709751,-0.99657100,-0.04841753,-0.93444192
3,1598298488902804900,1598298488902746900,-0.99772507,0.06666037,0.01006108,-0.65434784,-0.00678606,0.04917542,-0.99876708,1.92113411,-0.06707293,-0.99656326,-0.04861119,-0.93298352
3,1598298488911648600,1598298488911571600,-0.99772739,0.06660524,0.01019068,-0.65470004,-0.00693273,0.04896366,-0.99877650,1.92127681,-0.06702274,-0.99657738,-0.04839063,-0.93189466
3,1598298488920727600,1598298488920684400,-0.99773669,0.06651044,0.00989661,-0.65460610,-0.00664138,0.04898720,-0.99877733,1.92118216,-0.06691390,-0.99658251,-0.04843460,-0.93034875
3,1598298488929573100,1598298488929506500,-0.99775171,0.06623995,0.01019290,-0.65455061,-0.00694338,0.04910323,-0.99876958,1.92126846,-0.06665897,-0.99659485,-0.04853290,-0.92852461
3,1598298488938712400,1598298488938621200,-0.99775249,0.06633022,0.00950979,-0.65454251,-0.00625500,0.04910579,-0.99877399,1.92119944,-0.06671587,-0.99658871,-0.04858052,-0.92692471
3,1598298488947773700,1598298488947711900,-0.99775183,0.06626266,0.01003386,-0.65488821,-0.00678157,0.04912575,-0.99876958,1.92113948,-0.06667405,-0.99659222,-0.04856594,-0.92559028
3,1598298488956990900,1598298488956914100,-0.99777228,0.06598839,0.00980968,-0.65469795,-0.00660069,0.04867308,-0.99879295,1.92134082,-0.06638616,-0.99663264,-0.04812908,-0.92375505
3,1598298488965689500,1598298488965636300,-0.99777937,0.06584266,0.01006057,-0.65485102,-0.00681716,0.04930071,-0.99876070,1.92126942,-0.06625706,-0.99661142,-0.04874238,-0.92209280
3,1598298488974779200,1598298488974732700,-0.99778098,0.06591505,0.00940762,-0.65490097,-0.00618082,0.04898802,-0.99878025,1.92132163,-0.06629553,-0.99662209,-0.04847191,-0.92060208
3,1598298488983647600,1598298488983617600,-0.99777162,0.06595540,0.01009261,-0.65493703,-0.00684351,0.04930373,-0.99876040,1.92119098,-0.06637126,-0.99660385,-0.04874250,-0.91905212
3,1598298488992855800,1598298488992789900,-0.99777985,0.06590515,0.00959330,-0.65477639,-0.00637073,0.04893446,-0.99878168,1.92136598,-0.06629428,-0.99662530,-0.04840596,-0.91731358
3,1598298489001641700,1598298489001568500,-0.99778116,0.06585863,0.00977971,-0.65482217,-0.00654099,0.04921414,-0.99876684,1.92141426,-0.06625873,-0.99661463,-0.04867416,-0.91562879
3,1598298489010799300,1598298489010717800,-0.99778175,0.06588918,0.00950135,-0.65488666,-0.00627890,0.04894301,-0.99878180,1.92139614,-0.06627390,-0.99662596,-0.04842073,-0.91411459
3,1598298489019577000,1598298489019501800,-0.99777973,0.06589624,0.00966715,-0.65497708,-0.00643197,0.04913155,-0.99877161,1.92128372,-0.06629026,-0.99661624,-0.04859862,-0.91258192
3,1598298489028624600,1598298489028534700,-0.99778342,0.06586477,0.00950112,-0.65500528,-0.00629491,0.04871646,-0.99879283,1.92155051,-0.06624809,-0.99663866,-0.04819386,-0.91103292
3,1598298489037495900,1598298489037441300,-0.99778390,0.06582826,0.00970069,-0.65513575,-0.00645873,0.04928420,-0.99876392,1.92151856,-0.06622496,-0.99661320,-0.04874981,-0.90932810
3,1598298489047229500,1598298489047168000,-0.99778020,0.06590801,0.00953423,-0.65504438,-0.00631367,0.04890129,-0.99878365,1.92172456,-0.06629407,-0.99662673,-0.04837662,-0.90764177
3,1598298489055992400,1598298489055888800,-0.99777073,0.06603387,0.00965793,-0.65530831,-0.00642793,0.04895304,-0.99878037,1.92171037,-0.06642613,-0.99661589,-0.04841945,-0.90644503
3,1598298489065001200,1598298489064947100,-0.99777848,0.06591898,0.00963981,-0.65538150,-0.00642317,0.04883590,-0.99878615,1.92160201,-0.06630972,-0.99662924,-0.04830400,-0.90484405
3,1598298489073994400,1598298489073918000,-0.99777794,0.06592280,0.00967158,-0.65524638,-0.00643829,0.04908383,-0.99877387,1.92129540,-0.06631663,-0.99661678,-0.04855034,-0.90278494
3,1598298489082905300,1598298489082851100,-0.99776709,0.06611004,0.00951229,-0.65525156,-0.00628032,0.04892471,-0.99878269,1.92131209,-0.06649497,-0.99661219,-0.04840027,-0.90127802
3,1598298489091803800,1598298489091755400,-0.99776924,0.06607896,0.00950009,-0.65544641,-0.00626399,0.04900928,-0.99877864,1.92090082,-0.06646383,-0.99661016,-0.04848604,-0.89995623
3,1598298489100908500,1598298489100833100,-0.99777514,0.06598711,0.00952056,-0.65548444,-0.00631043,0.04868659,-0.99879414,1.92091060,-0.06637105,-0.99663198,-0.04816186,-0.89838028
3,1598298489109724200,1598298489109673400,-0.99777353,0.06600329,0.00957691,-0.65553260,-0.00633666,0.04912783,-0.99877238,1.92068124,-0.06639275,-0.99660933,-0.04860021,-0.89658976
3,1598298489118876200,1598298489118830700,-0.99776679,0.06613830,0.00934386,-0.65547377,-0.00612264,0.04874060,-0.99879271,1.92052782,-0.06651387,-0.99661940,-0.04822681,-0.89508283
3,1598298489127778800,1598298489127721100,-0.99777496,0.06601638,0.00933061,-0.65545809,-0.00610052,0.04896219,-0.99878198,1.92057431,-0.06639281,-0.99661660,-0.04845051,-0.89325905
3,1598298489136993600,1598298489136946500,-0.99777412,0.06603354,0.00930601,-0.65555447,-0.00608432,0.04882311,-0.99878889,1.92037809,-0.06640792,-0.99662232,-0.04831266,-0.89164960
3,1598298489145664000,1598298489145612100,-0.99776435,0.06614754,0.00953737,-0.65579659,-0.00630038,0.04897314,-0.99878019,1.92058194,-0.06653392,-0.99660736,-0.04844690,-0.89046490
3,1598298489154778800,1598298489154728000,-0.99775958,0.06626821,0.00920143,-0.65567291,-0.00596454,0.04887864,-0.99878693,1.92070270,-0.06663752,-0.99660397,-0.04837386,-0.88886845
3,1598298489163624500,1598298489163542000,-0.99776530,0.06616089,0.00934038,-0.65574467,-0.00611175,0.04883518,-0.99878812,1.92068624,-0.06653687,-0.99661326,-0.04832169,-0.88714015
3,1598298489172752100,1598298489172659700,-0.99775708,0.06627598,0.00940700,-0.65590680,-0.00613843,0.04934974,-0.99876267,1.92039502,-0.06665820,-0.99658024,-0.04883222,-0.88552058
3,1598298489181590600,1598298489181529000,-0.99774855,0.06641409,0.00933318,-0.65586454,-0.00611884,0.04843841,-0.99880743,1.92039692,-0.06678700,-0.99661577,-0.04792298,-0.88416672
3,1598298489190701800,1598298489190655300,-0.99774718,0.06644756,0.00923704,-0.65589130,-0.00598364,0.04899529,-0.99878109,1.92033231,-0.06681916,-0.99658632,-0.04848731,-0.88233018
3,1598298489199504000,1598298489199467300,-0.99775040,0.06640491,0.00920100,-0.65602720,-0.00598481,0.04847046,-0.99880666,1.92012358,-0.06677163,-0.99661481,-0.04796400,-0.88102984
3,1598298489208637900,1598298489208583500,-0.99774498,0.06648260,0.00923037,-0.65616667,-0.00599501,0.04870090,-0.99879539,1.91999602,-0.06685200,-0.99659848,-0.04819252,-0.87970448
3,1598298489217643700,1598298489217415400,-0.99773514,0.06663525,0.00918829,-0.65610331,-0.00597207,0.04830572,-0.99881470,1.91984248,-0.06700012,-0.99660742,-0.04779837,-0.87829638
3,1598298489226608400,1598298489226543400,-0.99773705,0.06663269,0.00899586,-0.65600961,-0.00574150,0.04887172,-0.99878854,1.92007160,-0.06699163,-0.99658000,-0.04837855,-0.87609637
3,1598298489235466300,1598298489235391400,-0.99773884,0.06658134,0.00917849,-0.65619570,-0.00592570,0.04888848,-0.99878663,1.92003059,-0.06694922,-0.99658263,-0.04838340,-0.87458706
3,1598298489244625600,1598298489244600100,-0.99773622,0.06665719,0.00891644,-0.65649825,-0.00567324,0.04868678,-0.99879795,1.92029500,-0.06701118,-0.99658746,-0.04819840,-0.87352061
3,1598298489253544300,1598298489253477000,-0.99772823,0.06675810,0.00904789,-0.65625477,-0.00581313,0.04849118,-0.99880666,1.92058718,-0.06711715,-0.99659026,-0.04799295,-0.87170112
3,1598298489262571400,1598298489262540900,-0.99773788,0.06664789,0.00879561,-0.65630060,-0.00553779,0.04890918,-0.99878788,1.92048919,-0.06699729,-0.99657714,-0.04842946,-0.87012422
3,1598298489271318800,1598298489271269400,-0.99773359,0.06667441,0.00907656,-0.65638876,-0.00583512,0.04865095,-0.99879879,1.92048955,-0.06703588,-0.99658805,-0.04815163,-0.86864972
3,1598298489280551700,1598298489280489800,-0.99772632,0.06683180,0.00871094,-0.65620935,-0.00545597,0.04873287,-0.99879694,1.92045069,-0.06717592,-0.99657351,-0.04825743,-0.86706889
3,1598298489289461600,1598298489289337400,-0.99772733,0.06679440,0.00887778,-0.65630889,-0.00563362,0.04860187,-0.99880230,1.92038548,-0.06714588,-0.99658245,-0.04811512,-0.86554718
3,1598298489298519300,1598298489298481800,-0.99773389,0.06672034,0.00869507,-0.65638542,-0.00543822,0.04884078,-0.99879175,1.92025149,-0.06706437,-0.99657571,-0.04836727,-0.86381173
3,1598298489307293600,1598298489307191500,-0.99773538,0.06664991,0.00905520,-0.65643305,-0.00581149,0.04870190,-0.99879646,1.92017901,-0.06701070,-0.99658716,-0.04820427,-0.86217880
3,1598298489316394600,1598298489316314100,-0.99773026,0.06680271,0.00848282,-0.65630490,-0.00522108,0.04885053,-0.99879247,1.92003846,-0.06713644,-0.99656969,-0.04839087,-0.86056197
3,1598298489325178500,1598298489325127200,-0.99773222,0.06674695,0.00868335,-0.65637273,-0.00543746,0.04865856,-0.99880064,1.91996753,-0.06708944,-0.99658287,-0.04818527,-0.85886014
3,1598298489334326100,1598298489334264800,-0.99774355,0.06658852,0.00859615,-0.65637493,-0.00534618,0.04883214,-0.99879271,1.91987026,-0.06692791,-0.99658495,-0.04836596,-0.85717356
3,1598298489343354800,1598298489343297200,-0.99773604,0.06670171,0.00858685,-0.65669513,-0.00535173,0.04852947,-0.99880743,1.91993523,-0.06703886,-0.99659210,-0.04806263,-0.85600603
3,1598298489352184400,1598298489352148100,-0.99772644,0.06683138,0.00869773,-0.65672946,-0.00543738,0.04881271,-0.99879313,1.92008770,-0.06717530,-0.99656963,-0.04833834,-0.85438180
3,1598298489361076500,1598298489361042500,-0.99773431,0.06673506,0.00853820,-0.65676999,-0.00528178,0.04882128,-0.99879354,1.92026114,-0.06707144,-0.99657571,-0.04835818,-0.85261512
3,1598298489370185400,1598298489370128500,-0.99774337,0.06660074,0.00852822,-0.65684980,-0.00528171,0.04877082,-0.99879605,1.92009676,-0.06693646,-0.99658710,-0.04830899,-0.85109162
3,1598298489379023600,1598298489378995200,-0.99774206,0.06659782,0.00869998,-0.65682954,-0.00544291,0.04893268,-0.99878722,1.92015541,-0.06694275,-0.99657941,-0.04845970,-0.84961927
3,1598298489388110500,1598298489388066900,-0.99773866,0.06667683,0.00848322,-0.65684122,-0.00523954,0.04867301,-0.99880099,1.92012501,-0.06700981,-0.99658680,-0.04821358,-0.84808552
3,1598298489396987700,1598298489396944800,-0.99774253,0.06660840,0.00856790,-0.65690356,-0.00529964,0.04908959,-0.99878031,1.92012835,-0.06694776,-0.99657094,-0.04862577,-0.84638441
3,1598298489406082900,1598298489406002400,-0.99775314,0.06647560,0.00835237,-0.65705442,-0.00509769,0.04898040,-0.99878675,1.91995883,-0.06680408,-0.99658519,-0.04853148,-0.84487700
3,1598298489415004700,1598298489414893400,-0.99775583,0.06639946,0.00862940,-0.65703052,-0.00539718,0.04870475,-0.99879861,1.91982651,-0.06674001,-0.99660373,-0.04823708,-0.84336674
3,1598298489424064400,1598298489424010300,-0.99775577,0.06645927,0.00817111,-0.65704459,-0.00492383,0.04887913,-0.99879253,1.91977608,-0.06677845,-0.99659121,-0.04844220,-0.84163725
3,1598298489432873600,1598298489432812000,-0.99775565,0.06641656,0.00852422,-0.65704578,-0.00527443,0.04895307,-0.99878716,1.91950345,-0.06675330,-0.99659038,-0.04849290,-0.84012651
3,1598298489442039500,1598298489442003200,-0.99774718,0.06658563,0.00819182,-0.65725857,-0.00496705,0.04845250,-0.99881315,1.91975009,-0.06690347,-0.99660373,-0.04801261,-0.83883929
3,1598298489450894200,1598298489450834200,-0.99774665,0.06659266,0.00819529,-0.65724146,-0.00493868,0.04892172,-0.99879038,1.91937339,-0.06691301,-0.99658024,-0.04848260,-0.83732557
3,1598298489459960400,1598298489459927900,-0.99775308,0.06647098,0.00840022,-0.65737045,-0.00515766,0.04880374,-0.99879503,1.91962862,-0.06680086,-0.99659419,-0.04835125,-0.83540082
3,1598298489468781300,1598298489468720700,-0.99776089,0.06639615,0.00805519,-0.65727079,-0.00479470,0.04912050,-0.99878132,1.91960001,-0.06671095,-0.99658358,-0.04869216,-0.83399510
3,1598298489477906800,1598298489477870900,-0.99774867,0.06654012,0.00837458,-0.65751916,-0.00514403,0.04857439,-0.99880630,1.91978633,-0.06686747,-0.99660075,-0.04812275,-0.83279788
3,1598298489486720100,1598298489486682700,-0.99774891,0.06659332,0.00791628,-0.65740454,-0.00465436,0.04899615,-0.99878812,1.91970336,-0.06690049,-0.99657655,-0.04857590,-0.83125675
3,1598298489495909200,1598298489495845500,-0.99774837,0.06656677,0.00819691,-0.65747720,-0.00494917,0.04880844,-0.99879587,1.91962433,-0.06688669,-0.99658751,-0.04836909,-0.82946157
3,1598298489504694900,1598298489504649800,-0.99775851,0.06642881,0.00808692,-0.65762758,-0.00485527,0.04866666,-0.99880326,1.91964889,-0.06674284,-0.99660373,-0.04823504,-0.82803524
3,1598298489513885300,1598298489513796500,-0.99774957,0.06653610,0.00829870,-0.65758479,-0.00502918,0.04915688,-0.99877840,1.91941571,-0.06686273,-0.99657249,-0.04871164,-0.82646048
3,1598298489522639600,1598298489522608900,-0.99774659,0.06661534,0.00802435,-0.65749204,-0.00477169,0.04884377,-0.99879503,1.91957426,-0.06692702,-0.99658257,-0.04841584,-0.82474697
3,1598298489531760700,1598298489531710000,-0.99775481,0.06649801,0.00797410,-0.65764040,-0.00468666,0.04944704,-0.99876577,1.91925216,-0.06681022,-0.99656069,-0.04902437,-0.82304752
