4,1598298487558239900,1598298487558141200,0.99750692,-0.07056406,-0.00092951,-0.66037428,-0.00167737,-0.01053999,-0.99994302,1.91682792,0.07055023,0.99745160,-0.01063210,-0.82667542
4,1598298487567700800,1598298487567642500,0.99750507,-0.07058626,-0.00116356,-0.66027868,-0.00190946,-0.01050076,-0.99994302,1.91689885,0.07057002,0.99745047,-0.01060937,-0.82492399
4,1598298487576693400,1598298487576616000,0.99751061,-0.07050532,-0.00132466,-0.66023159,-0.00207758,-0.01060674,-0.99994159,1.91686130,0.07048717,0.99745500,-0.01072684,-0.82341480
4,1598298487585686300,1598298487585609200,0.99751705,-0.07042095,-0.00087961,-0.66039121,-0.00162940,-0.01059057,-0.99994260,1.91698253,0.07040760,0.99746120,-0.01067904,-0.82173562
4,1598298487594575400,1598298487594524500,0.99750954,-0.07052401,-0.00109360,-0.66059214,-0.00184345,-0.01056836,-0.99994242,1.91672373,0.07050836,0.99745411,-0.01067207,-0.82050872
4,1598298487603693800,1598298487603654600,0.99751735,-0.07041764,-0.00072325,-0.66051579,-0.00147213,-0.01058355,-0.99994290,1.91664875,0.07040599,0.99746156,-0.01066096,-0.81873572
4,1598298487612606600,1598298487612527600,0.99751437,-0.07044339,-0.00169930,-0.66036630,-0.00244078,-0.01044115,-0.99994248,1.91650975,0.07042155,0.99746120,-0.01058716,-0.81707764
4,1598298487621609700,1598298487621470400,0.99751174,-0.07049644,-0.00084870,-0.66057563,-0.00159784,-0.01057100,-0.99994284,1.91645169,0.07048348,0.99745607,-0.01065737,-0.81573701
4,1598298487630580900,1598298487630513300,0.99751103,-0.07049683,-0.00142339,-0.66053295,-0.00217003,-0.01051573,-0.99994236,1.91634572,0.07047778,0.99745667,-0.01064257,-0.81406188
4,1598298487639597600,1598298487639488100,0.99751574,-0.07043809,-0.00098309,-0.66065985,-0.00175546,-0.01090427,-0.99993896,1.91644001,0.07042307,0.99745667,-0.01100086,-0.81262028
4,1598298487648649800,1598298487648559300,0.99752122,-0.07036018,-0.00099111,-0.66055071,-0.00172958,-0.01043552,-0.99994403,1.91631198,0.07034594,0.99746716,-0.01053137,-0.81093979
4,1598298487657516600,1598298487657474600,0.99751419,-0.07044876,-0.00158083,-0.66055512,-0.00233151,-0.01057478,-0.99994135,1.91629970,0.07042792,0.99745941,-0.01071278,-0.80939436
4,1598298487666482200,1598298487666442100,0.99752361,-0.07032964,-0.00077932,-0.66069192,-0.00154009,-0.01076373,-0.99994087,1.91622233,0.07031712,0.99746579,-0.01084542,-0.80766356
4,1598298487675657700,1598298487675506100,0.99753630,-0.07014111,-0.00132039,-0.66030407,-0.00208296,-0.01080001,-0.99993950,1.91615510,0.07012260,0.99747866,-0.01091953,-0.80587757
4,1598298487684370400,1598298487684342300,0.99754870,-0.06996843,-0.00101348,-0.66064429,-0.00179065,-0.01104576,-0.99993736,1.91620266,0.06995288,0.99748814,-0.01114400,-0.80426502
4,1598298487693364900,1598298487693313300,0.99755901,-0.06982204,-0.00096024,-0.66064751,-0.00169595,-0.01047847,-0.99994367,1.91642404,0.06980804,0.99750447,-0.01057133,-0.80262697
4,1598298487702408600,1598298487702316800,0.99755198,-0.06991920,-0.00117042,-0.66070175,-0.00196406,-0.01128331,-0.99993438,1.91627264,0.06990144,0.99748886,-0.01139305,-0.80089355
4,1598298487711407200,1598298487711351700,0.99756336,-0.06975883,-0.00104039,-0.66077077,-0.00178098,-0.01055512,-0.99994272,1.91629386,0.06974384,0.99750811,-0.01065366,-0.79946399
4,1598298487720326900,1598298487720280800,0.99756885,-0.06966823,-0.00166527,-0.66074657,-0.00240218,-0.01049498,-0.99994200,1.91625142,0.06964675,0.99751502,-0.01063685,-0.79777288
4,1598298487729818700,1598298487729734600,0.99757576,-0.06958976,-0.00018919,-0.66097021,-0.00096657,-0.01113752,-0.99993747,1.91620588,0.06958333,0.99751359,-0.01117781,-0.79614508
4,1598298487738269800,1598298487738232700,0.99758101,-0.06949908,-0.00145269,-0.66079378,-0.00219082,-0.01054575,-0.99994200,1.91621721,0.06947970,0.99752635,-0.01067253,-0.79468715
4,1598298487747282900,1598298487747247200,0.99760699,-0.06913713,-0.00059692,-0.66092277,-0.00137273,-0.01117436,-0.99993658,1.91623688,0.06912610,0.99754465,-0.01124256,-0.79294336
4,1598298487756510800,1598298487756217300,0.99760002,-0.06922567,-0.00145888,-0.66078115,-0.00220440,-0.01069439,-0.99994040,1.91628265,0.06920594,0.99754375,-0.01082135,-0.79144931
4,1598298487765289500,1598298487765237300,0.99759501,-0.06930739,-0.00085851,-0.66101032,-0.00160145,-0.01066469,-0.99994183,1.91618443,0.06929418,0.99753845,-0.01075006,-0.79012716
4,1598298487774179500,1598298487774127800,0.99759585,-0.06929868,-0.00058237,-0.66101700,-0.00135675,-0.01112813,-0.99993712,1.91623378,0.06928784,0.99753392,-0.01119542,-0.78852999
4,1598298487783231700,1598298487783147600,0.99760699,-0.06912541,-0.00142853,-0.66100913,-0.00213802,-0.01019103,-0.99994576,1.91638422,0.06910712,0.99755597,-0.01031446,-0.78687131
4,1598298487792050500,1598298487792004700,0.99760950,-0.06909841,-0.00090703,-0.66082215,-0.00165349,-0.01074642,-0.99994087,1.91624582,0.06908455,0.99755204,-0.01083501,-0.78539944
4,1598298487801203400,1598298487801096300,0.99759763,-0.06926793,-0.00095262,-0.66105485,-0.00169291,-0.01062950,-0.99994206,1.91622412,0.06925380,0.99754155,-0.01072125,-0.78374672
4,1598298487810027000,1598298487809958500,0.99760526,-0.06915742,-0.00103119,-0.66100955,-0.00176503,-0.01055091,-0.99994278,1.91618609,0.06914261,0.99755001,-0.01064773,-0.78213429
4,1598298487819005800,1598298487818960500,0.99760634,-0.06914115,-0.00105984,-0.66110587,-0.00183983,-0.01121846,-0.99993539,1.91619229,0.06912482,0.99754387,-0.01131884,-0.78037477
4,1598298487828031100,1598298487827958500,0.99760103,-0.06921747,-0.00110756,-0.66117412,-0.00183805,-0.01049078,-0.99994326,1.91611457,0.06920195,0.99754655,-0.01059286,-0.77909923
4,1598298487836984400,1598298487836912600,0.99759787,-0.06926540,-0.00094003,-0.66137350,-0.00175089,-0.01164683,-0.99993062,1.91617179,0.06924969,0.99753034,-0.01174016,-0.77734494
4,1598298487846054500,1598298487845915500,0.99760234,-0.06920287,-0.00081872,-0.66147608,-0.00157506,-0.01087547,-0.99993962,1.91622269,0.06918979,0.99754339,-0.01095842,-0.77589512
4,1598298487854895700,1598298487854859500,0.99761081,-0.06907475,-0.00118875,-0.66147935,-0.00195333,-0.01100233,-0.99993753,1.91622615,0.06905740,0.99755090,-0.01111100,-0.77416098
4,1598298487863812800,1598298487863788400,0.99760091,-0.06922600,-0.00058229,-0.66161919,-0.00139967,-0.01175962,-0.99992985,1.91624284,0.06921431,0.99753171,-0.01182833,-0.77278852
4,1598298487872999000,1598298487872902800,0.99760574,-0.06914040,-0.00157225,-0.66145515,-0.00226662,-0.00996573,-0.99994779,1.91633058,0.06912112,0.99755722,-0.01009861,-0.77109814
4,1598298487881814800,1598298487881768500,0.99760365,-0.06918296,-0.00085647,-0.66156745,-0.00163810,-0.01124214,-0.99993545,1.91639817,0.06916887,0.99754071,-0.01132855,-0.76937044
4,1598298487890793500,1598298487890729300,0.99760491,-0.06916496,-0.00089747,-0.66170740,-0.00167386,-0.01116814,-0.99993622,1.91611910,0.06915054,0.99754280,-0.01125719,-0.76819241
4,1598298487899761900,1598298487899716300,0.99761152,-0.06905493,-0.00164694,-0.66169405,-0.00233544,-0.00989089,-0.99994832,1.91613805,0.06903508,0.99756384,-0.01002857,-0.76673830
4,1598298487908793300,1598298487908755000,0.99760461,-0.06917152,-0.00063740,-0.66175628,-0.00144769,-0.01166482,-0.99993092,1.91605139,0.06915930,0.99753666,-0.01173704,-0.76490021
4,1598298487917736500,1598298487917690800,0.99761778,-0.06896815,-0.00150644,-0.66164696,-0.00221396,-0.01018340,-0.99994570,1.91612029,0.06894904,0.99756694,-0.01031186,-0.76341891
4,1598298487926700300,1598298487926657300,0.99761534,-0.06900951,-0.00123408,-0.66175860,-0.00198204,-0.01077122,-0.99994004,1.91590369,0.06899208,0.99755794,-0.01088234,-0.76210666
4,1598298487935671800,1598298487935632600,0.99760807,-0.06911597,-0.00109003,-0.66172934,-0.00183311,-0.01068877,-0.99994117,1.91603255,0.06910023,0.99755144,-0.01078993,-0.76060879
4,1598298487944779700,1598298487944745300,0.99761456,-0.06900835,-0.00177420,-0.66174781,-0.00248040,-0.01014939,-0.99994540,1.91594434,0.06898656,0.99756455,-0.01029637,-0.75880373
4,1598298487953595200,1598298487953534200,0.99761975,-0.06895348,-0.00061527,-0.66215986,-0.00141551,-0.01155729,-0.99993217,1.91588950,0.06894171,0.99755299,-0.01162741,-0.75703871
4,1598298487962797800,1598298487962596000,0.99762589,-0.06884730,-0.00163726,-0.66202939,-0.00231630,-0.00978448,-0.99994946,1.91573429,0.06882781,0.99757934,-0.00992075,-0.75586295
4,1598298487971567000,1598298487971538400,0.99761838,-0.06897104,-0.00079975,-0.66218650,-0.00155636,-0.01091695,-0.99993920,1.91578197,0.06895813,0.99755901,-0.01099832,-0.75414491
4,1598298487980832500,1598298487980725900,0.99761564,-0.06900591,-0.00115888,-0.66221774,-0.00193493,-0.01118044,-0.99993563,1.91562986,0.06898853,0.99755371,-0.01128733,-0.75252724
4,1598298487989531700,1598298487989476800,0.99762362,-0.06887838,-0.00170813,-0.66245472,-0.00237130,-0.00954768,-0.99995160,1.91540337,0.06885877,0.99757946,-0.00968835,-0.75136971
4,1598298487998703700,1598298487998642600,0.99761415,-0.06903461,-0.00052655,-0.66259718,-0.00132822,-0.01156733,-0.99993223,1.91538942,0.06902382,0.99754727,-0.01163145,-0.74952924
4,1598298488007465400,1598298488007405700,0.99760407,-0.06916258,-0.00163869,-0.66250443,-0.00240412,-0.01098546,-0.99993676,1.91530979,0.06914020,0.99754494,-0.01112545,-0.74798667
4,1598298488016629500,1598298488016578300,0.99761921,-0.06895334,-0.00116122,-0.66261762,-0.00188373,-0.01041423,-0.99994397,1.91513276,0.06893739,0.99756557,-0.01051935,-0.74634814
4,1598298488025469900,1598298488025430700,0.99760705,-0.06913096,-0.00106693,-0.66262460,-0.00185564,-0.01134580,-0.99993390,1.91535485,0.06911430,0.99754310,-0.01144696,-0.74464989
4,1598298488034596600,1598298488034452600,0.99760550,-0.06914625,-0.00150184,-0.66278505,-0.00222396,-0.01036762,-0.99994379,1.91537976,0.06912678,0.99755269,-0.01049659,-0.74326587
4,1598298488043516200,1598298488043425700,0.99760348,-0.06918329,-0.00106642,-0.66272342,-0.00182277,-0.01087045,-0.99993926,1.91547334,0.06916749,0.99754483,-0.01097053,-0.74171793
4,1598298488052546700,1598298488052455200,0.99760336,-0.06916922,-0.00181240,-0.66258132,-0.00256074,-0.01073192,-0.99993914,1.91549218,0.06914559,0.99754727,-0.01088335,-0.74014366
4,1598298488061434400,1598298488061367200,0.99760473,-0.06915131,-0.00172642,-0.66306067,-0.00243534,-0.01016891,-0.99994534,1.91539931,0.06912994,0.99755442,-0.01031299,-0.73891556
4,1598298488070877000,1598298488070701700,0.99759883,-0.06924561,-0.00132658,-0.66291487,-0.00208661,-0.01090472,-0.99993837,1.91549098,0.06922689,0.99754012,-0.01102305,-0.73713696
4,1598298488079465100,1598298488079392100,0.99759901,-0.06923509,-0.00167637,-0.66270804,-0.00241990,-0.01065685,-0.99994028,1.91540098,0.06921309,0.99754357,-0.01079883,-0.73539209
4,1598298488088401000,1598298488088315600,0.99759382,-0.06931743,-0.00132543,-0.66308481,-0.00207440,-0.01073417,-0.99994022,1.91527843,0.06929907,0.99753696,-0.01085216,-0.73390162
4,1598298488097570400,1598298488097518400,0.99759316,-0.06932393,-0.00149360,-0.66313279,-0.00226704,-0.01107966,-0.99993604,1.91537380,0.06930301,0.99753273,-0.01121018,-0.73239481
4,1598298488116782000,1598298488116756600,0.99760485,-0.06915742,-0.00138066,-0.66318977,-0.00211740,-0.01058096,-0.99994177,1.91517818,0.06913874,0.99754971,-0.01070207,-0.72889709
4,1598298488126253800,1598298488126143200,0.99759734,-0.06925499,-0.00183407,-0.66321295,-0.00257403,-0.01059684,-0.99994051,1.91521943,0.06923148,0.99754274,-0.01074967,-0.72748578
4,1598298488134851000,1598298488134824700,0.99759424,-0.06930295,-0.00171986,-0.66331124,-0.00246954,-0.01073317,-0.99993932,1.91534734,0.06928033,0.99753797,-0.01087852,-0.72599304
4,1598298488144187200,1598298488144111200,0.99760526,-0.06915212,-0.00136902,-0.66326857,-0.00211937,-0.01077866,-0.99993962,1.91563284,0.06913319,0.99754792,-0.01089943,-0.72443080
4,1598298488152819900,1598298488152758100,0.99760181,-0.06918862,-0.00191351,-0.66325337,-0.00267074,-0.01085372,-0.99993753,1.91566503,0.06916350,0.99754465,-0.01101250,-0.72289419
4,1598298488161919500,1598298488161850400,0.99760401,-0.06916693,-0.00151973,-0.66348648,-0.00226192,-0.01065350,-0.99994069,1.91565764,0.06914660,0.99754834,-0.01078445,-0.72159421
4,1598298488170921700,1598298488170819800,0.99760598,-0.06913364,-0.00172009,-0.66351485,-0.00246747,-0.01072670,-0.99993938,1.91580713,0.06911099,0.99754977,-0.01087163,-0.72010231
4,1598298488179927000,1598298488179802300,0.99761289,-0.06903431,-0.00171198,-0.66359067,-0.00247190,-0.01092401,-0.99993724,1.91562891,0.06901127,0.99755454,-0.01106860,-0.71815634
4,1598298488188707700,1598298488188655700,0.99760199,-0.06918421,-0.00200498,-0.66374016,-0.00274431,-0.01059313,-0.99994010,1.91530597,0.06915882,0.99754775,-0.01075762,-0.71712077
4,1598298488201559200,1598298488201483800,0.99761188,-0.06905133,-0.00160493,-0.66401887,-0.00235892,-0.01083915,-0.99993849,1.91535652,0.06902969,0.99755430,-0.01097618,-0.71481645
4,1598298488210746700,1598298488210701600,0.99761152,-0.06905109,-0.00182014,-0.66392845,-0.00256878,-0.01075462,-0.99993885,1.91502142,0.06902727,0.99755526,-0.01090633,-0.71296179
4,1598298488219837800,1598298488219731200,0.99761313,-0.06902567,-0.00191464,-0.66399062,-0.00264989,-0.01056183,-0.99994069,1.91498423,0.06900138,0.99755907,-0.01071956,-0.71134102
4,1598298488228664500,1598298488228535800,0.99761331,-0.06902683,-0.00175580,-0.66417885,-0.00251006,-0.01084197,-0.99993807,1.91485167,0.06900349,0.99755597,-0.01098938,-0.70991135
4,1598298488238159000,1598298488238095800,0.99760824,-0.06909496,-0.00196708,-0.66431689,-0.00272057,-0.01081288,-0.99993783,1.91466033,0.06906936,0.99755156,-0.01097502,-0.70829606
4,1598298488247588300,1598298488247509700,0.99761194,-0.06904587,-0.00179253,-0.66458142,-0.00253506,-0.01066816,-0.99993986,1.91432500,0.06902257,0.99755645,-0.01081775,-0.70675623
4,1598298488256785900,1598298488256739000,0.99760699,-0.06910989,-0.00204781,-0.66441703,-0.00281346,-0.01098320,-0.99993569,1.91420245,0.06908295,0.99754864,-0.01115138,-0.70499563
4,1598298488265535900,1598298488265513800,0.99761498,-0.06899044,-0.00220594,-0.66426218,-0.00295456,-0.01075107,-0.99993783,1.91423810,0.06896242,0.99755943,-0.01092929,-0.70319641
4,1598298488274567400,1598298488274545500,0.99761367,-0.06901839,-0.00191719,-0.66451955,-0.00267308,-0.01086136,-0.99993742,1.91422391,0.06899327,0.99755627,-0.01101995,-0.70191729
4,1598298488283416300,1598298488283365600,0.99761063,-0.06905627,-0.00210243,-0.66431785,-0.00287456,-0.01108375,-0.99993443,1.91425252,0.06902844,0.99755126,-0.01125580,-0.70026374
4,1598298488292757100,1598298488292645400,0.99760765,-0.06909296,-0.00228389,-0.66421515,-0.00303756,-0.01080503,-0.99993700,1.91446233,0.06906390,0.99755180,-0.01098908,-0.69828260
4,1598298488301468300,1598298488301398500,0.99761158,-0.06904152,-0.00211371,-0.66429365,-0.00287418,-0.01091730,-0.99993628,1.91438293,0.06901404,0.99755412,-0.01108969,-0.69685674
4,1598298488310558000,1598298488310537700,0.99761713,-0.06895924,-0.00219036,-0.66436493,-0.00294568,-0.01085335,-0.99993676,1.91437411,0.06893113,0.99756050,-0.01103065,-0.69549775
4,1598298488319430100,1598298488319356900,0.99761617,-0.06896260,-0.00250736,-0.66435039,-0.00326869,-0.01092927,-0.99993491,1.91419077,0.06893069,0.99755943,-0.01112866,-0.69385636
4,1598298488328493600,1598298488328469300,0.99761260,-0.06902769,-0.00208159,-0.66457629,-0.00284546,-0.01096965,-0.99993575,1.91434717,0.06900042,0.99755448,-0.01113990,-0.69202971
4,1598298488337461300,1598298488337430100,0.99761492,-0.06898060,-0.00249647,-0.66446364,-0.00325153,-0.01083588,-0.99993598,1.91429758,0.06894910,0.99755919,-0.01103435,-0.69059873
4,1598298488346559400,1598298488346475400,0.99760592,-0.06911770,-0.00231323,-0.66459209,-0.00309000,-0.01113371,-0.99993324,1.91422904,0.06908730,0.99754649,-0.01132065,-0.68903363
4,1598298488355537600,1598298488355371400,0.99760854,-0.06908196,-0.00224211,-0.66450191,-0.00300367,-0.01092224,-0.99993581,1.91436613,0.06905305,0.99755120,-0.01110364,-0.68724787
4,1598298488364387400,1598298488364339100,0.99762261,-0.06887734,-0.00228982,-0.66455245,-0.00304444,-0.01085317,-0.99993646,1.91434956,0.06884813,0.99756616,-0.01103709,-0.68569911
4,1598298488373265600,1598298488373190400,0.99762082,-0.06890219,-0.00227988,-0.66462851,-0.00306639,-0.01131136,-0.99993134,1.91443634,0.06887171,0.99755937,-0.01149576,-0.68415606
4,1598298488382752000,1598298488382612800,0.99762493,-0.06884834,-0.00212217,-0.66434824,-0.00289071,-0.01106501,-0.99993461,1.91460526,0.06882036,0.99756581,-0.01123778,-0.68247199
4,1598298488391393400,1598298488391205500,0.99763012,-0.06876636,-0.00232939,-0.66440392,-0.00308113,-0.01082793,-0.99993664,1.91458559,0.06873679,0.99757409,-0.01101417,-0.68099892
4,1598298488400268100,1598298488400238900,0.99763417,-0.06871486,-0.00209479,-0.66441137,-0.00289347,-0.01152567,-0.99992937,1.91460776,0.06868589,0.99756980,-0.01169725,-0.67916739
4,1598298488409169500,1598298488409094700,0.99763143,-0.06874341,-0.00245475,-0.66440600,-0.00319933,-0.01072336,-0.99993736,1.91467249,0.06871277,0.99757683,-0.01091792,-0.67776096
4,1598298488418547300,1598298488418453600,0.99764526,-0.06855106,-0.00220058,-0.66449118,-0.00297439,-0.01118815,-0.99993294,1.91466808,0.06852183,0.99758494,-0.01136573,-0.67600799
4,1598298488427253900,1598298488427219900,0.99764705,-0.06852010,-0.00233944,-0.66458321,-0.00310186,-0.01102280,-0.99993443,1.91447556,0.06848982,0.99758893,-0.01120943,-0.67475498
4,1598298488436443700,1598298488436411400,0.99764830,-0.06850532,-0.00224312,-0.66476035,-0.00298998,-0.01080168,-0.99993718,1.91434658,0.06847680,0.99759233,-0.01098113,-0.67313325
4,1598298488445067700,1598298488445041900,0.99765271,-0.06844720,-0.00204433,-0.66483921,-0.00279941,-0.01093749,-0.99993622,1.91437292,0.06842047,0.99759483,-0.01110346,-0.67165315
4,1598298488454379600,1598298488454320600,0.99766129,-0.06831369,-0.00228033,-0.66489816,-0.00301325,-0.01062772,-0.99993896,1.91444731,0.06828532,0.99760735,-0.01080874,-0.67011297
4,1598298488463027600,1598298488462994000,0.99766201,-0.06830969,-0.00209288,-0.66513240,-0.00283789,-0.01081124,-0.99993753,1.91446388,0.06828278,0.99760562,-0.01097984,-0.66863847
4,1598298488472294800,1598298488472245100,0.99766666,-0.06824452,-0.00201210,-0.66503733,-0.00275688,-0.01082103,-0.99993765,1.91457987,0.06821847,0.99760997,-0.01098395,-0.66686368
4,1598298488480964800,1598298488480910200,0.99767196,-0.06815261,-0.00244961,-0.66501319,-0.00316887,-0.01044773,-0.99994040,1.91458189,0.06812295,0.99762028,-0.01063940,-0.66533184
4,1598298488490132500,1598298488490061300,0.99766511,-0.06826910,-0.00194960,-0.66519439,-0.00271294,-0.01109052,-0.99993479,1.91434407,0.06824306,0.99760532,-0.01124986,-0.66383255
4,1598298488498854700,1598298488498793900,0.99767357,-0.06813687,-0.00220476,-0.66521513,-0.00291444,-0.01031792,-0.99994248,1.91431832,0.06811023,0.99762267,-0.01049252,-0.66233003
4,1598298488508035500,1598298488507988700,0.99767041,-0.06818596,-0.00212317,-0.66532779,-0.00285912,-0.01069758,-0.99993867,1.91424704,0.06815904,0.99761534,-0.01086763,-0.66066027
4,1598298488516792100,1598298488516747200,0.99766845,-0.06822324,-0.00184653,-0.66528630,-0.00260575,-0.01104120,-0.99993563,1.91425395,0.06819847,0.99760902,-0.01119326,-0.65909290
4,1598298488525965300,1598298488525909300,0.99766707,-0.06822506,-0.00240048,-0.66530710,-0.00310205,-0.01017915,-0.99994338,1.91423118,0.06819674,0.99761808,-0.01036707,-0.65767562
4,1598298488534879800,1598298488534814300,0.99766970,-0.06820309,-0.00192723,-0.66526979,-0.00267520,-0.01087714,-0.99993724,1.91419208,0.06817782,0.99761224,-0.01103427,-0.65604007
4,1598298488543874000,1598298488543834800,0.99766988,-0.06818888,-0.00229100,-0.66515464,-0.00301555,-0.01052463,-0.99994004,1.91400707,0.06816068,0.99761695,-0.01070576,-0.65430760
4,1598298488552776500,1598298488552723100,0.99767071,-0.06817487,-0.00234029,-0.66539854,-0.00307158,-0.01062395,-0.99993885,1.91392255,0.06814584,0.99761689,-0.01080863,-0.65271664
4,1598298488561911200,1598298488561850100,0.99767649,-0.06810263,-0.00196108,-0.66551852,-0.00268834,-0.01058889,-0.99994034,1.91390872,0.06807780,0.99762219,-0.01074739,-0.65116906
4,1598298488570761000,1598298488570699900,0.99767494,-0.06811327,-0.00233168,-0.66544455,-0.00304652,-0.01039302,-0.99994135,1.91386640,0.06808504,0.99762356,-0.01057640,-0.64958477
4,1598298488579927400,1598298488579799700,0.99767113,-0.06817776,-0.00205452,-0.66577482,-0.00278895,-0.01067880,-0.99993908,1.91391289,0.06815168,0.99761605,-0.01084410,-0.64825201
4,1598298488588637900,1598298488588595800,0.99767077,-0.06818146,-0.00212983,-0.66579247,-0.00285407,-0.01052657,-0.99994051,1.91393209,0.06815502,0.99761748,-0.01069667,-0.64680386
4,1598298488597764100,1598298488597725000,0.99768013,-0.06803975,-0.00224658,-0.66588300,-0.00293886,-0.01007626,-0.99994493,1.91382003,0.06801337,0.99763179,-0.01025287,-0.64516711
4,1598298488606676700,1598298488606628500,0.99767405,-0.06813982,-0.00188278,-0.66605800,-0.00263080,-0.01088974,-0.99993724,1.91387701,0.06811503,0.99761641,-0.01104370,-0.64377010
4,1598298488615674800,1598298488615616600,0.99767667,-0.06808093,-0.00253274,-0.66598332,-0.00322324,-0.01003457,-0.99994445,1.91380310,0.06805173,0.99762940,-0.01023072,-0.64229023
4,1598298488624639700,1598298488624602000,0.99767113,-0.06818151,-0.00191085,-0.66613668,-0.00262100,-0.01032771,-0.99994320,1.91372478,0.06815791,0.99761951,-0.01048239,-0.64075136
4,1598298488633719400,1598298488633601500,0.99767184,-0.06816441,-0.00213974,-0.66609943,-0.00285960,-0.01046494,-0.99994111,1.91376281,0.06813803,0.99761927,-0.01063552,-0.63916850
4,1598298488642567200,1598298488642466800,0.99766546,-0.06825009,-0.00238100,-0.66608632,-0.00307868,-0.01011902,-0.99994403,1.91361356,0.06822219,0.99761701,-0.01030554,-0.63766944
4,1598298488651486700,1598298488651455800,0.99767101,-0.06818146,-0.00199874,-0.66610575,-0.00270254,-0.01023176,-0.99994397,1.91352916,0.06815723,0.99762052,-0.01039222,-0.63600814
4,1598298488660538800,1598298488660419000,0.99766564,-0.06825343,-0.00219198,-0.66600108,-0.00290197,-0.01030490,-0.99994266,1.91372907,0.06822693,0.99761486,-0.01047894,-0.63441670
4,1598298488669772200,1598298488669678500,0.99766093,-0.06831887,-0.00232695,-0.66613090,-0.00305394,-0.01053879,-0.99993980,1.91356456,0.06829023,0.99760789,-0.01072280,-0.63273263
4,1598298488678275400,1598298488678245300,0.99765998,-0.06834099,-0.00204307,-0.66624975,-0.00275505,-0.01032550,-0.99994290,1.91351461,0.06831601,0.99760860,-0.01048964,-0.63138521
4,1598298488687525600,1598298488687478700,0.99765897,-0.06834230,-0.00244645,-0.66633093,-0.00314600,-0.01013026,-0.99994373,1.91369534,0.06831369,0.99761057,-0.01032158,-0.62976956
4,1598298488696288500,1598298488696247500,0.99766296,-0.06829876,-0.00198730,-0.66654950,-0.00270720,-0.01044966,-0.99994171,1.91358542,0.06827402,0.99761021,-0.01061016,-0.62820542
4,1598298488705417600,1598298488705362900,0.99765402,-0.06842244,-0.00223261,-0.66660452,-0.00294822,-0.01035954,-0.99994200,1.91353059,0.06839535,0.99760270,-0.01053699,-0.62677395
4,1598298488714228200,1598298488714145900,0.99765038,-0.06846836,-0.00243553,-0.66667384,-0.00314040,-0.01018914,-0.99994314,1.91345179,0.06843963,0.99760133,-0.01038025,-0.62522399
4,1598298488723465200,1598298488723351200,0.99765074,-0.06846735,-0.00230267,-0.66662550,-0.00302547,-0.01045515,-0.99994075,1.91352987,0.06843925,0.99759865,-0.01063776,-0.62352169
4,1598298488732089300,1598298488732047700,0.99765295,-0.06842813,-0.00252315,-0.66672951,-0.00323348,-0.01027204,-0.99994200,1.91346478,0.06839821,0.99760318,-0.01046922,-0.62191749
4,1598298488741335900,1598298488741245000,0.99765170,-0.06844556,-0.00252090,-0.66689944,-0.00323569,-0.01033442,-0.99994135,1.91329193,0.06841549,0.99760139,-0.01053164,-0.62045407
4,1598298488750241400,1598298488750211200,0.99765170,-0.06844914,-0.00242226,-0.66681814,-0.00313970,-0.01037578,-0.99994123,1.91319466,0.06841999,0.99760067,-0.01056635,-0.61879563
4,1598298488759212200,1598298488759097700,0.99764884,-0.06849003,-0.00246063,-0.66663408,-0.00318629,-0.01048800,-0.99993992,1.91330540,0.06846008,0.99759674,-0.01068160,-0.61705804
4,1598298488768128100,1598298488768083900,0.99764961,-0.06847727,-0.00248949,-0.66677654,-0.00322207,-0.01058988,-0.99993873,1.91322088,0.06844673,0.99759650,-0.01078565,-0.61539876
4,1598298488777126500,1598298488777069500,0.99764830,-0.06849366,-0.00257792,-0.66695422,-0.00329804,-0.01040277,-0.99994045,1.91318810,0.06846276,0.99759734,-0.01060423,-0.61408961
4,1598298488786098300,1598298488785983800,0.99765730,-0.06837106,-0.00235638,-0.66698426,-0.00307363,-0.01038732,-0.99994129,1.91328526,0.06834254,0.99760592,-0.01057316,-0.61242807
4,1598298488795088600,1598298488795032300,0.99765480,-0.06839734,-0.00261019,-0.66697145,-0.00333546,-0.01049186,-0.99993938,1.91330004,0.06836578,0.99760306,-0.01069542,-0.61072516
4,1598298488804068300,1598298488803973900,0.99765581,-0.06838214,-0.00261906,-0.66720593,-0.00333384,-0.01034076,-0.99994099,1.91323018,0.06835100,0.99760568,-0.01054452,-0.60940719
4,1598298488813002100,1598298488812926800,0.99765503,-0.06839821,-0.00250957,-0.66716146,-0.00322952,-0.01041726,-0.99994051,1.91306734,0.06836796,0.99760377,-0.01061375,-0.60780323
4,1598298488821837000,1598298488821774700,0.99765241,-0.06843337,-0.00257439,-0.66714793,-0.00328752,-0.01031023,-0.99994141,1.91320312,0.06840280,0.99760246,-0.01051103,-0.60613120
4,1598298488831028800,1598298488830996400,0.99764705,-0.06851506,-0.00248474,-0.66725612,-0.00320735,-0.01043873,-0.99994034,1.91288483,0.06848505,0.99759555,-0.01063394,-0.60447788
4,1598298488839851500,1598298488839795800,0.99764818,-0.06848517,-0.00282920,-0.66735280,-0.00354620,-0.01035017,-0.99994016,1.91290522,0.06845182,0.99759847,-0.01056872,-0.60307693
4,1598298488849021800,1598298488848969100,0.99764997,-0.06846228,-0.00273191,-0.66717142,-0.00343940,-0.01021832,-0.99994189,1.91273475,0.06843039,0.99760145,-0.01042980,-0.60144746
4,1598298488857892900,1598298488857846700,0.99763834,-0.06863132,-0.00275529,-0.66725242,-0.00349119,-0.01060491,-0.99993765,1.91314018,0.06859782,0.99758577,-0.01081950,-0.59960806
4,1598298488866899300,1598298488866880100,0.99763936,-0.06861639,-0.00275619,-0.66730583,-0.00348567,-0.01051390,-0.99993867,1.91296983,0.06858319,0.99758774,-0.01072828,-0.59793174
4,1598298488875724900,1598298488875671800,0.99764073,-0.06859374,-0.00282973,-0.66763669,-0.00356634,-0.01061868,-0.99993724,1.91307950,0.06855938,0.99758816,-0.01083828,-0.59677517
4,1598298488884813200,1598298488884758700,0.99764383,-0.06854889,-0.00281691,-0.66738939,-0.00353243,-0.01031932,-0.99994051,1.91329074,0.06851578,0.99759448,-0.01053717,-0.59514153
4,1598298488893708000,1598298488893649800,0.99764287,-0.06856045,-0.00286597,-0.66747320,-0.00358769,-0.01040595,-0.99993938,1.91316319,0.06852648,0.99759275,-0.01062742,-0.59357190
4,1598298488902865900,1598298488902779900,0.99764383,-0.06855354,-0.00270959,-0.66762006,-0.00343107,-0.01040887,-0.99993992,1.91311395,0.06852123,0.99759316,-0.01061959,-0.59219754
4,1598298488911672700,1598298488911607800,0.99764687,-0.06849927,-0.00294209,-0.66762602,-0.00365634,-0.01030407,-0.99994022,1.91314101,0.06846488,0.99759799,-0.01053030,-0.59074628
4,1598298488920753000,1598298488920706800,0.99766445,-0.06825203,-0.00273069,-0.66767693,-0.00344433,-0.01034049,-0.99994057,1.91308022,0.06821972,0.99761456,-0.01055145,-0.58922791
4,1598298488929596800,1598298488929527300,0.99766922,-0.06817317,-0.00295540,-0.66777670,-0.00367266,-0.01039834,-0.99993920,1.91318631,0.06813833,0.99761939,-0.01062450,-0.58764744
4,1598298488938770600,1598298488938687600,0.99765921,-0.06832185,-0.00288098,-0.66793364,-0.00358854,-0.01023591,-0.99994117,1.91319549,0.06828839,0.99761087,-0.01045716,-0.58615935
4,1598298488947810500,1598298488947732300,0.99767196,-0.06814098,-0.00274876,-0.66778487,-0.00347915,-0.01060249,-0.99993771,1.91310179,0.06810763,0.99761945,-0.01081490,-0.58444107
4,1598298488957015100,1598298488956938600,0.99768299,-0.06796649,-0.00304711,-0.66802901,-0.00374239,-0.01010497,-0.99994195,1.91317225,0.06793174,0.99763644,-0.01033594,-0.58304536
4,1598298488965714000,1598298488965659800,0.99769819,-0.06775409,-0.00281414,-0.66802132,-0.00352774,-0.01041493,-0.99993950,1.91308606,0.06772068,0.99764776,-0.01063000,-0.58138859
4,1598298488974804000,1598298488974753300,0.99769962,-0.06772292,-0.00302372,-0.66808879,-0.00372420,-0.01021958,-0.99994081,1.91307724,0.06768799,0.99765188,-0.01044831,-0.57981527
4,1598298488983716400,1598298488983643800,0.99770051,-0.06770849,-0.00307772,-0.66788864,-0.00377478,-0.01016961,-0.99994117,1.91297436,0.06767324,0.99765342,-0.01040183,-0.57815802
4,1598298488992895300,1598298488992815100,0.99769831,-0.06775406,-0.00275555,-0.66804016,-0.00346484,-0.01035331,-0.99994040,1.91306698,0.06772152,0.99764842,-0.01056427,-0.57661963
4,1598298489001680500,1598298489001605600,0.99769956,-0.06771776,-0.00315292,-0.66810429,-0.00385509,-0.01024098,-0.99994010,1.91305888,0.06768143,0.99765199,-0.01047851,-0.57498753
4,1598298489010840400,1598298489010752300,0.99770516,-0.06764540,-0.00294548,-0.66823602,-0.00367210,-0.01061989,-0.99993688,1.91305232,0.06760985,0.99765295,-0.01084394,-0.57337368
4,1598298489019643400,1598298489019527900,0.99771017,-0.06756559,-0.00306444,-0.66812634,-0.00377627,-0.01041030,-0.99993867,1.91301346,0.06752956,0.99766058,-0.01064163,-0.57179618
4,1598298489028649000,1598298489028579500,0.99770838,-0.06758434,-0.00324100,-0.66813630,-0.00393836,-0.01018783,-0.99994034,1.91302466,0.06754729,0.99766159,-0.01043069,-0.57017612
4,1598298489037591900,1598298489037460500,0.99771523,-0.06749937,-0.00289092,-0.66843665,-0.00360909,-0.01052011,-0.99993813,1.91306233,0.06746480,0.99766397,-0.01073971,-0.56858599
4,1598298489047274500,1598298489047218400,0.99770737,-0.06758758,-0.00346683,-0.66821617,-0.00415326,-0.01001842,-0.99994117,1.91314125,0.06754890,0.99766314,-0.01027619,-0.56686509
4,1598298489056057500,1598298489055948200,0.99770737,-0.06760737,-0.00304785,-0.66821909,-0.00375249,-0.01029810,-0.99993992,1.91303229,0.06757194,0.99765891,-0.01052821,-0.56551337
4,1598298489065089700,1598298489064982000,0.99771190,-0.06754589,-0.00294367,-0.66846943,-0.00364052,-0.01019599,-0.99994135,1.91296279,0.06751192,0.99766415,-0.01041859,-0.56398201
4,1598298489074039500,1598298489073967900,0.99771237,-0.06752482,-0.00324199,-0.66841382,-0.00394468,-0.01027573,-0.99993938,1.91272259,0.06748748,0.99766475,-0.01051861,-0.56219673
4,1598298489082929900,1598298489082872200,0.99770939,-0.06756374,-0.00334784,-0.66828108,-0.00404309,-0.01015625,-0.99994022,1.91269994,0.06752574,0.99766332,-0.01040618,-0.56060612
4,1598298489091860100,1598298489091795000,0.99771160,-0.06753585,-0.00324877,-0.66838706,-0.00393901,-0.01008976,-0.99994135,1.91258883,0.06749910,0.99766588,-0.01033272,-0.55917966
4,1598298489100935100,1598298489100883000,0.99771059,-0.06756464,-0.00296336,-0.66839808,-0.00365490,-0.01011401,-0.99994218,1.91262436,0.06753078,0.99766374,-0.01033782,-0.55744123
4,1598298489109748700,1598298489109695200,0.99770641,-0.06760380,-0.00342941,-0.66825879,-0.00412903,-0.01021193,-0.99993932,1.91238832,0.06756470,0.99766004,-0.01046767,-0.55576193
4,1598298489118911300,1598298489118856000,0.99771249,-0.06752101,-0.00329604,-0.66840696,-0.00398939,-0.01013646,-0.99994063,1.91234469,0.06748360,0.99766642,-0.01038267,-0.55416882
4,1598298489127816700,1598298489127758100,0.99771237,-0.06752163,-0.00330632,-0.66830575,-0.00401083,-0.01030110,-0.99993891,1.91231000,0.06748340,0.99766469,-0.01054838,-0.55241120
4,1598298489137018300,1598298489136993400,0.99770963,-0.06756815,-0.00318781,-0.66842115,-0.00388144,-0.01013696,-0.99994105,1.91223776,0.06753185,0.99766326,-0.01037603,-0.55086780
4,1598298489145703400,1598298489145642800,0.99770582,-0.06761545,-0.00337185,-0.66853184,-0.00406628,-0.01013536,-0.99994034,1.91227984,0.06757724,0.99766004,-0.01038708,-0.54952240
4,1598298489154804000,1598298489154750800,0.99769795,-0.06773022,-0.00338418,-0.66858768,-0.00408340,-0.01018786,-0.99993974,1.91236448,0.06769165,0.99765170,-0.01044101,-0.54791975
4,1598298489163649200,1598298489163563300,0.99769121,-0.06782830,-0.00340277,-0.66866195,-0.00411000,-0.01028990,-0.99993861,1.91217971,0.06778914,0.99764407,-0.01054495,-0.54623318
4,1598298489172775100,1598298489172682900,0.99769163,-0.06781167,-0.00360926,-0.66878879,-0.00430949,-0.01018270,-0.99993885,1.91205060,0.06777078,0.99764621,-0.01045145,-0.54476595
4,1598298489181685100,1598298489181568600,0.99768770,-0.06788227,-0.00336916,-0.66883326,-0.00406680,-0.01014168,-0.99994028,1.91200948,0.06784403,0.99764186,-0.01039432,-0.54327333
4,1598298489190844700,1598298489190677300,0.99768209,-0.06795919,-0.00348197,-0.66880691,-0.00417818,-0.01010502,-0.99994022,1.91199040,0.06791994,0.99763703,-0.01036557,-0.54158223
4,1598298489199529200,1598298489199489100,0.99768603,-0.06790498,-0.00341752,-0.66889822,-0.00411172,-0.01008601,-0.99994069,1.91181421,0.06786647,0.99764085,-0.01034190,-0.54009891
4,1598298489208664000,1598298489208604800,0.99767649,-0.06804138,-0.00349681,-0.66910166,-0.00418997,-0.01004731,-0.99994075,1.91177368,0.06800222,0.99763203,-0.01030908,-0.53885508
4,1598298489217682400,1598298489217466200,0.99767280,-0.06808826,-0.00361665,-0.66914368,-0.00431418,-0.01010026,-0.99993968,1.91173267,0.06804758,0.99762821,-0.01037052,-0.53735149
4,1598298489226682200,1598298489226576800,0.99766749,-0.06816736,-0.00358600,-0.66906244,-0.00429442,-0.01024880,-0.99993825,1.91193640,0.06812638,0.99762130,-0.01051766,-0.53546190
4,1598298489235517100,1598298489235413000,0.99766767,-0.06815839,-0.00371607,-0.66911852,-0.00442635,-0.01027308,-0.99993742,1.91199124,0.06811592,0.99762166,-0.01055084,-0.53374374
4,1598298489244674600,1598298489244630700,0.99766457,-0.06821853,-0.00341215,-0.66930342,-0.00411376,-0.01014699,-0.99994004,1.91221011,0.06817985,0.99761891,-0.01040395,-0.53253233
4,1598298489253569200,1598298489253528000,0.99765909,-0.06829152,-0.00356514,-0.66932744,-0.00426572,-0.01011575,-0.99993974,1.91230953,0.06825137,0.99761420,-0.01038341,-0.53101099
4,1598298489262602100,1598298489262564400,0.99766660,-0.06818348,-0.00352251,-0.66940790,-0.00421363,-0.00999520,-0.99994117,1.91230917,0.06814426,0.99762279,-0.01025921,-0.52938735
4,1598298489271359100,1598298489271294500,0.99766511,-0.06820011,-0.00362546,-0.66937089,-0.00433065,-0.01019513,-0.99993861,1.91224158,0.06815898,0.99761963,-0.01046670,-0.52767193
4,1598298489280626900,1598298489280523600,0.99766827,-0.06814277,-0.00385299,-0.66931248,-0.00454759,-0.01004117,-0.99993920,1.91224480,0.06809992,0.99762511,-0.01032767,-0.52608645
4,1598298489289586500,1598298489289415700,0.99766469,-0.06820008,-0.00375319,-0.66936463,-0.00445609,-0.01015725,-0.99993849,1.91224289,0.06815779,0.99761999,-0.01043747,-0.52460051
4,1598298489298561000,1598298489298531800,0.99766934,-0.06813705,-0.00367011,-0.66941696,-0.00435192,-0.00986076,-0.99994189,1.91218245,0.06809688,0.99762726,-0.01013433,-0.52317572
4,1598298489307334800,1598298489307218500,0.99767685,-0.06803483,-0.00350330,-0.66926819,-0.00419919,-0.01008824,-0.99994028,1.91198099,0.06799546,0.99763197,-0.01035052,-0.52110624
4,1598298489316419400,1598298489316367000,0.99767119,-0.06808484,-0.00409131,-0.66937375,-0.00479861,-0.01022838,-0.99993616,1.91188025,0.06803864,0.99762720,-0.01053130,-0.51955712
4,1598298489325222300,1598298489325167100,0.99767464,-0.06806204,-0.00359169,-0.66961730,-0.00426693,-0.00977815,-0.99994308,1.91178012,0.06802306,0.99763322,-0.01004585,-0.51817572
4,1598298489334352800,1598298489334316800,0.99767286,-0.06808701,-0.00361741,-0.66967517,-0.00432722,-0.01028055,-0.99993777,1.91165018,0.06804559,0.99762648,-0.01055128,-0.51641595
4,1598298489343396800,1598298489343318600,0.99767029,-0.06812483,-0.00361819,-0.66983575,-0.00430680,-0.00996394,-0.99994105,1.91173327,0.06808481,0.99762714,-0.01023415,-0.51512003
4,1598298489352209700,1598298489352169700,0.99766421,-0.06820467,-0.00378770,-0.67003191,-0.00448598,-0.01008774,-0.99993902,1.91180098,0.06816232,0.99762034,-0.01037016,-0.51356268
4,1598298489361117200,1598298489361083500,0.99766856,-0.06815532,-0.00352280,-0.67015570,-0.00421658,-0.01003833,-0.99994069,1.91172957,0.06811592,0.99762428,-0.01030234,-0.51204491
4,1598298489370228900,1598298489370152400,0.99766654,-0.06816959,-0.00380433,-0.67023480,-0.00449651,-0.01000318,-0.99993986,1.91160929,0.06812745,0.99762368,-0.01028639,-0.51049936
4,1598298489379048200,1598298489379017700,0.99767989,-0.06798291,-0.00363793,-0.67041302,-0.00432408,-0.00994856,-0.99994117,1.91167855,0.06794274,0.99763691,-0.01021947,-0.50909770
4,1598298489388178100,1598298489388115300,0.99766713,-0.06815362,-0.00392958,-0.67019331,-0.00462902,-0.01010797,-0.99993819,1.91163659,0.06810969,0.99762368,-0.01039990,-0.50745630
4,1598298489397017000,1598298489396966100,0.99767172,-0.06809273,-0.00382209,-0.67025900,-0.00449370,-0.00971270,-0.99994272,1.91172338,0.06805170,0.99763179,-0.00999610,-0.50580096
4,1598298489406107700,1598298489406055500,0.99767691,-0.06801188,-0.00391430,-0.67025638,-0.00461036,-0.01008056,-0.99993855,1.91167259,0.06796825,0.99763370,-0.01037073,-0.50430942
4,1598298489415059800,1598298489414950200,0.99768049,-0.06795099,-0.00404195,-0.67019081,-0.00471553,-0.00975541,-0.99994129,1.91158605,0.06790754,0.99764097,-0.01005323,-0.50274074
4,1598298489424089000,1598298489424031700,0.99768341,-0.06791541,-0.00392587,-0.67026234,-0.00459592,-0.00971255,-0.99994224,1.91148162,0.06787336,0.99764389,-0.01000221,-0.50108969
4,1598298489432899400,1598298489432832200,0.99769151,-0.06780338,-0.00380898,-0.67082268,-0.00451246,-0.01022521,-0.99993753,1.91132319,0.06776017,0.99764633,-0.01050759,-0.49957871
4,1598298489442064100,1598298489442024800,0.99767041,-0.06810263,-0.00398781,-0.67086184,-0.00465003,-0.00956822,-0.99994338,1.91144419,0.06806061,0.99763250,-0.00986264,-0.49824715
4,1598298489450917500,1598298489450872100,0.99767053,-0.06810209,-0.00395311,-0.67055047,-0.00465300,-0.01012162,-0.99993795,1.91128778,0.06805786,0.99762708,-0.01041494,-0.49659693
4,1598298489459985500,1598298489459960700,0.99768162,-0.06793064,-0.00411092,-0.67068803,-0.00476468,-0.00946486,-0.99994385,1.91143966,0.06788793,0.99764520,-0.00976661,-0.49498773
4,1598298489468849600,1598298489468745000,0.99767965,-0.06796235,-0.00406483,-0.67076600,-0.00474776,-0.00989017,-0.99993980,1.91134155,0.06791803,0.99763894,-0.01018992,-0.49359584
4,1598298489477959300,1598298489477901600,0.99767709,-0.06800893,-0.00390774,-0.67096949,-0.00458310,-0.00977746,-0.99994171,1.91151726,0.06796676,0.99763685,-0.01006646,-0.49229455
4,1598298489486761000,1598298489486704600,0.99767506,-0.06798285,-0.00477662,-0.67062283,-0.00542778,-0.00939691,-0.99994111,1.91140234,0.06793401,0.99764234,-0.00974409,-0.49072361
4,1598298489495973200,1598298489495881600,0.99767965,-0.06798130,-0.00373711,-0.67073011,-0.00444230,-0.01022516,-0.99993783,1.91142416,0.06793886,0.99763429,-0.01050345,-0.48873830
4,1598298489504737500,1598298489504677900,0.99767852,-0.06797048,-0.00420811,-0.67080104,-0.00486776,-0.00954238,-0.99994260,1.91138780,0.06792644,0.99764180,-0.00985112,-0.48750496
4,1598298489513909700,1598298489513859600,0.99767584,-0.06801730,-0.00408865,-0.67087221,-0.00476675,-0.00981026,-0.99994051,1.91131091,0.06797317,0.99763596,-0.01011171,-0.48594964
4,1598298489522663900,1598298489522632400,0.99767190,-0.06807813,-0.00401345,-0.67092025,-0.00469390,-0.00983824,-0.99994057,1.91137469,0.06803462,0.99763155,-0.01013492,-0.48434305
4,1598298489531787700,1598298489531730700,0.99767065,-0.06805569,-0.00467347,-0.67102975,-0.00532973,-0.00946473,-0.99994099,1.91116524,0.06800744,0.99763668,-0.00980543,-0.48262274
