4,1598294978078233200,1598294978078184300,0.07252395,0.99710453,0.02287002,0.08576441,0.00093463,0.02286247,-0.99973816,1.88955045,-0.99736631,0.07252634,0.00072614,1.02043915
4,1598294978087425600,1598294978087364200,0.07251281,0.99709958,0.02311665,0.08748424,0.00121414,0.02308942,-0.99973267,1.88921511,-0.99736679,0.07252154,0.00046365,1.02283812
4,1598294978096386600,1598294978096344100,0.07273340,0.99708259,0.02315718,0.08981693,0.00087739,0.02315471,-0.99973148,1.88932538,-0.99735111,0.07273421,0.00080928,1.01982188
4,1598294978105544300,1598294978105413000,0.07268730,0.99707758,0.02351439,0.09202981,0.00113653,0.02349395,-0.99972332,1.88937259,-0.99735427,0.07269391,0.00057449,1.01967454
4,1598294978114175600,1598294978114118400,0.07289326,0.99706519,0.02340247,0.09415615,0.00092265,0.02339749,-0.99972582,1.88965273,-0.99733937,0.07289490,0.00078556,1.02029228
4,1598294978123395000,1598294978123342800,0.07298547,0.99706173,0.02326135,0.09640193,0.00085578,0.02326095,-0.99972904,1.88965940,-0.99733269,0.07298562,0.00084443,1.01996493
4,1598294978132317600,1598294978132190700,0.07288322,0.99706203,0.02356951,0.09872222,0.00094791,0.02356311,-0.99972188,1.88975358,-0.99734008,0.07288530,0.00077222,1.01948977
4,1598294978141293600,1598294978141236900,0.07317966,0.99704874,0.02320889,0.10075676,0.00075332,0.02321604,-0.99973017,1.88950443,-0.99731863,0.07317743,0.00094783,1.02059674
4,1598294978150209200,1598294978150139400,0.07309264,0.99704665,0.02357170,0.10269630,0.00079189,0.02357690,-0.99972171,1.88957071,-0.99732494,0.07309097,0.00093373,1.02046657
4,1598294978159344600,1598294978159236900,0.07307309,0.99704605,0.02365852,0.10499060,0.00082241,0.02366171,-0.99971968,1.88956714,-0.99732637,0.07307208,0.00090904,1.01865005
4,1598294978168110800,1598294978168048400,0.07323861,0.99703550,0.02358967,0.10708725,0.00092657,0.02358517,-0.99972141,1.88944316,-0.99731404,0.07324007,0.00080351,1.01956391
4,1598294978177162300,1598294978177119100,0.07279384,0.99706799,0.02359352,0.10938632,0.00082186,0.02359632,-0.99972123,1.88970518,-0.99734670,0.07279298,0.00089820,1.01797652
4,1598294978186080200,1598294978185974800,0.07315490,0.99704146,0.02359871,0.11155570,0.00057926,0.02361965,-0.99972081,1.88977349,-0.99732047,0.07314813,0.00115033,1.01807332
4,1598294978195125800,1598294978195070900,0.07281354,0.99706185,0.02379016,0.11353254,0.00111270,0.02377227,-0.99971676,1.88953781,-0.99734503,0.07281938,0.00062149,1.01927137
4,1598294978203964300,1598294978203919100,0.07261419,0.99708205,0.02355383,0.11551690,0.00047086,0.02358192,-0.99972177,1.88942695,-0.99736011,0.07260510,0.00124288,1.02105165
4,1598294978213090200,1598294978213057200,0.07280520,0.99706465,0.02369827,0.11766708,0.00093696,0.02369296,-0.99971884,1.88940001,-0.99734581,0.07280695,0.00079075,1.02135754
4,1598294978221981100,1598294978221957700,0.07238451,0.99709713,0.02361916,0.11993313,0.00053093,0.02364277,-0.99972034,1.88920701,-0.99737674,0.07237682,0.00118197,1.02535224
4,1598294978231018400,1598294978230955900,0.07232207,0.99709320,0.02397352,0.12244189,0.00089493,0.02397160,-0.99971223,1.88938379,-0.99738097,0.07232276,0.00084134,1.02137017
4,1598294978239824200,1598294978239790100,0.07283399,0.99707603,0.02312548,0.12485087,0.00068040,0.02313740,-0.99973208,1.88993287,-0.99734390,0.07283020,0.00100677,1.01790905
4,1598294978249052600,1598294978249010400,0.07286146,0.99706513,0.02350541,0.12710786,0.00079584,0.02350994,-0.99972326,1.89000738,-0.99734181,0.07286003,0.00091946,1.01812458
4,1598294978257867400,1598294978257808400,0.07273334,0.99707168,0.02362465,0.12929296,0.00050886,0.02365030,-0.99972016,1.88991416,-0.99735129,0.07272503,0.00121278,1.01998019
4,1598294978267147700,1598294978267060400,0.07270268,0.99707294,0.02366510,0.13162136,0.00071248,0.02367599,-0.99971944,1.89008522,-0.99735349,0.07269916,0.00101090,1.01919007
4,1598294978275898200,1598294978275688500,0.07272485,0.99707568,0.02347868,0.13371444,0.00039355,0.02351234,-0.99972343,1.88990176,-0.99735200,0.07271400,0.00131752,1.01983953
4,1598294978284904000,1598294978284860900,0.07286918,0.99706453,0.02350629,0.13616729,0.00070172,0.02351770,-0.99972314,1.88994801,-0.99734128,0.07286555,0.00101404,1.01994920
4,1598294978293861800,1598294978293733800,0.07280257,0.99706817,0.02355685,0.13836443,0.00042851,0.02358828,-0.99972165,1.89010978,-0.99734634,0.07279241,0.00129002,1.01967454
4,1598294978302861300,1598294978302810300,0.07290161,0.99705577,0.02377636,0.14050388,0.00031848,0.02381653,-0.99971628,1.88996458,-0.99733913,0.07288852,0.00141871,1.02084684
4,1598294978311682200,1598294978311634900,0.07301730,0.99705386,0.02349815,0.14259124,0.00064697,0.02351370,-0.99972332,1.88978577,-0.99733049,0.07301232,0.00107183,1.02175260
4,1598294978320801700,1598294978320776100,0.07303390,0.99705344,0.02346583,0.14485765,0.00041499,0.02349830,-0.99972379,1.88981116,-0.99732941,0.07302347,0.00130239,1.02232623
4,1598294978329695800,1598294978329604300,0.07316375,0.99704033,0.02361662,0.14686227,0.00053503,0.02364085,-0.99972034,1.88952613,-0.99731994,0.07315594,0.00119620,1.02428675
4,1598294978338754500,1598294978338731500,0.07329237,0.99704212,0.02314009,0.14900863,0.00038898,0.02317393,-0.99973136,1.88981152,-0.99731040,0.07328168,0.00131063,1.02338958
4,1598294978347701200,1598294978347615100,0.07334337,0.99704063,0.02304113,0.15200460,0.00023465,0.02308612,-0.99973345,1.88986695,-0.99730676,0.07332924,0.00145925,1.02458167
4,1598294978356707900,1598294978356685600,0.07337210,0.99703163,0.02333680,0.15439487,0.00030662,0.02337733,-0.99972665,1.89006567,-0.99730468,0.07335925,0.00140952,1.02334690
4,1598294978365699000,1598294978365606500,0.07316703,0.99705422,0.02301534,0.15674138,0.00025242,0.02305870,-0.99973404,1.88986349,-0.99731970,0.07315338,0.00143545,1.02252412
4,1598294978374668500,1598294978374640000,0.07332236,0.99703914,0.02317251,0.15888822,0.00014100,0.02322470,-0.99973023,1.89022243,-0.99730837,0.07330585,0.00156229,1.02184868
4,1598294978383547000,1598294978383449000,0.07327068,0.99704266,0.02318319,0.16120696,0.00027207,0.02322571,-0.99973017,1.89033830,-0.99731213,0.07325721,0.00143048,1.02175570
4,1598294978392682400,1598294978392593400,0.07332030,0.99703670,0.02328232,0.16346312,0.00010505,0.02333745,-0.99972761,1.89040673,-0.99730855,0.07330278,0.00160636,1.02186131
4,1598294978401503700,1598294978401447000,0.07328218,0.99703532,0.02345963,0.16560400,0.00013472,0.02351299,-0.99972349,1.89024782,-0.99731129,0.07326514,0.00158875,1.02280307
4,1598294978410589300,1598294978410505900,0.07335463,0.99703813,0.02311212,0.16799355,0.00009081,0.02316789,-0.99973160,1.89026880,-0.99730593,0.07333711,0.00160892,1.02241564
4,1598294978419450700,1598294978419337400,0.07332924,0.99703395,0.02336996,0.16998839,0.00029570,0.02341132,-0.99972588,1.89020061,-0.99730778,0.07331607,0.00142190,1.02364564
4,1598294978428537600,1598294978428472200,0.07332939,0.99703473,0.02333957,0.17217958,0.00018835,0.02338875,-0.99972641,1.89026427,-0.99730778,0.07331371,0.00152728,1.02426767
4,1598294978437494900,1598294978437455500,0.07329097,0.99703294,0.02353399,0.17429471,0.00006195,0.02359291,-0.99972165,1.88998914,-0.99731064,0.07327208,0.00166737,1.02473235
4,1598294978446537700,1598294978446477100,0.07298031,0.99706185,0.02327626,0.17646253,0.00054758,0.02329845,-0.99972838,1.89015520,-0.99733329,0.07297322,0.00115434,1.02433705
4,1598294978455314100,1598294978455246200,0.07332015,0.99703795,0.02322970,0.17881095,-0.00002528,0.02329427,-0.99972862,1.89007092,-0.99730849,0.07329968,0.00173313,1.02515125
4,1598294978464481800,1598294978464403100,0.07301050,0.99704599,0.02385218,0.18082833,0.00052902,0.02387731,-0.99971473,1.88989675,-0.99733102,0.07300228,0.00121582,1.02681732
4,1598294978473271100,1598294978473227200,0.07274657,0.99708599,0.02297110,0.18324399,0.00005316,0.02302827,-0.99973482,1.89012361,-0.99735051,0.07272851,0.00162220,1.02366710
4,1598294978482047100,1598294978481878100,0.07296997,0.99706054,0.02336214,0.18576145,0.00036766,0.02339771,-0.99972618,1.89027989,-0.99733412,0.07295859,0.00134074,1.02428412
4,1598294978490762300,1598294978490685800,0.07301575,0.99706066,0.02321537,0.18785918,-0.00003690,0.02328022,-0.99972898,1.89013827,-0.99733084,0.07299510,0.00173660,1.02492499
4,1598294978499875300,1598294978499830600,0.07284471,0.99707055,0.02332878,0.19021070,0.00035941,0.02336469,-0.99972695,1.89036047,-0.99734330,0.07283321,0.00134362,1.02310419
4,1598294978508718700,1598294978508613600,0.07300159,0.99706161,0.02321653,0.19239867,0.00013543,0.02326875,-0.99972922,1.89057255,-0.99733186,0.07298499,0.00156361,1.02166057
4,1598294978517763000,1598294978517724000,0.07295358,0.99706292,0.02331050,0.19483304,0.00017120,0.02336028,-0.99972707,1.89060628,-0.99733537,0.07293767,0.00153351,1.02301788
4,1598294978526596900,1598294978526529900,0.07302368,0.99705756,0.02332084,0.19687641,0.00022915,0.02336651,-0.99972695,1.89051580,-0.99733019,0.07300910,0.00147782,1.02368283
4,1598294978535789800,1598294978535751200,0.07288933,0.99706709,0.02333613,0.19918120,0.00036852,0.02337146,-0.99972677,1.89071846,-0.99734002,0.07287800,0.00133608,1.02430987
4,1598294978544708000,1598294978544651100,0.07305449,0.99704778,0.02364267,0.20122087,-0.00019147,0.02372005,-0.99971861,1.89056957,-0.99732798,0.07302943,0.00192375,1.02459431
4,1598294978553806400,1598294978553750300,0.07292169,0.99706960,0.02312337,0.20396602,0.00044732,0.02315241,-0.99973184,1.89071310,-0.99733758,0.07291251,0.00124229,1.02441454
4,1598294978562595000,1598294978562510000,0.07310957,0.99704814,0.02345556,0.20589495,-0.00014123,0.02352887,-0.99972314,1.89057529,-0.99732399,0.07308599,0.00186098,1.02579951
4,1598294978572335000,1598294978572199000,0.07284826,0.99705815,0.02384086,0.20833170,0.00011700,0.02389585,-0.99971443,1.89039540,-0.99734306,0.07283029,0.00162410,1.02546358
4,1598294978581491300,1598294978581442200,0.07277721,0.99708480,0.02292226,0.21070969,0.00051358,0.02294576,-0.99973655,1.89058006,-0.99734819,0.07276979,0.00115783,1.02514434
4,1598294978590565200,1598294978590498400,0.07295984,0.99706137,0.02336010,0.21306479,-0.00008630,0.02342885,-0.99972546,1.89066243,-0.99733496,0.07293782,0.00179540,1.02570629
4,1598294978599614300,1598294978599500800,0.07292295,0.99705970,0.02354161,0.21511376,0.00042664,0.02357328,-0.99972200,1.89030290,-0.99733758,0.07291272,0.00129363,1.02754736
4,1598294978608617400,1598294978608554000,0.07284734,0.99708420,0.02272832,0.21770978,0.00020924,0.02277361,-0.99974060,1.89086378,-0.99734312,0.07283324,0.00145036,1.02295995
4,1598294978617436000,1598294978617379700,0.07301769,0.99704623,0.02381773,0.22020280,-0.00010717,0.02388934,-0.99971461,1.89103818,-0.99733073,0.07299432,0.00185119,1.02152634
4,1598294978626438800,1598294978626408900,0.07289538,0.99706852,0.02325489,0.22273338,0.00035830,0.02329076,-0.99972868,1.89119852,-0.99733961,0.07288396,0.00134053,1.02035809
4,1598294978635508200,1598294978635406300,0.07282761,0.99706966,0.02341766,0.22453856,-0.00023711,0.02349734,-0.99972385,1.89084947,-0.99734461,0.07280198,0.00194766,1.02431273
4,1598294978644387700,1598294978644315700,0.07276681,0.99706697,0.02371999,0.22676742,0.00016120,0.02377129,-0.99971741,1.89067352,-0.99734902,0.07275009,0.00156902,1.02388906
4,1598294978653294300,1598294978653239100,0.07282585,0.99707055,0.02338520,0.22916973,0.00018847,0.02343372,-0.99972534,1.89105439,-0.99734473,0.07281026,0.00151865,1.02238250
4,1598294978662385000,1598294978662303300,0.07290807,0.99704421,0.02423435,0.23119807,-0.00012210,0.02430795,-0.99970448,1.89072621,-0.99733877,0.07288355,0.00189397,1.02338243
4,1598294978671335800,1598294978671275500,0.07255325,0.99709141,0.02334206,0.23334789,0.00071078,0.02335206,-0.99972701,1.89059889,-0.99736440,0.07255009,0.00098554,1.02511549
4,1598294978680566300,1598294978680448400,0.07291844,0.99706113,0.02349771,0.23560500,0.00001759,0.02355916,-0.99972242,1.89076376,-0.99733794,0.07289863,0.00170035,1.02526951
4,1598294978689249900,1598294978689170700,0.07295883,0.99703616,0.02441329,0.23765790,0.00026944,0.02445884,-0.99970078,1.89089918,-0.99733496,0.07294357,0.00151583,1.02551508
4,1598294978698519600,1598294978698433600,0.07255054,0.99709713,0.02310561,0.24038255,0.00029575,0.02314517,-0.99973208,1.89103925,-0.99736476,0.07253793,0.00138429,1.02208519
4,1598294978707062400,1598294978707021000,0.07269388,0.99705720,0.02434667,0.24199069,0.00020716,0.02439618,-0.99970233,1.89095902,-0.99735433,0.07267728,0.00156689,1.02441955
4,1598294978716171100,1598294978716107800,0.07240242,0.99710536,0.02321362,0.24487567,0.00043458,0.02324317,-0.99972975,1.89101028,-0.99737543,0.07239294,0.00124953,1.02400231
4,1598294978725069100,1598294978725029900,0.07174224,0.99714476,0.02357005,0.24687052,0.00061263,0.02358690,-0.99972159,1.89089012,-0.99742305,0.07173675,0.00108128,1.02456236
4,1598294978734078100,1598294978734049300,0.07179946,0.99712336,0.02429017,0.24931538,0.00027745,0.02433307,-0.99970388,1.89122474,-0.99741912,0.07178497,0.00147044,1.02170157
4,1598294978742997400,1598294978742923900,0.07207900,0.99712723,0.02328200,0.25203705,0.00058589,0.02330040,-0.99972832,1.89124799,-0.99739885,0.07207310,0.00109525,1.01914191
4,1598294978752065900,1598294978752004000,0.07213429,0.99709433,0.02448613,0.25365031,0.00029407,0.02452884,-0.99969906,1.89118326,-0.99739492,0.07211980,0.00147615,1.01949692
4,1598294978761041200,1598294978761001900,0.07194108,0.99711818,0.02408393,0.25571299,0.00083494,0.02408630,-0.99970955,1.89090753,-0.99740863,0.07194027,0.00090024,1.02241373
4,1598294978770063300,1598294978770009600,0.07196149,0.99710792,0.02444374,0.25755525,0.00060282,0.02446381,-0.99970055,1.89088941,-0.99740726,0.07195470,0.00115936,1.02468085
4,1598294978778962400,1598294978778908300,0.07181588,0.99711776,0.02447096,0.25975561,0.00069625,0.02448421,-0.99969995,1.89084339,-0.99741769,0.07181138,0.00106410,1.02418447
4,1598294978787962000,1598294978787898300,0.07170892,0.99714369,0.02371526,0.26216733,0.00082545,0.02371715,-0.99971837,1.89087820,-0.99742532,0.07170829,0.00087763,1.02507377
4,1598294978796852400,1598294978796801100,0.07172239,0.99711889,0.02469637,0.26427889,0.00061998,0.02471559,-0.99969435,1.89084947,-0.99742448,0.07171580,0.00115446,1.02466774
4,1598294978805922600,1598294978805848900,0.07173702,0.99713391,0.02403850,0.26622450,0.00063711,0.02405480,-0.99971044,1.89095926,-0.99742341,0.07173157,0.00109032,1.02533078
4,1598294978814827300,1598294978814795800,0.07174844,0.99713337,0.02402718,0.26886249,0.00081640,0.02403056,-0.99971086,1.89102829,-0.99742246,0.07174727,0.00091008,1.02611351
4,1598294978824248600,1598294978824157300,0.07182738,0.99711692,0.02446922,0.27096057,0.00040057,0.02450376,-0.99969965,1.89090753,-0.99741709,0.07181564,0.00136062,1.02697730
4,1598294978832803900,1598294978832687800,0.07150170,0.99714512,0.02427356,0.27342141,0.00094795,0.02426792,-0.99970502,1.89108443,-0.99744010,0.07150361,0.00078994,1.02421284
4,1598294978841833100,1598294978841780000,0.07164764,0.99713641,0.02420302,0.27577388,0.00033901,0.02424105,-0.99970609,1.89127660,-0.99743003,0.07163480,0.00139876,1.02251577
4,1598294978850783200,1598294978850744700,0.07166639,0.99714303,0.02387360,0.27798927,0.00078236,0.02387896,-0.99971455,1.89097476,-0.99742842,0.07166466,0.00093118,1.02626848
4,1598294978859774400,1598294978859714700,0.07181025,0.99712574,0.02416095,0.28027308,0.00053269,0.02418517,-0.99970734,1.89114606,-0.99741822,0.07180214,0.00120558,1.02543354
4,1598294978868841500,1598294978868725500,0.07174626,0.99712420,0.02441301,0.28240871,0.00060327,0.02443272,-0.99970126,1.89100087,-0.99742281,0.07173955,0.00115141,1.02602696
4,1598294978877662500,1598294978877581900,0.07191193,0.99713165,0.02360692,0.28451276,0.00078581,0.02361157,-0.99972087,1.89107740,-0.99741077,0.07191044,0.00091439,1.02601123
4,1598294978886498000,1598294978886332600,0.07188934,0.99712783,0.02383429,0.28717577,0.00085410,0.02383459,-0.99971557,1.89117813,-0.99741232,0.07188925,0.00086179,1.02610660
4,1598294978895801000,1598294978895668400,0.07183316,0.99713719,0.02361211,0.28969646,0.00055223,0.02363352,-0.99972051,1.89128840,-0.99741662,0.07182619,0.00114701,1.02475476
4,1598294978904307700,1598294978904278500,0.07182780,0.99713433,0.02375197,0.29177332,0.00089989,0.02374871,-0.99971753,1.89127421,-0.99741673,0.07182890,0.00080849,1.02519202
4,1598294978913505000,1598294978913422700,0.07203758,0.99711454,0.02394497,0.29411256,0.00049024,0.02397196,-0.99971253,1.89144111,-0.99740183,0.07202864,0.00123804,1.02491117
4,1598294978922507400,1598294978922441700,0.07207942,0.99711692,0.02371704,0.29623842,0.00083402,0.02371865,-0.99971831,1.89132321,-0.99739856,0.07207888,0.00087800,1.02647591
4,1598294978931438300,1598294978931358600,0.07188800,0.99712694,0.02387730,0.29861331,0.00054353,0.02390009,-0.99971420,1.89155304,-0.99741262,0.07188043,0.00117614,1.02459645
4,1598294978940355400,1598294978940261600,0.07193127,0.99711841,0.02410191,0.30057669,0.00060849,0.02412064,-0.99970883,1.89152455,-0.99740946,0.07192498,0.00112828,1.02551341
4,1598294978949315500,1598294978949283000,0.07212120,0.99711686,0.02359154,0.30288029,0.00083213,0.02359299,-0.99972129,1.89141393,-0.99739558,0.07212076,0.00087181,1.02625465
4,1598294978958351000,1598294978958309400,0.07215163,0.99710143,0.02414548,0.30509448,0.00071723,0.02415672,-0.99970794,1.89156687,-0.99739349,0.07214791,0.00102779,1.02618599
4,1598294978967409900,1598294978967357300,0.07198271,0.99711466,0.02410406,0.30735648,0.00077661,0.02411073,-0.99970895,1.89148116,-0.99740565,0.07198051,0.00096117,1.02627969
4,1598294978976196000,1598294978976104100,0.07202864,0.99711901,0.02378500,0.30935478,0.00087979,0.02378343,-0.99971676,1.89155352,-0.99740225,0.07202914,0.00083582,1.02656507
4,1598294978985103900,1598294978985053400,0.07205486,0.99710476,0.02429553,0.31194079,0.00076598,0.02430354,-0.99970430,1.89165366,-0.99740040,0.07205212,0.00098742,1.02709365
4,1598294978994165200,1598294978994078600,0.07213920,0.99710572,0.02400383,0.31432688,0.00079406,0.02400912,-0.99971139,1.89166021,-0.99739432,0.07213748,0.00094022,1.02699161
4,1598294979003142600,1598294979003112100,0.07158187,0.99714279,0.02413199,0.31690681,0.00073295,0.02414148,-0.99970829,1.89188313,-0.99743450,0.07157868,0.00099722,1.02424145
4,1598294979011982500,1598294979011917300,0.07179853,0.99712366,0.02428041,0.31860602,0.00044351,0.02431134,-0.99970430,1.89169765,-0.99741912,0.07178810,0.00130327,1.02673006
4,1598294979021090700,1598294979021029500,0.07150722,0.99714673,0.02419314,0.32114017,0.00108917,0.02417718,-0.99970710,1.89169681,-0.99743950,0.07151267,0.00064277,1.02770138
4,1598294979030029300,1598294979029935800,0.07183710,0.99712092,0.02427604,0.32411754,0.00063179,0.02429345,-0.99970466,1.89234126,-0.99741620,0.07183123,0.00111519,1.02053428
4,1598294979039054400,1598294979038976800,0.07148972,0.99714088,0.02448203,0.32577121,0.00101837,0.02447187,-0.99970001,1.89179850,-0.99744093,0.07149327,0.00073401,1.02672362
4,1598294979047916300,1598294979047823700,0.07152086,0.99714607,0.02417723,0.32788873,0.00035392,0.02421395,-0.99970675,1.89172840,-0.99743909,0.07150850,0.00137888,1.02732706
4,1598294979056981300,1598294979056923400,0.07151392,0.99713337,0.02471629,0.33021998,0.00108714,0.02470182,-0.99969429,1.89192986,-0.99743909,0.07151893,0.00068249,1.02695775
4,1598294979065928800,1598294979065856500,0.07167724,0.99713564,0.02414614,0.33259416,0.00072466,0.02415636,-0.99970794,1.89183283,-0.99742764,0.07167384,0.00100886,1.02658319
4,1598294979074854100,1598294979074820400,0.07163751,0.99712700,0.02461606,0.33454716,0.00091835,0.02461353,-0.99969661,1.89210057,-0.99743038,0.07163841,0.00084753,1.02665663
4,1598294979083801400,1598294979083740800,0.07177401,0.99712062,0.02447689,0.33689392,0.00056184,0.02449978,-0.99969965,1.89214671,-0.99742085,0.07176623,0.00119822,1.02628541
4,1598294979092898400,1598294979092848400,0.07184082,0.99711239,0.02461733,0.33888781,0.00084786,0.02462006,-0.99969649,1.89193285,-0.99741584,0.07183993,0.00092330,1.02852178
4,1598294979101855300,1598294979101731100,0.07166275,0.99712539,0.02460541,0.34115303,0.00057791,0.02462734,-0.99969649,1.89183044,-0.99742877,0.07165521,0.00118860,1.02864909
4,1598294979110914400,1598294979110854400,0.07177550,0.99711961,0.02451278,0.34311652,0.00087504,0.02451323,-0.99969912,1.89211416,-0.99742049,0.07177535,0.00088692,1.02799439
4,1598294979119688600,1598294979119613400,0.07184979,0.99711210,0.02460053,0.34587729,0.00081830,0.02460536,-0.99969691,1.89234972,-0.99741518,0.07184815,0.00095194,1.02733183
4,1598294979129033300,1598294979128960400,0.07202533,0.99709743,0.02468245,0.34795797,0.00041590,0.02471672,-0.99969441,1.89198864,-0.99740279,0.07201362,0.00136552,1.02836967
4,1598294979137769600,1598294979137698700,0.07185531,0.99711430,0.02449386,0.35034084,0.00088542,0.02449358,-0.99969959,1.89199591,-0.99741477,0.07185540,0.00087712,1.02698255
4,1598294979146767700,1598294979146722300,0.07211155,0.99709392,0.02457357,0.35265768,0.00046118,0.02460439,-0.99969715,1.89236534,-0.99739647,0.07210106,0.00131440,1.02649307
4,1598294979155677900,1598294979155611900,0.07215887,0.99709052,0.02457003,0.35482109,0.00080631,0.02457593,-0.99969763,1.89235270,-0.99739289,0.07215685,0.00096939,1.02723408
4,1598294979164786300,1598294979164731000,0.07214963,0.99708563,0.02479415,0.35702360,0.00059419,0.02481598,-0.99969184,1.89246011,-0.99739373,0.07214218,0.00119799,1.02596593
4,1598294979173684900,1598294979173613200,0.07226783,0.99707162,0.02501278,0.35897839,0.00072571,0.02502580,-0.99968654,1.89241838,-0.99738503,0.07226336,0.00108496,1.02729201
4,1598294979182657700,1598294979182587800,0.07223493,0.99708992,0.02437139,0.36144936,0.00074367,0.02438139,-0.99970245,1.89251697,-0.99738747,0.07223153,0.00101967,1.02678776
4,1598294979191614900,1598294979191513300,0.07224157,0.99707115,0.02510875,0.36305666,0.00083789,0.02511387,-0.99968421,1.89223230,-0.99738687,0.07223985,0.00097882,1.02867055
4,1598294979200675300,1598294979200579200,0.07226643,0.99706864,0.02513430,0.36546886,0.00080979,0.02514154,-0.99968356,1.89219630,-0.99738508,0.07226393,0.00100946,1.02722621
4,1598294979209573700,1598294979209542100,0.07221079,0.99708223,0.02475354,0.36783135,0.00088316,0.02475442,-0.99969316,1.89254451,-0.99738908,0.07221052,0.00090693,1.02537918
4,1598294979218692900,1598294979218621200,0.07236812,0.99706739,0.02489346,0.36982000,0.00078578,0.02490192,-0.99968958,1.89253092,-0.99737769,0.07236522,0.00101862,1.02745128
4,1598294979227469000,1598294979227413000,0.07238910,0.99706024,0.02511675,0.37164152,0.00086723,0.02511990,-0.99968404,1.89213824,-0.99737614,0.07238805,0.00095371,1.03062940
4,1598294979236605600,1598294979236496800,0.07235241,0.99706531,0.02502014,0.37428176,0.00072989,0.02503297,-0.99968636,1.89232087,-0.99737889,0.07234800,0.00108344,1.02753234
4,1598294979245417800,1598294979245368300,0.07236457,0.99706978,0.02480556,0.37664104,0.00101073,0.02479745,-0.99969196,1.89273608,-0.99737781,0.07236737,0.00078668,1.02509642
4,1598294979254551600,1598294979254523100,0.07243779,0.99706614,0.02473878,0.37915444,0.00093111,0.02473635,-0.99969357,1.89260852,-0.99737257,0.07243866,0.00086346,1.02754498
4,1598294979263357800,1598294979263290500,0.07243600,0.99705911,0.02502574,0.38125956,0.00094866,0.02502278,-0.99968642,1.89253247,-0.99737263,0.07243705,0.00086667,1.02753401
4,1598294979272583100,1598294979272478400,0.07228753,0.99707901,0.02465875,0.38368595,0.00097362,0.02465289,-0.99969560,1.89258301,-0.99738342,0.07228956,0.00081131,1.02661061
4,1598294979281454000,1598294979281396200,0.07238045,0.99707067,0.02472402,0.38612878,0.00091719,0.02472250,-0.99969393,1.89262843,-0.99737674,0.07238099,0.00087491,1.02678919
4,1598294979290571500,1598294979290337400,0.07227647,0.99707687,0.02477831,0.38838363,0.00101091,0.02477005,-0.99969268,1.89267504,-0.99738419,0.07227933,0.00078232,1.02590513
4,1598294979299279700,1598294979299195000,0.07162914,0.99711871,0.02497268,0.39041066,0.00122428,0.02494910,-0.99968797,1.89263904,-0.99743062,0.07163739,0.00056632,1.02772832
4,1598294979308361500,1598294979308255700,0.07224452,0.99707264,0.02503802,0.39270544,0.00099905,0.02503127,-0.99968618,1.89277780,-0.99738646,0.07224688,0.00081223,1.02697206
4,1598294979317207400,1598294979317176100,0.07179943,0.99711096,0.02479288,0.39527118,0.00106790,0.02478019,-0.99969232,1.89336944,-0.99741858,0.07180381,0.00071438,1.02261496
4,1598294979326245100,1598294979326176200,0.07202780,0.99708182,0.02529782,0.39750838,0.00083309,0.02530357,-0.99967945,1.89353180,-0.99740231,0.07202575,0.00099188,1.02288556
4,1598294979335153500,1598294979335103800,0.07188290,0.99708819,0.02545732,0.39921880,0.00126204,0.02543242,-0.99967575,1.89318001,-0.99741232,0.07189178,0.00056978,1.02678847
4,1598294979344385200,1598294979344236600,0.07177457,0.99710864,0.02495785,0.40164816,0.00139070,0.02492234,-0.99968839,1.89283752,-0.99741995,0.07178691,0.00040210,1.02810884
4,1598294979353088000,1598294979353021800,0.07186830,0.99710196,0.02495535,0.40404212,0.00145773,0.02491503,-0.99968851,1.89285624,-0.99741310,0.07188234,0.00033708,1.02874184
4,1598294979362245800,1598294979362195200,0.07190329,0.99709600,0.02509188,0.40621698,0.00137479,0.02505791,-0.99968505,1.89289725,-0.99741071,0.07191515,0.00043093,1.02739239
4,1598294979371100100,1598294979371030200,0.07154727,0.99711514,0.02534774,0.40831578,0.00129375,0.02532009,-0.99967855,1.89276707,-0.99743646,0.07155713,0.00052155,1.02853560
4,1598294979380256100,1598294979380144500,0.07168138,0.99711907,0.02481087,0.41075540,0.00114798,0.02479238,-0.99969196,1.89287615,-0.99742693,0.07168776,0.00063247,1.02879930
4,1598294979388986700,1598294979388962600,0.07182214,0.99709803,0.02524338,0.41282415,0.00148792,0.02520162,-0.99968129,1.89294767,-0.99741638,0.07183686,0.00032642,1.02824306
4,1598294979398152300,1598294979398079400,0.07166570,0.99711329,0.02508412,0.41519046,0.00114036,0.02506688,-0.99968511,1.89303648,-0.99742818,0.07167178,0.00065936,1.02839637
4,1598294979406975100,1598294979406904100,0.07166383,0.99711704,0.02494041,0.41706491,0.00152137,0.02489541,-0.99968886,1.89288259,-0.99742776,0.07167947,0.00026710,1.03016782
4,1598294979416003500,1598294979415951700,0.07168886,0.99711698,0.02486933,0.41975355,0.00161560,0.02481738,-0.99969071,1.89293325,-0.99742579,0.07170686,0.00016818,1.03116632
4,1598294979424856300,1598294979424813400,0.07184917,0.99709612,0.02524258,0.42193186,0.00167935,0.02518703,-0.99968135,1.89302230,-0.99741411,0.07186869,0.00013518,1.02797222
4,1598294979434234900,1598294979434121600,0.07175720,0.99710780,0.02503852,0.42449081,0.00128555,0.02501077,-0.99968636,1.89300668,-0.99742132,0.07176688,0.00051286,1.02797580
4,1598294979442891500,1598294979442805700,0.07182619,0.99709892,0.02519797,0.42671323,0.00157379,0.02514991,-0.99968243,1.89313579,-0.99741602,0.07184306,0.00023719,1.02743959
4,1598294979451906300,1598294979451839300,0.07194260,0.99709642,0.02496345,0.42915714,0.00143181,0.02492505,-0.99968827,1.89327550,-0.99740779,0.07195595,0.00036551,1.02723145
4,1598294979460941400,1598294979460849300,0.07196683,0.99708414,0.02537951,0.43133628,0.00144298,0.02534140,-0.99967778,1.89334774,-0.99740607,0.07198027,0.00038496,1.02721214
4,1598294979469839500,1598294979469779600,0.07200792,0.99708593,0.02519333,0.43364751,0.00137791,0.02515945,-0.99968249,1.89326966,-0.99740320,0.07201982,0.00043777,1.02743125
4,1598294979478822300,1598294979478766700,0.07205510,0.99708712,0.02500673,0.43600714,0.00161872,0.02495498,-0.99968725,1.89325213,-0.99739939,0.07207304,0.00018412,1.02768588
4,1598294979487797100,1598294979487722600,0.07208744,0.99706703,0.02570631,0.43778777,0.00144516,0.02566894,-0.99966943,1.89315796,-0.99739730,0.07210079,0.00040947,1.02816105
4,1598294979496708100,1598294979496624200,0.07211399,0.99706995,0.02551741,0.43991637,0.00152223,0.02547398,-0.99967432,1.89311433,-0.99739528,0.07212937,0.00031925,1.02946162
4,1598294979505816700,1598294979505729200,0.07197243,0.99708039,0.02550948,0.44208825,0.00179798,0.02544608,-0.99967456,1.89315414,-0.99740505,0.07199484,0.00003867,1.02964830
4,1598294979514716700,1598294979514624700,0.07235554,0.99706078,0.02519098,0.44474804,0.00146777,0.02515073,-0.99968261,1.89320064,-0.99737787,0.07236955,0.00035633,1.02967572
4,1598294979523798900,1598294979523671600,0.07228684,0.99705637,0.02556121,0.44680536,0.00190123,0.02549048,-0.99967325,1.89299035,-0.99738216,0.07231185,-0.00005302,1.03111029
4,1598294979532663300,1598294979532606400,0.07197285,0.99708468,0.02534211,0.44933927,0.00168168,0.02528668,-0.99967879,1.89299178,-0.99740529,0.07199237,0.00014317,1.03021765
4,1598294979541690600,1598294979541644800,0.07211268,0.99707758,0.02522278,0.45138049,0.00188851,0.02515209,-0.99968183,1.89328861,-0.99739480,0.07213739,-0.00006922,1.02988052
4,1598294979550546800,1598294979550490300,0.07230517,0.99705821,0.02543702,0.45372248,0.00153417,0.02539258,-0.99967635,1.89330864,-0.99738139,0.07232079,0.00030634,1.03036761
4,1598294979559622300,1598294979559562000,0.07229418,0.99705374,0.02564213,0.45589864,0.00171224,0.02558532,-0.99967116,1.89319670,-0.99738199,0.07231432,0.00014246,1.02957559
4,1598294979568522700,1598294979568473800,0.07203665,0.99708641,0.02509064,0.45825446,0.00153477,0.02504517,-0.99968511,1.89302397,-0.99740088,0.07205251,0.00027386,1.02991605
4,1598294979577767700,1598294979577697000,0.07219800,0.99705029,0.02604683,0.46021104,0.00162640,0.02599728,-0.99966067,1.89334500,-0.99738902,0.07221586,0.00025534,1.02877522
4,1598294979586514300,1598294979586453600,0.07229134,0.99704736,0.02589827,0.46270800,0.00124226,0.02587620,-0.99966437,1.89346981,-0.99738282,0.07229921,0.00063201,1.02754092
4,1598294979595671900,1598294979595648600,0.07221055,0.99705768,0.02572379,0.46479559,0.00175527,0.02566406,-0.99966908,1.89339733,-0.99738789,0.07223180,0.00010310,1.02903509
4,1598294979604597700,1598294979604479300,0.07177201,0.99707884,0.02612811,0.46709335,0.00130775,0.02610159,-0.99965841,1.89330673,-0.99742025,0.07178167,0.00056942,1.02747846
4,1598294979613603700,1598294979613556600,0.07202911,0.99705917,0.02617069,0.46898592,0.00186750,0.02610400,-0.99965745,1.89306355,-0.99740082,0.07205331,0.00001823,1.02944064
4,1598294979622692000,1598294979622647500,0.07212660,0.99706054,0.02584631,0.47118700,0.00128624,0.02582082,-0.99966574,1.89291549,-0.99739468,0.07213572,0.00057989,1.03017044
4,1598294979631795000,1598294979631688600,0.07223189,0.99703622,0.02648601,0.47342503,0.00127233,0.02646326,-0.99964899,1.89275658,-0.99738705,0.07224023,0.00064292,1.03006172
4,1598294979640511600,1598294979640425900,0.07208613,0.99704874,0.02641335,0.47525561,0.00201022,0.02633698,-0.99965107,1.89286435,-0.99739647,0.07211408,-0.00010577,1.02993011
4,1598294979649630100,1598294979649545400,0.07228023,0.99704927,0.02585429,0.47774422,0.00160287,0.02580596,-0.99966568,1.89301717,-0.99738312,0.07229754,0.00026710,1.02995276
4,1598294979658290600,1598294979658241000,0.07210565,0.99704236,0.02659736,0.47990644,0.00137054,0.02656772,-0.99964607,1.89283216,-0.99739611,0.07211658,0.00054918,1.03165436
4,1598294979667612100,1598294979667570300,0.07182074,0.99709016,0.02555713,0.48267257,0.00127454,0.02553155,-0.99967319,1.89264953,-0.99741685,0.07182983,0.00056285,1.03077507
4,1598294979676312000,1598294979676250100,0.07201064,0.99705446,0.02640269,0.48448503,0.00143941,0.02636751,-0.99965125,1.89293993,-0.99740291,0.07202354,0.00046356,1.02869248
4,1598294979685336700,1598294979685296400,0.07214925,0.99704647,0.02632510,0.48690379,0.00121066,0.02630633,-0.99965316,1.89260650,-0.99739313,0.07215610,0.00069089,1.02961993
4,1598294979694266200,1598294979694164800,0.07202694,0.99705982,0.02615092,0.48915946,0.00195828,0.02607761,-0.99965799,1.89235163,-0.99740082,0.07205358,-0.00007425,1.03185797
4,1598294979703356200,1598294979703326300,0.07208803,0.99705458,0.02618520,0.49209714,0.00125222,0.02616303,-0.99965692,1.89287734,-0.99739754,0.07209611,0.00063750,1.02609134
4,1598294979712182000,1598294979712112300,0.07214648,0.99702883,0.02699034,0.49339020,0.00154794,0.02694892,-0.99963558,1.89287961,-0.99739289,0.07216200,0.00040092,1.02702665
4,1598294979721232300,1598294979721141800,0.07218638,0.99703801,0.02653989,0.49556434,0.00157697,0.02649520,-0.99964768,1.89241099,-0.99738997,0.07220283,0.00034028,1.02988267
4,1598294979730183300,1598294979730100300,0.07208750,0.99702960,0.02712066,0.49832213,0.00162768,0.02707378,-0.99963212,1.89307213,-0.99739707,0.07210517,0.00032882,1.02808332
4,1598294979739119500,1598294979739088500,0.07228503,0.99700940,0.02733729,0.49992025,0.00159205,0.02729363,-0.99962616,1.89307642,-0.99738276,0.07230154,0.00038562,1.02880144
4,1598294979748174800,1598294979748128100,0.07237881,0.99702030,0.02668295,0.50219595,0.00208827,0.02660159,-0.99964392,1.89289105,-0.99737507,0.07240874,-0.00015667,1.02954745
4,1598294979757153200,1598294979757111600,0.07247546,0.99700314,0.02705930,0.50472867,0.00143856,0.02702614,-0.99963367,1.89288890,-0.99736917,0.07248786,0.00052447,1.03043771
4,1598294979765967900,1598294979765921400,0.07221878,0.99702704,0.02686433,0.50710118,0.00195199,0.02679334,-0.99963909,1.89258540,-0.99738699,0.07224512,-0.00001122,1.03051090
4,1598294979775017400,1598294979774964600,0.07251674,0.99700350,0.02693389,0.50872004,0.00174955,0.02687781,-0.99963719,1.89266229,-0.99736571,0.07253757,0.00020477,1.02927279
4,1598294979784096500,1598294979784028800,0.07263860,0.99697042,0.02781594,0.51079917,0.00178619,0.02775955,-0.99961305,1.89221573,-0.99735677,0.07266021,0.00023562,1.03116035
4,1598294979793005400,1598294979792939600,0.07264107,0.99700654,0.02648232,0.51392710,0.00231536,0.02638384,-0.99964917,1.89281774,-0.99735552,0.07267699,-0.00039189,1.02851963
4,1598294979801902200,1598294979801844200,0.07256767,0.99699998,0.02692879,0.51629341,0.00193877,0.02685893,-0.99963737,1.89307821,-0.99736166,0.07259360,0.00001612,1.02685356
4,1598294979810948900,1598294979810887800,0.07273152,0.99697000,0.02758727,0.51735079,0.00215780,0.02750318,-0.99961936,1.89326835,-0.99734926,0.07276338,-0.00015093,1.02934146
4,1598294979819871700,1598294979819837900,0.07274869,0.99699789,0.02651438,0.51986778,0.00228282,0.02641831,-0.99964833,1.89392662,-0.99734777,0.07278362,-0.00035408,1.02754688
4,1598294979828962100,1598294979828870500,0.07266393,0.99696255,0.02803040,0.52210891,0.00196604,0.02796147,-0.99960703,1.89371514,-0.99735463,0.07269052,0.00007171,1.02844620
4,1598294979837908900,1598294979837872600,0.07260996,0.99698222,0.02746510,0.52432036,0.00225032,0.02737397,-0.99962270,1.89368856,-0.99735796,0.07264435,-0.00025592,1.02859378
4,1598294979846878000,1598294979846830700,0.07258749,0.99697512,0.02778089,0.52664387,0.00253177,0.02767011,-0.99961388,1.89352679,-0.99735892,0.07262981,-0.00051562,1.02855587
4,1598294979855739700,1598294979855654000,0.07278863,0.99695933,0.02782302,0.52877247,0.00181566,0.02776453,-0.99961281,1.89344120,-0.99734581,0.07281095,0.00021079,1.03067780
4,1598294979864889500,1598294979864768000,0.07244691,0.99699426,0.02746055,0.53128660,0.00247219,0.02735333,-0.99962276,1.89341104,-0.99736929,0.07248750,-0.00048311,1.02985120
4,1598294979873705700,1598294979873646700,0.07271633,0.99695969,0.02799616,0.53302073,0.00188471,0.02793308,-0.99960798,1.89365196,-0.99735093,0.07274058,0.00015220,1.02993321
4,1598294979882839000,1598294979882762200,0.07262686,0.99697381,0.02772510,0.53568363,0.00247031,0.02761862,-0.99961549,1.89361966,-0.99735618,0.07266742,-0.00045699,1.02964616
4,1598294979891710700,1598294979891614000,0.07261258,0.99697042,0.02788271,0.53785574,0.00215624,0.02779953,-0.99961120,1.89388800,-0.99735790,0.07264447,-0.00013113,1.03023100
4,1598294979900844800,1598294979900745900,0.07243171,0.99697858,0.02806268,0.54006755,0.00243634,0.02795965,-0.99960607,1.89344776,-0.99737048,0.07247159,-0.00040382,1.03273034
4,1598294979909631900,1598294979909587400,0.07254654,0.99697709,0.02781606,0.54205382,0.00240854,0.02771436,-0.99961299,1.89378464,-0.99736214,0.07258549,-0.00039069,1.03153086
4,1598294979918956200,1598294979918851700,0.07262284,0.99696147,0.02817483,0.54438365,0.00226462,0.02808454,-0.99960297,1.89385891,-0.99735695,0.07265782,-0.00021817,1.03203440
4,1598294979927675100,1598294979927595300,0.07192850,0.99701047,0.02822292,0.54673481,0.00257083,0.02811081,-0.99960148,1.89406443,-0.99740654,0.07197243,-0.00054119,1.03094363
4,1598294979936736000,1598294979936671400,0.07187805,0.99700844,0.02842308,0.54965138,0.00235015,0.02832744,-0.99959594,1.89410758,-0.99741071,0.07191578,-0.00030702,1.02966356
4,1598294979945535900,1598294979945486500,0.07220456,0.99700612,0.02766619,0.55191600,0.00243981,0.02756197,-0.99961710,1.89420509,-0.99738687,0.07224441,-0.00044242,1.02871442
4,1598294979954682500,1598294979954624700,0.07221487,0.99700117,0.02781571,0.55417097,0.00236204,0.02771751,-0.99961299,1.89430165,-0.99738634,0.07225266,-0.00035336,1.03046751
4,1598294979963537800,1598294979963464400,0.07218635,0.99699116,0.02824778,0.55642509,0.00283875,0.02811620,-0.99960059,1.89443302,-0.99738717,0.07223773,-0.00080062,1.02981019
4,1598294979972813700,1598294979972740500,0.07198822,0.99703157,0.02730886,0.55858421,0.00227016,0.02721605,-0.99962699,1.89420485,-0.99740297,0.07202339,-0.00030420,1.03168082
4,1598294979981544900,1598294979981444700,0.07199803,0.99701291,0.02795961,0.56067014,0.00263314,0.02784228,-0.99960887,1.89410520,-0.99740136,0.07204345,-0.00062070,1.03206611
4,1598294979990588400,1598294979990546700,0.07192734,0.99703133,0.02747932,0.56313074,0.00265127,0.02735948,-0.99962211,1.89414954,-0.99740642,0.07197300,-0.00067552,1.03335047
4,1598294979999471000,1598294979999422800,0.07174814,0.99702895,0.02802902,0.56588471,0.00257516,0.02791619,-0.99960691,1.89465463,-0.99741954,0.07179216,-0.00056459,1.02977824
4,1598294980008481500,1598294980008428500,0.07191405,0.99702430,0.02776959,0.56856549,0.00228096,0.02767722,-0.99961430,1.89506388,-0.99740827,0.07194966,-0.00028380,1.02636433
4,1598294980017395700,1598294980017295200,0.07176185,0.99703610,0.02773911,0.57038450,0.00248590,0.02763196,-0.99961507,1.89518547,-0.99741876,0.07180321,-0.00049563,1.02752829
4,1598294980026414700,1598294980026337400,0.07190049,0.99701476,0.02814251,0.57246947,0.00207976,0.02806563,-0.99960393,1.89506757,-0.99740970,0.07193056,-0.00005563,1.02800989
4,1598294980035382500,1598294980035277800,0.07197964,0.99700505,0.02828372,0.57430065,0.00259976,0.02816965,-0.99959975,1.89510882,-0.99740273,0.07202438,-0.00056435,1.02980065
4,1598294980044582700,1598294980044511300,0.07185397,0.99702621,0.02785491,0.57682467,0.00247751,0.02774862,-0.99961185,1.89475965,-0.99741215,0.07189506,-0.00047631,1.03096318
4,1598294980053249500,1598294980053194400,0.07193589,0.99700946,0.02824070,0.57909083,0.00221894,0.02815403,-0.99960113,1.89488006,-0.99740684,0.07196987,-0.00018703,1.03067780
4,1598294980062370800,1598294980062278400,0.07198066,0.99701703,0.02785596,0.58139884,0.00299469,0.02771226,-0.99961144,1.89510858,-0.99740160,0.07203612,-0.00099102,1.03072381
4,1598294980071241000,1598294980071200300,0.07203662,0.99699450,0.02851168,0.58359683,0.00239559,0.02841293,-0.99959338,1.89532244,-0.99739915,0.07207564,-0.00034163,1.03030849
4,1598294980080439700,1598294980080351800,0.07209492,0.99700046,0.02815077,0.58572865,0.00269135,0.02802967,-0.99960345,1.89517367,-0.99739420,0.07214209,-0.00066249,1.03288960
4,1598294980089128800,1598294980089087300,0.07222241,0.99698901,0.02822950,0.58782351,0.00277232,0.02810265,-0.99960119,1.89521158,-0.99738473,0.07227191,-0.00073434,1.03401875
4,1598294980098255000,1598294980098175100,0.07231355,0.99697435,0.02851406,0.59002626,0.00257471,0.02840223,-0.99959326,1.89505553,-0.99737871,0.07235754,-0.00051307,1.03139734
4,1598294980106964800,1598294980106918100,0.07229120,0.99698985,0.02802482,0.59214032,0.00294200,0.02788507,-0.99960679,1.89485741,-0.99737930,0.07234520,-0.00091731,1.03391457
