3,1598294978078185700,1598294978078145400,-0.07159600,-0.99692297,-0.03191744,-0.26614058,-0.00978226,0.03269984,-0.99941730,1.88475347,0.99738580,-0.07124209,-0.01209335,1.00152636
3,1598294978087386000,1598294978087341600,-0.07204133,-0.99683982,-0.03347481,-0.26088995,-0.00931470,0.03423297,-0.99937046,1.88483262,0.99735820,-0.07168415,-0.01175146,1.00096393
3,1598294978096348100,1598294978096290200,-0.07237145,-0.99680722,-0.03373220,-0.25918466,-0.00983986,0.03453283,-0.99935514,1.88574338,0.99732929,-0.07199290,-0.01230765,1.00374007
3,1598294978105438300,1598294978105374700,-0.07205322,-0.99686247,-0.03276705,-0.25743318,-0.00954525,0.03354013,-0.99939179,1.88534594,0.99735516,-0.07169664,-0.01193199,1.00364995
3,1598294978114148700,1598294978114094600,-0.07210022,-0.99685204,-0.03297823,-0.25588048,-0.00968347,0.03376234,-0.99938297,1.88533771,0.99735045,-0.07173640,-0.01208727,1.00381851
3,1598294978123370100,1598294978123277000,-0.07229349,-0.99678099,-0.03466164,-0.25053358,-0.00955471,0.03544312,-0.99932599,1.88619733,0.99733770,-0.07191357,-0.01208627,1.00537944
3,1598294978132235300,1598294978132151600,-0.07262999,-0.99676615,-0.03438309,-0.24874949,-0.00985500,0.03518970,-0.99933207,1.88632464,0.99731040,-0.07224262,-0.01237897,1.00617194
3,1598294978141268400,1598294978141210900,-0.07230976,-0.99681115,-0.03374686,-0.24656105,-0.00951814,0.03452357,-0.99935853,1.88588524,0.99733686,-0.07194215,-0.01198419,1.00468230
3,1598294978150171600,1598294978150099300,-0.07251847,-0.99677479,-0.03436968,-0.24279475,-0.00920234,0.03512765,-0.99934047,1.88633978,0.99732471,-0.07215431,-0.01172007,1.00668645
3,1598294978159289800,1598294978159198600,-0.07255140,-0.99675679,-0.03481887,-0.24067867,-0.00942619,0.03559459,-0.99932182,1.88670254,0.99732023,-0.07217401,-0.01197807,1.00914931
3,1598294978168064700,1598294978168014900,-0.07261392,-0.99675882,-0.03462917,-0.23842621,-0.00955815,0.03541471,-0.99932700,1.88628066,0.99731439,-0.07223403,-0.01209878,1.00597358
3,1598294978177136700,1598294978177088400,-0.07184160,-0.99683875,-0.03393392,-0.23612916,-0.00926682,0.03468745,-0.99935526,1.88611102,0.99737310,-0.07148081,-0.01172954,1.00534344
3,1598294978186020500,1598294978185943400,-0.07212847,-0.99679601,-0.03457287,-0.23274267,-0.00919929,0.03532656,-0.99933344,1.88630891,0.99735296,-0.07176235,-0.01171788,1.00594997
3,1598294978195080900,1598294978195040800,-0.07203245,-0.99679869,-0.03469651,-0.23039985,-0.00908258,0.03544099,-0.99933046,1.88659847,0.99736106,-0.07166907,-0.01160641,1.00755286
3,1598294978203939100,1598294978203869800,-0.07173127,-0.99686366,-0.03342963,-0.22812772,-0.00948707,0.03419635,-0.99937010,1.88657308,0.99737889,-0.07136893,-0.01191028,1.00738573
3,1598294978213058100,1598294978213015200,-0.07174644,-0.99685335,-0.03370371,-0.22575283,-0.00935069,0.03446154,-0.99936229,1.88665581,0.99737912,-0.07138553,-0.01179377,1.00797868
3,1598294978221951300,1598294978221898900,-0.07170150,-0.99685127,-0.03386158,-0.22274423,-0.00922357,0.03461019,-0.99935830,1.88674259,0.99738359,-0.07134315,-0.01167614,1.00801182
3,1598294978230979900,1598294978230917300,-0.07165328,-0.99685264,-0.03392410,-0.22037816,-0.00936676,0.03468252,-0.99935448,1.88676083,0.99738568,-0.07128924,-0.01182240,1.00839472
3,1598294978239799100,1598294978239763000,-0.07144767,-0.99689209,-0.03318785,-0.21794403,-0.00937628,0.03394268,-0.99937981,1.88693964,0.99740034,-0.07109216,-0.01177228,1.00875616
3,1598294978249025100,1598294978248980500,-0.07158092,-0.99688506,-0.03311284,-0.21560979,-0.00927131,0.03386156,-0.99938351,1.88700068,0.99739176,-0.07122976,-0.01166628,1.00919414
3,1598294978257840900,1598294978257787200,-0.07167417,-0.99688184,-0.03300823,-0.21311700,-0.00950897,0.03377477,-0.99938422,1.88668537,0.99738288,-0.07131615,-0.01190011,1.00709653
3,1598294978267074200,1598294978266977500,-0.07164049,-0.99688339,-0.03303360,-0.21065569,-0.00951505,0.03380024,-0.99938333,1.88682759,0.99738514,-0.07128200,-0.01190687,1.00773072
3,1598294978275797900,1598294978275665900,-0.07139507,-0.99692106,-0.03242209,-0.20831937,-0.00904974,0.03315113,-0.99940938,1.88698387,0.99740714,-0.07105950,-0.01138872,1.00891566
3,1598294978284878100,1598294978284820600,-0.07166454,-0.99690902,-0.03219647,-0.20632988,-0.00945718,0.03295716,-0.99941200,1.88712704,0.99738401,-0.07131791,-0.01178982,1.00967360
3,1598294978293753100,1598294978293700300,-0.07160872,-0.99690920,-0.03231683,-0.20381272,-0.00906618,0.03304922,-0.99941260,1.88692927,0.99739170,-0.07127365,-0.01140479,1.00795484
3,1598294978302822900,1598294978302783300,-0.07166612,-0.99691486,-0.03201249,-0.20143628,-0.00957292,0.03278101,-0.99941671,1.88704872,0.99738276,-0.07131782,-0.01189269,1.00902033
3,1598294978311657300,1598294978311598900,-0.07144839,-0.99694777,-0.03147133,-0.19899261,-0.00911971,0.03220359,-0.99943972,1.88723075,0.99740267,-0.07112131,-0.01139278,1.00900483
3,1598294978320776400,1598294978320743400,-0.07168004,-0.99693537,-0.03133564,-0.19712651,-0.00942465,0.03209203,-0.99944049,1.88720775,0.99738324,-0.07134458,-0.01169613,1.00931430
3,1598294978329656300,1598294978329563700,-0.07173577,-0.99694884,-0.03077614,-0.19481850,-0.00942756,0.03153197,-0.99945825,1.88691950,0.99737918,-0.07140675,-0.01166078,1.00822377
3,1598294978338729700,1598294978338695900,-0.07152075,-0.99697328,-0.03048329,-0.19238949,-0.00951700,0.03124226,-0.99946654,1.88728762,0.99739379,-0.07119247,-0.01172267,1.00998425
3,1598294978347642400,1598294978347574400,-0.07158986,-0.99697471,-0.03027390,-0.19057786,-0.00941606,0.03102595,-0.99947423,1.88728070,0.99738973,-0.07126716,-0.01160873,1.01035500
3,1598294978356683700,1598294978356660400,-0.07167214,-0.99697310,-0.03013014,-0.18822610,-0.00977075,0.03090816,-0.99947447,1.88738322,0.99738044,-0.07134008,-0.01195644,1.01089787
3,1598294978365639600,1598294978365569000,-0.07155240,-0.99697685,-0.03029236,-0.18573618,-0.00955029,0.03105360,-0.99947208,1.88721430,0.99739116,-0.07122529,-0.01174339,1.00927520
3,1598294978374644000,1598294978374617000,-0.07137373,-0.99701107,-0.02957781,-0.18320000,-0.00937230,0.03032248,-0.99949622,1.88726950,0.99740571,-0.07106057,-0.01150853,1.00865531
3,1598294978383471700,1598294978383416400,-0.07144713,-0.99701190,-0.02937239,-0.18143296,-0.00965092,0.03013727,-0.99949914,1.88745761,0.99739772,-0.07112786,-0.01177532,1.00896120
3,1598294978392609000,1598294978392556200,-0.07145166,-0.99700928,-0.02944930,-0.17904109,-0.00942166,0.03019808,-0.99949950,1.88728547,0.99739963,-0.07113841,-0.01155120,1.00869012
3,1598294978401464500,1598294978401403800,-0.07137927,-0.99701953,-0.02927768,-0.17668062,-0.00968054,0.03004363,-0.99950171,1.88734305,0.99740231,-0.07106027,-0.01179619,1.00847292
3,1598294978410551300,1598294978410469400,-0.07125440,-0.99703461,-0.02906705,-0.17409682,-0.00955874,0.02982234,-0.99950951,1.88725567,0.99741244,-0.07094166,-0.01165538,1.00831079
3,1598294978419389000,1598294978419295700,-0.07126611,-0.99704409,-0.02871281,-0.17258573,-0.00976454,0.02948200,-0.99951762,1.88720393,0.99740964,-0.07095137,-0.01183676,1.00848103
3,1598294978428496800,1598294978428444600,-0.07116732,-0.99705231,-0.02867250,-0.17023039,-0.01000017,0.02945715,-0.99951601,1.88738787,0.99741435,-0.07084614,-0.01206709,1.00937152
3,1598294978437446700,1598294978437383400,-0.07116729,-0.99705291,-0.02865027,-0.16789192,-0.01005346,0.02943864,-0.99951601,1.88746619,0.99741375,-0.07084480,-0.01211891,1.01033545
3,1598294978446512300,1598294978446454900,-0.07058829,-0.99709499,-0.02861880,-0.16538757,-0.00997746,0.02939470,-0.99951810,1.88753629,0.99745572,-0.07026872,-0.01202341,1.01162553
3,1598294978455274500,1598294978455222900,-0.07090828,-0.99709046,-0.02797721,-0.16373426,-0.01009423,0.02876366,-0.99953526,1.88734210,0.99743187,-0.07059291,-0.01210446,1.01225162
3,1598294978464413400,1598294978464375700,-0.07081169,-0.99709409,-0.02809163,-0.16124201,-0.01004218,0.02887351,-0.99953264,1.88714743,0.99743921,-0.07049647,-0.01205759,1.01041818
3,1598294978473220000,1598294978473198000,-0.07052329,-0.99712366,-0.02776563,-0.15886343,-0.01001426,0.02854127,-0.99954242,1.88742650,0.99745995,-0.07021296,-0.01199829,1.01025987
3,1598294978481976400,1598294978481840200,-0.07065806,-0.99711770,-0.02763729,-0.15676308,-0.01002132,0.02841474,-0.99954599,1.88752294,0.99745035,-0.07034901,-0.01200018,1.01038790
3,1598294978490737200,1598294978490647200,-0.07076180,-0.99711251,-0.02756102,-0.15453982,-0.00989572,0.02833066,-0.99954963,1.88732016,0.99744427,-0.07045722,-0.01187189,1.01051664
3,1598294978499849700,1598294978499802800,-0.07062155,-0.99712378,-0.02751209,-0.15207016,-0.01015606,0.02829829,-0.99954790,1.88730657,0.99745154,-0.07031018,-0.01212533,1.00961065
3,1598294978508669300,1598294978508590700,-0.07048655,-0.99713838,-0.02732874,-0.14960515,-0.01003596,0.02810440,-0.99955457,1.88731897,0.99746227,-0.07018089,-0.01198823,1.00942707
3,1598294978517723600,1598294978517674200,-0.07058129,-0.99714166,-0.02696140,-0.14769983,-0.01024342,0.02775193,-0.99956232,1.88729465,0.99745357,-0.07027426,-0.01217292,1.00921512
3,1598294978526556400,1598294978526498800,-0.07073158,-0.99712515,-0.02717685,-0.14533365,-0.01026333,0.02797114,-0.99955601,1.88728428,0.99744272,-0.07042122,-0.01221228,1.00898075
3,1598294978535764700,1598294978535725900,-0.07068968,-0.99713236,-0.02702232,-0.14296472,-0.01038722,0.02782447,-0.99955887,1.88755178,0.99744433,-0.07037783,-0.01232435,1.00984263
3,1598294978544661800,1598294978544612400,-0.07047144,-0.99716127,-0.02652093,-0.14057112,-0.01033626,0.02731558,-0.99957341,1.88759065,0.99746031,-0.07016724,-0.01223190,1.01058221
3,1598294978553781900,1598294978553726600,-0.07055256,-0.99715710,-0.02645992,-0.13873100,-0.01032824,0.02725485,-0.99957514,1.88757348,0.99745464,-0.07024929,-0.01222179,1.01026440
3,1598294978562532900,1598294978562471100,-0.07051510,-0.99716258,-0.02635561,-0.13651645,-0.01034842,0.02715125,-0.99957776,1.88747442,0.99745709,-0.07021257,-0.01223364,1.00976491
3,1598294978572253200,1598294978572175700,-0.07047206,-0.99718076,-0.02577433,-0.13394690,-0.01033577,0.02656714,-0.99959356,1.88736892,0.99746025,-0.07017699,-0.01217889,1.01029539
3,1598294978581434700,1598294978581400000,-0.07054457,-0.99717152,-0.02593383,-0.13195586,-0.01066767,0.02675129,-0.99958521,1.88720584,0.99745160,-0.07023865,-0.01252467,1.00913048
3,1598294978590512200,1598294978590446200,-0.07064727,-0.99717075,-0.02568167,-0.12964404,-0.01028475,0.02647281,-0.99959660,1.88710380,0.99744838,-0.07035461,-0.01212590,1.00929117
3,1598294978599555300,1598294978599465800,-0.07061967,-0.99717230,-0.02569743,-0.12733352,-0.01086782,0.02652937,-0.99958897,1.88724065,0.99744415,-0.07031137,-0.01271060,1.00945759
3,1598294978608576800,1598294978608527700,-0.07040998,-0.99718761,-0.02567958,-0.12488449,-0.01029099,0.02646826,-0.99959666,1.88734388,0.99746513,-0.07011732,-0.01212568,1.00957394
3,1598294978617396600,1598294978617356300,-0.07055786,-0.99719137,-0.02512065,-0.12303531,-0.01064962,0.02593504,-0.99960691,1.88731575,0.99745089,-0.07026255,-0.01244964,1.00992465
3,1598294978626413600,1598294978626384600,-0.07059348,-0.99718171,-0.02540085,-0.12057579,-0.01052931,0.02620789,-0.99960107,1.88726318,0.99744964,-0.07029787,-0.01234975,1.00843143
3,1598294978635448600,1598294978635366900,-0.07057163,-0.99718469,-0.02534645,-0.11829102,-0.01064720,0.02616139,-0.99960101,1.88724351,0.99744999,-0.07027364,-0.01246349,1.00931406
3,1598294978644361100,1598294978644292000,-0.07043293,-0.99720311,-0.02500805,-0.11601412,-0.01103110,0.02584743,-0.99960500,1.88757563,0.99745560,-0.07012922,-0.01282077,1.01103640
3,1598294978653267800,1598294978653198900,-0.07048744,-0.99720484,-0.02478347,-0.11410332,-0.01090620,0.02561422,-0.99961239,1.88735986,0.99745309,-0.07018980,-0.01268121,1.00988436
3,1598294978662359300,1598294978662264000,-0.07049599,-0.99719971,-0.02496457,-0.11179471,-0.01094667,0.02579871,-0.99960721,1.88725376,0.99745208,-0.07019499,-0.01273474,1.01074314
3,1598294978671276200,1598294978671248800,-0.07051495,-0.99719632,-0.02504440,-0.10950089,-0.01111782,0.02589103,-0.99960291,1.88742208,0.99744880,-0.07020852,-0.01291236,1.01098061
3,1598294978680440600,1598294978680404600,-0.07046118,-0.99721706,-0.02435831,-0.10738993,-0.01090607,0.02518769,-0.99962324,1.88722181,0.99745494,-0.07016897,-0.01265048,1.01108146
3,1598294978689223800,1598294978689133300,-0.07057017,-0.99720573,-0.02451094,-0.10510266,-0.01094941,0.02534513,-0.99961877,1.88728905,0.99744678,-0.07027486,-0.01270743,1.01090527
3,1598294978698453400,1598294978698393100,-0.07033420,-0.99722093,-0.02456828,-0.10272455,-0.01103736,0.02540577,-0.99961627,1.88719988,0.99746251,-0.07003605,-0.01279359,1.01089120
3,1598294978707034500,1598294978706997900,-0.07033429,-0.99723184,-0.02412137,-0.10048735,-0.01120721,0.02496971,-0.99962538,1.88739920,0.99746060,-0.07003760,-0.01293242,1.01063204
3,1598294978716146500,1598294978716086800,-0.07018888,-0.99723881,-0.02425739,-0.09832489,-0.01075699,0.02507262,-0.99962777,1.88752365,0.99747580,-0.06990185,-0.01248711,1.01183915
3,1598294978725041200,1598294978725003300,-0.06968209,-0.99726897,-0.02447562,-0.09600532,-0.01121123,0.02531661,-0.99961662,1.88736951,0.99750638,-0.06938100,-0.01294474,1.01161361
3,1598294978734054000,1598294978734026900,-0.06981990,-0.99726081,-0.02441675,-0.09362304,-0.01094089,0.02524055,-0.99962151,1.88726819,0.99749970,-0.06952637,-0.01267322,1.01053882
3,1598294978742945100,1598294978742902100,-0.06979740,-0.99727613,-0.02385086,-0.09175825,-0.01099956,0.02467712,-0.99963492,1.88819456,0.99750066,-0.06950954,-0.01269201,1.01572037
3,1598294978752033200,1598294978751983600,-0.06965849,-0.99727166,-0.02443529,-0.08903050,-0.01082694,0.02524915,-0.99962252,1.88796449,0.99751222,-0.06936762,-0.01255623,1.01321983
3,1598294978761002700,1598294978760952900,-0.06975895,-0.99727422,-0.02403970,-0.08686745,-0.01134435,0.02488992,-0.99962580,1.88760519,0.99749941,-0.06946012,-0.01304974,1.01256275
3,1598294978770038600,1598294978769980300,-0.06956202,-0.99728018,-0.02436009,-0.08443415,-0.01102348,0.02518621,-0.99962199,1.88755631,0.99751681,-0.06926715,-0.01274551,1.01169014
3,1598294978778923200,1598294978778868900,-0.06938902,-0.99730784,-0.02371354,-0.08187914,-0.01130290,0.02455529,-0.99963456,1.88701999,0.99752569,-0.06909561,-0.01297635,1.00815701
3,1598294978787936600,1598294978787875400,-0.06939918,-0.99729639,-0.02416087,-0.08018148,-0.01097208,0.02498088,-0.99962771,1.88738906,0.99752873,-0.06910825,-0.01267608,1.01085711
3,1598294978796824600,1598294978796777800,-0.06946057,-0.99731195,-0.02332689,-0.07805848,-0.01118363,0.02416039,-0.99964553,1.88748503,0.99752212,-0.06917506,-0.01283178,1.01163673
3,1598294978805893600,1598294978805824200,-0.06922311,-0.99732041,-0.02367260,-0.07563949,-0.01131602,0.02451300,-0.99963546,1.88763809,0.99753714,-0.06893000,-0.01298257,1.01109767
3,1598294978814802700,1598294978814770500,-0.06927443,-0.99732816,-0.02318716,-0.07378316,-0.01154045,0.02404261,-0.99964428,1.88765502,0.99753100,-0.06898224,-0.01317517,1.01164055
3,1598294978824185200,1598294978824123600,-0.06935093,-0.99731141,-0.02367588,-0.07143438,-0.01143957,0.02452650,-0.99963373,1.88779902,0.99752682,-0.06905466,-0.01310976,1.01227546
3,1598294978832778800,1598294978832659600,-0.06925336,-0.99732488,-0.02339062,-0.06923020,-0.01147832,0.02424198,-0.99964023,1.88754296,0.99753308,-0.06895995,-0.01312646,1.01158428
3,1598294978841803400,1598294978841756100,-0.06903338,-0.99733865,-0.02345694,-0.06679034,-0.01152456,0.02430873,-0.99963808,1.88771951,0.99754781,-0.06873807,-0.01317201,1.01149201
3,1598294978850743900,1598294978850708400,-0.06918314,-0.99732363,-0.02364974,-0.06459212,-0.01142956,0.02449740,-0.99963456,1.88785791,0.99753857,-0.06888756,-0.01309379,1.01295590
3,1598294978859748700,1598294978859693400,-0.06934771,-0.99732089,-0.02328212,-0.06239879,-0.01157065,0.02414086,-0.99964160,1.88797069,0.99752557,-0.06905347,-0.01321378,1.01385546
3,1598294978868776800,1598294978868646900,-0.06916571,-0.99733198,-0.02334685,-0.06001663,-0.01160960,0.02420601,-0.99963957,1.88774407,0.99753767,-0.06886968,-0.01325286,1.01243162
3,1598294978877635800,1598294978877560700,-0.06910437,-0.99733639,-0.02333995,-0.05755150,-0.01185227,0.02421501,-0.99963647,1.88758576,0.99753910,-0.06880268,-0.01349408,1.01092386
3,1598294978886356300,1598294978886296800,-0.06922269,-0.99732769,-0.02336360,-0.05538678,-0.01170156,0.02422991,-0.99963790,1.88769221,0.99753267,-0.06892419,-0.01334756,1.01116657
3,1598294978895775800,1598294978895621800,-0.06916717,-0.99734062,-0.02297166,-0.05306017,-0.01195482,0.02385381,-0.99964398,1.88773584,0.99753350,-0.06886789,-0.01357294,1.01120710
3,1598294978904281300,1598294978904255100,-0.06908453,-0.99734211,-0.02315561,-0.05074012,-0.01153820,0.02400833,-0.99964517,1.88777971,0.99754417,-0.06879285,-0.01316614,1.01164508
3,1598294978913444600,1598294978913371700,-0.06924856,-0.99734747,-0.02242384,-0.04874229,-0.01206126,0.02331319,-0.99965543,1.88776636,0.99752665,-0.06895423,-0.01364369,1.01148534
3,1598294978922431800,1598294978922397100,-0.06923527,-0.99733287,-0.02310456,-0.04630923,-0.01159513,0.02396308,-0.99964559,1.88776803,0.99753308,-0.06894282,-0.01322331,1.01159167
3,1598294978931370100,1598294978931284900,-0.06909233,-0.99735457,-0.02258817,-0.04415071,-0.01196457,0.02346908,-0.99965298,1.88790798,0.99753857,-0.06879809,-0.01355446,1.01279759
3,1598294978940326600,1598294978940233300,-0.06893277,-0.99737012,-0.02238726,-0.04177439,-0.01176352,0.02325170,-0.99966043,1.88795257,0.99755204,-0.06864601,-0.01333540,1.01215339
3,1598294978949289500,1598294978949260200,-0.06920457,-0.99734908,-0.02248760,-0.03973758,-0.01176082,0.02335573,-0.99965805,1.88795698,0.99753320,-0.06891644,-0.01334598,1.01272416
3,1598294978958312300,1598294978958258600,-0.06917840,-0.99735254,-0.02241373,-0.03751528,-0.01181964,0.02328540,-0.99965894,1.88810611,0.99753433,-0.06888989,-0.01339921,1.01325369
3,1598294978967383600,1598294978967335600,-0.06904301,-0.99736011,-0.02249487,-0.03516054,-0.01199330,0.02337688,-0.99965477,1.88797498,0.99754167,-0.06874937,-0.01357566,1.01255083
3,1598294978976121600,1598294978976062400,-0.06894356,-0.99736965,-0.02237783,-0.03284132,-0.01178646,0.02324398,-0.99966031,1.88807416,0.99755102,-0.06865638,-0.01335800,1.01214695
3,1598294978985079700,1598294978985030700,-0.06896290,-0.99736911,-0.02234024,-0.03074324,-0.01198464,0.02322020,-0.99965852,1.88825810,0.99754733,-0.06867158,-0.01355445,1.01364994
3,1598294978994111000,1598294978994054000,-0.06898895,-0.99737024,-0.02220883,-0.02848601,-0.01172690,0.02307110,-0.99966502,1.88815796,0.99754858,-0.06870535,-0.01328773,1.01305032
3,1598294979003118000,1598294979003088500,-0.06842041,-0.99740219,-0.02253292,-0.02621484,-0.01181147,0.02339411,-0.99965656,1.88831699,0.99758673,-0.06813076,-0.01338143,1.01403499
3,1598294979011957600,1598294979011894100,-0.06862620,-0.99739915,-0.02203359,-0.02395725,-0.01211187,0.02291699,-0.99966401,1.88839376,0.99756896,-0.06833625,-0.01365309,1.01409245
3,1598294979021064500,1598294979021006500,-0.06856364,-0.99739271,-0.02251524,-0.02170300,-0.01138876,0.02334938,-0.99966246,1.88841701,0.99758178,-0.06828406,-0.01296000,1.01400852
3,1598294979029967100,1598294979029901900,-0.06865442,-0.99739474,-0.02214581,-0.01964521,-0.01205891,0.02302622,-0.99966210,1.88835275,0.99756771,-0.06836417,-0.01360836,1.01519918
3,1598294979039030000,1598294979038955600,-0.06825706,-0.99742138,-0.02217413,-0.01710308,-0.01134223,0.02300034,-0.99967110,1.88810718,0.99760336,-0.06798312,-0.01288292,1.01183128
3,1598294979047873600,1598294979047800600,-0.06830138,-0.99741977,-0.02210768,-0.01478291,-0.01177847,0.02296406,-0.99966687,1.88806725,0.99759531,-0.06801820,-0.01331657,1.01145506
3,1598294979056956500,1598294979056900300,-0.06832245,-0.99741811,-0.02212005,-0.01280510,-0.01167169,0.02296946,-0.99966800,1.88810861,0.99759507,-0.06804159,-0.01321090,1.01202846
3,1598294979065887600,1598294979065824900,-0.06839874,-0.99742073,-0.02176398,-0.01060116,-0.01225745,0.02265359,-0.99966824,1.88815713,0.99758279,-0.06810927,-0.01377532,1.01208711
3,1598294979074826100,1598294979074797500,-0.06835115,-0.99742198,-0.02185448,-0.00818229,-0.01173567,0.02270804,-0.99967325,1.88815713,0.99759233,-0.06807232,-0.01325755,1.01200938
3,1598294979083747800,1598294979083700700,-0.06846711,-0.99741888,-0.02163443,-0.00619912,-0.01200956,0.02250775,-0.99967450,1.88791490,0.99758112,-0.06818500,-0.01351961,1.01169252
3,1598294979092873200,1598294979092817800,-0.06853437,-0.99740803,-0.02191866,-0.00376165,-0.01159489,0.02276517,-0.99967360,1.88810003,0.99758142,-0.06825784,-0.01312505,1.01194334
3,1598294979101815500,1598294979101708000,-0.06851426,-0.99741328,-0.02173924,-0.00147510,-0.01197561,0.02261112,-0.99967259,1.88808739,0.99757838,-0.06823146,-0.01349383,1.01187611
3,1598294979110874700,1598294979110829400,-0.06847647,-0.99741983,-0.02155915,0.00069880,-0.01195467,0.02242867,-0.99967694,1.88836288,0.99758112,-0.06819665,-0.01345968,1.01345825
3,1598294979119626000,1598294979119568900,-0.06851101,-0.99742126,-0.02138255,0.00282371,-0.01210173,0.02226220,-0.99967891,1.88835156,0.99757707,-0.06823027,-0.01359574,1.01351714
3,1598294979129009300,1598294979128935700,-0.06859744,-0.99740857,-0.02169361,0.00516355,-0.01195258,0.02256493,-0.99967390,1.88821054,0.99757284,-0.06831574,-0.01346951,1.01349497
3,1598294979137705100,1598294979137653300,-0.06859756,-0.99741215,-0.02152814,0.00731444,-0.01200498,0.02240268,-0.99967694,1.88817263,0.99757224,-0.06831697,-0.01351069,1.01367974
3,1598294979146727300,1598294979146677900,-0.06858015,-0.99741805,-0.02130757,0.00965273,-0.01193212,0.02217639,-0.99968284,1.88826799,0.99757433,-0.06830415,-0.01342218,1.01287770
3,1598294979155617900,1598294979155562800,-0.06872606,-0.99740392,-0.02150043,0.01189601,-0.01186838,0.02236728,-0.99967939,1.88837385,0.99756503,-0.06844884,-0.01337479,1.01343727
3,1598294979164760300,1598294979164701600,-0.06874147,-0.99740636,-0.02133714,0.01421976,-0.01180718,0.02219962,-0.99968380,1.88835573,0.99756473,-0.06846783,-0.01330260,1.01294804
3,1598294979173634400,1598294979173587000,-0.06872416,-0.99740833,-0.02130154,0.01643968,-0.01189097,0.02216946,-0.99968350,1.88832688,0.99756485,-0.06844911,-0.01338374,1.01305151
3,1598294979182630900,1598294979182566000,-0.06866005,-0.99742210,-0.02085758,0.01840448,-0.01180467,0.02171771,-0.99969441,1.88871646,0.99757040,-0.06839281,-0.01326539,1.01418090
3,1598294979191538400,1598294979191478100,-0.06870550,-0.99741399,-0.02109203,0.02058876,-0.01189951,0.02195981,-0.99968803,1.88847792,0.99756604,-0.06843308,-0.01337751,1.01360488
3,1598294979200599100,1598294979200545400,-0.06869718,-0.99742115,-0.02078313,0.02280343,-0.01187595,0.02164847,-0.99969512,1.88857174,0.99756694,-0.06842941,-0.01333252,1.01399875
3,1598294979209540200,1598294979209497000,-0.06851864,-0.99743056,-0.02091926,0.02512288,-0.01181625,0.02177844,-0.99969298,1.88865221,0.99757993,-0.06825039,-0.01327813,1.01396251
3,1598294979218635300,1598294979218569100,-0.06869203,-0.99742061,-0.02082438,0.02722037,-0.01162415,0.02167248,-0.99969751,1.88867438,0.99757028,-0.06842917,-0.01308290,1.01417756
3,1598294979227427900,1598294979227389500,-0.06876591,-0.99741787,-0.02071195,0.02926719,-0.01175649,0.02156985,-0.99969822,1.88884854,0.99756360,-0.06850162,-0.01320941,1.01534629
3,1598294979236581400,1598294979236457300,-0.06865758,-0.99742717,-0.02062268,0.03153539,-0.01178573,0.02148095,-0.99969977,1.88896465,0.99757075,-0.06839389,-0.01323025,1.01498508
3,1598294979245389200,1598294979245327400,-0.06851119,-0.99744058,-0.02045863,0.03385806,-0.01185282,0.02131917,-0.99970245,1.88899469,0.99758005,-0.06824830,-0.01328309,1.01432681
3,1598294979254528000,1598294979254489000,-0.06867728,-0.99742377,-0.02072136,0.03636062,-0.01165503,0.02157114,-0.99969935,1.88929439,0.99757093,-0.06841511,-0.01310646,1.01511645
3,1598294979263316500,1598294979263259700,-0.06874305,-0.99741954,-0.02070690,0.03843749,-0.01182387,0.02156911,-0.99969745,1.88923705,0.99756444,-0.06847736,-0.01327609,1.01499915
3,1598294979272504000,1598294979272443900,-0.06838325,-0.99744594,-0.02062763,0.04115450,-0.01169780,0.02147625,-0.99970090,1.88867474,0.99759066,-0.06812149,-0.01313655,1.01185179
3,1598294979281395200,1598294979281368600,-0.06855413,-0.99744081,-0.02030522,0.04320955,-0.01186815,0.02116703,-0.99970549,1.88895762,0.99757689,-0.06829295,-0.01328887,1.01324320
3,1598294979290370700,1598294979290303700,-0.06843460,-0.99743873,-0.02080155,0.04544020,-0.01164475,0.02164762,-0.99969780,1.88892734,0.99758768,-0.06817168,-0.01309638,1.01358223
3,1598294979299226200,1598294979299173400,-0.06817821,-0.99746621,-0.02032289,0.04758191,-0.01211463,0.02119651,-0.99970192,1.88909507,0.99759972,-0.06791168,-0.01352909,1.01409960
3,1598294979308328900,1598294979308230800,-0.06802472,-0.99746895,-0.02070044,0.05013239,-0.01142261,0.02152580,-0.99970305,1.88894868,0.99761832,-0.06776804,-0.01285800,1.01436877
3,1598294979317183800,1598294979317139400,-0.06823942,-0.99745965,-0.02043974,0.05227363,-0.01229341,0.02132662,-0.99969697,1.88919961,0.99759328,-0.06796744,-0.01371751,1.01559854
3,1598294979326219000,1598294979326153500,-0.06819350,-0.99746192,-0.02048123,0.05446529,-0.01169893,0.02132710,-0.99970406,1.88902617,0.99760354,-0.06793368,-0.01312362,1.01428199
3,1598294979335125000,1598294979335078100,-0.06807449,-0.99747467,-0.02025700,0.05672634,-0.01199626,0.02112100,-0.99970496,1.88917089,0.99760824,-0.06781140,-0.01340378,1.01364923
3,1598294979344343600,1598294979344192800,-0.06785998,-0.99748272,-0.02057724,0.05935884,-0.01169586,0.02141872,-0.99970216,1.88899589,0.99762636,-0.06759906,-0.01311990,1.01309562
3,1598294979353046600,1598294979352995100,-0.06808892,-0.99747485,-0.02019599,0.06132233,-0.01218939,0.02107319,-0.99970359,1.88891566,0.99760485,-0.06782258,-0.01359347,1.01260376
3,1598294979362219600,1598294979362174200,-0.06814897,-0.99747139,-0.02016659,0.06343532,-0.01161778,0.02100564,-0.99971181,1.88908505,0.99760759,-0.06789503,-0.01301992,1.01335692
3,1598294979371062000,1598294979371008100,-0.06814149,-0.99747294,-0.02011375,0.06567538,-0.01214250,0.02098829,-0.99970597,1.88923156,0.99760187,-0.06787723,-0.01354200,1.01373982
3,1598294979380210100,1598294979380101800,-0.06807545,-0.99747545,-0.02021606,0.06814218,-0.01199430,0.02107986,-0.99970585,1.88925886,0.99760818,-0.06781292,-0.01339906,1.01514292
3,1598294979388961800,1598294979388926600,-0.06820276,-0.99746871,-0.02011525,0.07021248,-0.01208838,0.02098694,-0.99970663,1.88878143,0.99759835,-0.06793958,-0.01348916,1.01275396
3,1598294979398126700,1598294979397964100,-0.06826466,-0.99747068,-0.01980601,0.07219374,-0.01204374,0.02067480,-0.99971372,1.88905501,0.99759459,-0.06800658,-0.01342465,1.01436257
3,1598294979406947400,1598294979406882400,-0.06814814,-0.99747658,-0.01991154,0.07460248,-0.01197277,0.02077416,-0.99971247,1.88892615,0.99760342,-0.06789014,-0.01335829,1.01491189
3,1598294979415977900,1598294979415926800,-0.06826863,-0.99746692,-0.01998368,0.07695258,-0.01211475,0.02085776,-0.99970901,1.88906765,0.99759346,-0.06800660,-0.01350801,1.01526403
3,1598294979424829200,1598294979424776800,-0.06841415,-0.99745631,-0.02001225,0.07908201,-0.01197554,0.02087887,-0.99971026,1.88903344,0.99758518,-0.06815466,-0.01337350,1.01483011
3,1598294979434142500,1598294979434071300,-0.06844443,-0.99745655,-0.01989602,0.08146870,-0.01202511,0.02076617,-0.99971205,1.88898408,0.99758244,-0.06818548,-0.01341586,1.01360989
3,1598294979442816700,1598294979442777100,-0.06840971,-0.99746144,-0.01976845,0.08385336,-0.01197158,0.02063419,-0.99971539,1.88888431,0.99758554,-0.06815359,-0.01335279,1.01364541
3,1598294979451875200,1598294979451816500,-0.06851566,-0.99745375,-0.01979312,0.08589804,-0.01194902,0.02065879,-0.99971515,1.88895941,0.99757856,-0.06825963,-0.01333406,1.01343536
3,1598294979460893500,1598294979460780600,-0.06861046,-0.99744916,-0.01969814,0.08815801,-0.01188274,0.02056032,-0.99971801,1.88889718,0.99757284,-0.06835705,-0.01326309,1.01292658
3,1598294979469814900,1598294979469751300,-0.06874159,-0.99744111,-0.01964573,0.09032357,-0.01215208,0.02052803,-0.99971539,1.88905823,0.99756050,-0.06848326,-0.01353213,1.01374316
3,1598294979478781700,1598294979478738500,-0.06869513,-0.99744552,-0.01958613,0.09277391,-0.01186084,0.02044768,-0.99972057,1.88899791,0.99756730,-0.06844360,-0.01323521,1.01353240
3,1598294979487739000,1598294979487700600,-0.06880128,-0.99744403,-0.01928390,0.09445262,-0.01199127,0.02015514,-0.99972492,1.88901794,0.99755836,-0.06855112,-0.01334733,1.01397157
3,1598294979496682200,1598294979496598600,-0.06886235,-0.99744189,-0.01918040,0.09652531,-0.01214957,0.02006311,-0.99972486,1.88918185,0.99755222,-0.06861031,-0.01350009,1.01488328
3,1598294979505790000,1598294979505707700,-0.06873465,-0.99745250,-0.01908183,0.09891212,-0.01208194,0.01995793,-0.99972779,1.88915491,0.99756187,-0.06848541,-0.01342297,1.01549864
3,1598294979514691400,1598294979514558300,-0.06893760,-0.99743146,-0.01944711,0.10141611,-0.01199325,0.02032068,-0.99972159,1.88927996,0.99754894,-0.06868511,-0.01336331,1.01592851
3,1598294979523730400,1598294979523638900,-0.06897208,-0.99743551,-0.01911379,0.10347509,-0.01196172,0.01998489,-0.99972874,1.88913298,0.99754691,-0.06872475,-0.01330946,1.01620841
3,1598294979532628000,1598294979532572100,-0.06881338,-0.99744052,-0.01942308,0.10573196,-0.01215003,0.02030570,-0.99971998,1.88911283,0.99755561,-0.06855813,-0.01351625,1.01605892
3,1598294979541666200,1598294979541604600,-0.06879604,-0.99744749,-0.01912216,0.10805869,-0.01183564,0.01998227,-0.99973029,1.88907456,0.99756062,-0.06855118,-0.01318015,1.01590133
3,1598294979550516100,1598294979550468400,-0.06888145,-0.99743855,-0.01928401,0.11055911,-0.01184588,0.02014632,-0.99972683,1.88893509,0.99755460,-0.06863418,-0.01320325,1.01494265
3,1598294979559594400,1598294979559541000,-0.06901273,-0.99743199,-0.01915000,0.11266053,-0.01185344,0.02001426,-0.99972939,1.88882363,0.99754548,-0.06876707,-0.01320425,1.01608610
3,1598294979568484100,1598294979568442600,-0.06891304,-0.99743223,-0.01949623,0.11500430,-0.01188962,0.02036245,-0.99972194,1.88876677,0.99755192,-0.06866208,-0.01326234,1.01498985
3,1598294979577742500,1598294979577670000,-0.06884831,-0.99745119,-0.01874043,0.11730254,-0.01174209,0.01959392,-0.99973905,1.88864231,0.99755812,-0.06861031,-0.01306118,1.01383758
3,1598294979586474300,1598294979586430900,-0.06900057,-0.99743277,-0.01915488,0.11949086,-0.01163210,0.02000373,-0.99973220,1.88885522,0.99754888,-0.06875926,-0.01298252,1.01575756
3,1598294979595648200,1598294979595620700,-0.06895471,-0.99743748,-0.01907323,0.12184858,-0.01168336,0.01992483,-0.99973321,1.88885438,0.99755144,-0.06871346,-0.01302734,1.01532006
3,1598294979604519400,1598294979604445200,-0.06835544,-0.99748719,-0.01862566,0.12391794,-0.01150886,0.01945649,-0.99974447,1.88903117,0.99759471,-0.06812361,-0.01280991,1.01495576
3,1598294979613575600,1598294979613511100,-0.06883350,-0.99745280,-0.01870726,0.12636352,-0.01152122,0.01954529,-0.99974257,1.88894987,0.99756169,-0.06860024,-0.01283726,1.01467776
3,1598294979622615900,1598294979622564500,-0.06898037,-0.99743986,-0.01885753,0.12862587,-0.01139618,0.01968918,-0.99974120,1.88860250,0.99755299,-0.06874761,-0.01272518,1.01378584
3,1598294979631706500,1598294979631651800,-0.06879809,-0.99746013,-0.01844379,0.13078177,-0.01171669,0.01929419,-0.99974519,1.88839388,0.99756187,-0.06856447,-0.01301435,1.01385713
3,1598294979640449800,1598294979640354500,-0.06885725,-0.99745786,-0.01834531,0.13280666,-0.01173500,0.01919752,-0.99974680,1.88870215,0.99755758,-0.06862453,-0.01302706,1.01563954
3,1598294979649605400,1598294979649484000,-0.06879920,-0.99745518,-0.01870717,0.13503110,-0.01148460,0.01954224,-0.99974304,1.88847661,0.99756449,-0.06856665,-0.01279988,1.01567054
3,1598294979658251800,1598294979658199400,-0.06874827,-0.99746639,-0.01829242,0.13725996,-0.01169136,0.01914008,-0.99974847,1.88844681,0.99756557,-0.06851709,-0.01297760,1.01702714
3,1598294979667587600,1598294979667530700,-0.06900227,-0.99744236,-0.01864291,0.13975716,-0.01186891,0.01950693,-0.99973923,1.88829315,0.99754596,-0.06876305,-0.01318459,1.01585627
3,1598294979676269500,1598294979676227100,-0.06903812,-0.99744433,-0.01840254,0.14177418,-0.01167307,0.01925297,-0.99974650,1.88860166,0.99754584,-0.06880578,-0.01297243,1.01441145
3,1598294979685312000,1598294979685230700,-0.06908968,-0.99744630,-0.01810001,0.14405584,-0.01160165,0.01894549,-0.99975318,1.88884282,0.99754304,-0.06886262,-0.01288097,1.01477170
3,1598294979694167900,1598294979694115700,-0.06923345,-0.99743563,-0.01814197,0.14631391,-0.01203371,0.01901930,-0.99974668,1.88872838,0.99752796,-0.06899759,-0.01331963,1.01504922
3,1598294979703332300,1598294979703275100,-0.06948525,-0.99741656,-0.01822450,0.14874279,-0.01183737,0.01909175,-0.99974763,1.88853073,0.99751276,-0.06925198,-0.01313340,1.01386213
3,1598294979712120300,1598294979712078500,-0.06934196,-0.99743772,-0.01760202,0.15081513,-0.01174135,0.01845928,-0.99976063,1.88869321,0.99752390,-0.06911865,-0.01299128,1.01327229
3,1598294979721207500,1598294979721120900,-0.06945580,-0.99741328,-0.01851502,0.15305960,-0.01138134,0.01935092,-0.99974793,1.88858008,0.99752021,-0.06922755,-0.01269594,1.01455140
3,1598294979730121800,1598294979730058400,-0.06944728,-0.99741775,-0.01830482,0.15528667,-0.01184194,0.01917208,-0.99974602,1.88848531,0.99751544,-0.06921285,-0.01314282,1.01486349
3,1598294979739094000,1598294979739066500,-0.06908360,-0.99746019,-0.01734034,0.15718102,-0.01155617,0.01818084,-0.99976790,1.88826215,0.99754405,-0.06886718,-0.01278283,1.01422954
3,1598294979748151400,1598294979748022300,-0.06929010,-0.99743760,-0.01780890,0.15950167,-0.01186510,0.01867453,-0.99975520,1.88812280,0.99752605,-0.06906185,-0.01312867,1.01385903
3,1598294979757127500,1598294979757058900,-0.06926560,-0.99744284,-0.01761457,0.16189384,-0.01161006,0.01846177,-0.99976212,1.88810074,0.99753082,-0.06904462,-0.01285915,1.01613712
3,1598294979765942400,1598294979765893600,-0.06920880,-0.99744427,-0.01775733,0.16402876,-0.01253862,0.01866834,-0.99974710,1.88791299,0.99752355,-0.06896862,-0.01379860,1.01642680
3,1598294979774991300,1598294979774943400,-0.06910741,-0.99746352,-0.01705416,0.16582966,-0.01172318,0.01790584,-0.99977094,1.88839233,0.99754041,-0.06889161,-0.01293088,1.01511884
3,1598294979784044800,1598294979784004900,-0.06938389,-0.99744529,-0.01699799,0.16810417,-0.01228239,0.01789190,-0.99976444,1.88840699,0.99751449,-0.06915876,-0.01349243,1.01526284
3,1598294979792979400,1598294979792918400,-0.06940779,-0.99743527,-0.01748001,0.17062175,-0.01172040,0.01833640,-0.99976319,1.88846338,0.99751955,-0.06918648,-0.01296304,1.01551795
3,1598294979801874600,1598294979801822500,-0.06923309,-0.99745351,-0.01712947,0.17279971,-0.01240620,0.01803021,-0.99976045,1.88808191,0.99752343,-0.06900397,-0.01362290,1.01503015
3,1598294979810922200,1598294979810867900,-0.06919059,-0.99746031,-0.01690233,0.17468905,-0.01194185,0.01776985,-0.99977076,1.88876617,0.99753201,-0.06897289,-0.01314104,1.01484656
3,1598294979819848000,1598294979819815400,-0.06938061,-0.99744487,-0.01703587,0.17701221,-0.01201984,0.01791162,-0.99976730,1.88871562,0.99751794,-0.06915969,-0.01323185,1.01549792
3,1598294979828933500,1598294979828846800,-0.06923112,-0.99745011,-0.01733280,0.17950284,-0.01214867,0.01821617,-0.99976027,1.88839805,0.99752671,-0.06900394,-0.01337883,1.01523662
3,1598294979837877000,1598294979837806600,-0.06918094,-0.99745774,-0.01709260,0.18164361,-0.01231390,0.01798616,-0.99976242,1.88803518,0.99752820,-0.06895402,-0.01352690,1.01419282
3,1598294979846840700,1598294979846794200,-0.06909662,-0.99746776,-0.01684712,0.18354523,-0.01196909,0.01771515,-0.99977142,1.88855827,0.99753821,-0.06887916,-0.01316285,1.01533556
3,1598294979855675700,1598294979855618100,-0.06929180,-0.99745101,-0.01703509,0.18604481,-0.01205533,0.01791212,-0.99976689,1.88848829,0.99752367,-0.06907025,-0.01326578,1.01575160
3,1598294979864850200,1598294979864747000,-0.06894931,-0.99746889,-0.01737685,0.18842602,-0.01186314,0.01823686,-0.99976331,1.88866997,0.99754977,-0.06872684,-0.01309054,1.01586056
3,1598294979873663900,1598294979873612300,-0.06883290,-0.99749231,-0.01647079,0.19036102,-0.01223778,0.01735296,-0.99977452,1.88918304,0.99755323,-0.06861579,-0.01340156,1.01435518
3,1598294979882814000,1598294979882712100,-0.06892043,-0.99747723,-0.01700733,0.19295013,-0.01149445,0.01784072,-0.99977475,1.88967276,0.99755603,-0.06870940,-0.01269506,1.01520538
3,1598294979891636800,1598294979891578100,-0.06904346,-0.99746943,-0.01696606,0.19513667,-0.01228372,0.01785538,-0.99976510,1.88951576,0.99753809,-0.06881881,-0.01348544,1.01549411
3,1598294979900771100,1598294979900708400,-0.06926870,-0.99745542,-0.01687090,0.19744897,-0.01197750,0.01774185,-0.99977082,1.88961005,0.99752617,-0.06905073,-0.01317599,1.01540828
3,1598294979909606100,1598294979909561600,-0.06919986,-0.99746835,-0.01638678,0.19971347,-0.01205156,0.01726082,-0.99977839,1.88960755,0.99753010,-0.06898704,-0.01321550,1.01601100
3,1598294979918896300,1598294979918818600,-0.06915486,-0.99746430,-0.01681167,0.20208585,-0.01199542,0.01768222,-0.99977171,1.88966858,0.99753386,-0.06893739,-0.01318783,1.01630068
3,1598294979927650400,1598294979927555700,-0.06872928,-0.99749357,-0.01682121,0.20421374,-0.01213031,0.01769540,-0.99976981,1.88957095,0.99756163,-0.06850940,-0.01331612,1.01669526
3,1598294979936704500,1598294979936650800,-0.06863037,-0.99749899,-0.01690619,0.20651448,-0.01207743,0.01777563,-0.99976903,1.88915682,0.99756914,-0.06841034,-0.01326719,1.01499724
3,1598294979945497300,1598294979945457500,-0.06869888,-0.99750078,-0.01651561,0.20862591,-0.01210268,0.01738681,-0.99977559,1.88940251,0.99756408,-0.06848356,-0.01326690,1.01623225
3,1598294979954656400,1598294979954572900,-0.06855527,-0.99750572,-0.01681190,0.21117914,-0.01209335,0.01768121,-0.99977052,1.88880861,0.99757409,-0.06833619,-0.01327534,1.01307392
3,1598294979963487000,1598294979963420100,-0.06854779,-0.99751019,-0.01657634,0.21322489,-0.01226881,0.01745704,-0.99977231,1.88969171,0.99757248,-0.06832877,-0.01343491,1.01794100
3,1598294979972758300,1598294979972704100,-0.06834835,-0.99752963,-0.01622304,0.21539569,-0.01204486,0.01708495,-0.99978149,1.88997889,0.99758893,-0.06813803,-0.01318285,1.01852036
3,1598294979981470200,1598294979981402100,-0.06829444,-0.99753022,-0.01641568,0.21758914,-0.01200826,0.01727482,-0.99977863,1.89001989,0.99759305,-0.06808218,-0.01315839,1.01912260
3,1598294979990563100,1598294979990506600,-0.06839955,-0.99752241,-0.01644826,0.22002363,-0.01190908,0.01730208,-0.99977934,1.88980317,0.99758697,-0.06818858,-0.01306304,1.01755881
3,1598294979999416100,1598294979999392300,-0.06819275,-0.99753439,-0.01658597,0.22238719,-0.01215109,0.01745388,-0.99977380,1.88959002,0.99759829,-0.06797579,-0.01331137,1.01613736
3,1598294980008429400,1598294980008388100,-0.06813750,-0.99754494,-0.01617002,0.22466648,-0.01192619,0.01702095,-0.99978399,1.88968670,0.99760473,-0.06792992,-0.01305669,1.01558828
3,1598294980017370300,1598294980017257100,-0.06814256,-0.99753720,-0.01661887,0.22687876,-0.01196485,0.01747350,-0.99977571,1.88967729,0.99760389,-0.06792840,-0.01312608,1.01525402
3,1598294980026368600,1598294980026298600,-0.06811857,-0.99754423,-0.01629266,0.22920811,-0.01165503,0.01712515,-0.99978542,1.88981414,0.99760926,-0.06791410,-0.01279296,1.01498675
3,1598294980035336600,1598294980035239100,-0.06861696,-0.99751198,-0.01617428,0.23131156,-0.01249045,0.01707019,-0.99977624,1.89026833,0.99756497,-0.06839955,-0.01363069,1.01685452
3,1598294980044501800,1598294980044443900,-0.06839636,-0.99752676,-0.01619846,0.23389423,-0.01171001,0.01703806,-0.99978626,1.89010441,0.99758959,-0.06819206,-0.01284640,1.01506782
