3,1598297068440619800,1598297068440484000,-0.71712911,0.04331994,-0.69559276,0.06991982,0.02413485,0.99901134,0.03733406,1.88966727,0.69652236,0.00998531,-0.71746570,0.87567043
3,1598297068450003400,1598297068449945100,-0.71710986,0.04328264,-0.69561499,0.06969488,0.02408314,0.99901265,0.03733335,1.88966238,0.69654405,0.01001952,-0.71744418,0.87572575
3,1598297068458844500,1598297068458812900,-0.71707368,0.04331420,-0.69565022,0.06997764,0.02410406,0.99901128,0.03735639,1.88961816,0.69658053,0.01001929,-0.71740872,0.87554145
3,1598297068467950900,1598297068467889700,-0.71711266,0.04335749,-0.69560742,0.06993854,0.02417463,0.99900991,0.03734668,1.88977504,0.69653797,0.00996573,-0.71745086,0.87549090
3,1598297068477037600,1598297068476995400,-0.71714306,0.04331029,-0.69557905,0.06991732,0.02414630,0.99901199,0.03730870,1.88978231,0.69650769,0.00996001,-0.71748030,0.87552285
3,1598297068485860400,1598297068485823900,-0.71712035,0.04333703,-0.69560087,0.06994236,0.02416167,0.99901080,0.03733080,1.88968682,0.69653058,0.00996380,-0.71745801,0.87544489
3,1598297068494786000,1598297068494707800,-0.71710879,0.04333305,-0.69561297,0.07002687,0.02410773,0.99901026,0.03738041,1.88968420,0.69654429,0.01003618,-0.71744370,0.87550068
3,1598297068503964900,1598297068503872900,-0.71710914,0.04340456,-0.69560814,0.07009292,0.02415036,0.99900705,0.03743921,1.88976407,0.69654250,0.01004881,-0.71744531,0.87547517
3,1598297068512847100,1598297068512789200,-0.71710914,0.04337857,-0.69560981,0.07010496,0.02416058,0.99900860,0.03739136,1.88976121,0.69654214,0.01000735,-0.71744615,0.87549400
3,1598297068522043100,1598297068521947000,-0.71710640,0.04339388,-0.69561160,0.07011521,0.02418463,0.99900812,0.03738853,1.88962650,0.69654405,0.00998844,-0.71744454,0.87534356
3,1598297068530683300,1598297068530623300,-0.71712762,0.04343972,-0.69558692,0.07013977,0.02418314,0.99900562,0.03745632,1.88971305,0.69652230,0.01003949,-0.71746504,0.87537980
3,1598297068539873500,1598297068539783800,-0.71711677,0.04339607,-0.69560087,0.07025909,0.02414420,0.99900740,0.03743351,1.88972235,0.69653481,0.01004947,-0.71745276,0.87545896
3,1598297068548709200,1598297068548664300,-0.71713161,0.04339331,-0.69558567,0.07012081,0.02415995,0.99900776,0.03741363,1.88971114,0.69651896,0.01002518,-0.71746844,0.87557268
3,1598297068557766700,1598297068557729300,-0.71715850,0.04331372,-0.69556284,0.07005322,0.02409897,0.99901116,0.03736270,1.88957524,0.69649339,0.01003263,-0.71749318,0.87556720
3,1598297068566628300,1598297068566595000,-0.71715426,0.04336980,-0.69556379,0.07006180,0.02417658,0.99900925,0.03736320,1.88968039,0.69649512,0.00997882,-0.71749228,0.87551618
3,1598297068575746600,1598297068575682900,-0.71717167,0.04332727,-0.69554853,0.06985879,0.02414095,0.99901104,0.03733919,1.88966787,0.69647849,0.00998740,-0.71750832,0.87564301
3,1598297068584657400,1598297068584539900,-0.71717125,0.04334895,-0.69554758,0.06994307,0.02412107,0.99900955,0.03739080,1.88965917,0.69647944,0.01003825,-0.71750659,0.87569308
3,1598297068593567300,1598297068593522800,-0.71713561,0.04330620,-0.69558692,0.07008469,0.02406985,0.99901116,0.03738143,1.88964117,0.69651794,0.01006489,-0.71746892,0.87564468
3,1598297068602543400,1598297068602507700,-0.71713781,0.04340260,-0.69557869,0.07009232,0.02414073,0.99900699,0.03744690,1.88973153,0.69651330,0.01006281,-0.71747345,0.87560081
3,1598297068611937600,1598297068611878400,-0.71715558,0.04341789,-0.69555950,0.06996441,0.02415033,0.99900627,0.03745935,1.88970244,0.69649470,0.01006619,-0.71749151,0.87569022
3,1598297068620534700,1598297068620391300,-0.71715152,0.04338800,-0.69556546,0.06994951,0.02415416,0.99900794,0.03741238,1.88959682,0.69649863,0.01002955,-0.71748805,0.87559628
3,1598297068629572600,1598297068629508700,-0.71711224,0.04336547,-0.69560730,0.06998277,0.02410877,0.99900854,0.03742597,1.88958287,0.69654059,0.01006838,-0.71744680,0.87566495
3,1598297068638613200,1598297068638375200,-0.71714628,0.04343117,-0.69556820,0.06993306,0.02417971,0.99900597,0.03744796,1.88970089,0.69650316,0.01003703,-0.71748358,0.87560868
3,1598297068647651700,1598297068647596300,-0.71715903,0.04334708,-0.69556022,0.06998408,0.02413721,0.99900991,0.03737123,1.88965988,0.69649148,0.01001224,-0.71749532,0.87546778
3,1598297068656385200,1598297068656308000,-0.71715796,0.04337010,-0.69555992,0.06969249,0.02418382,0.99900931,0.03735625,1.88953412,0.69649100,0.00996904,-0.71749640,0.87551832
3,1598297068665489700,1598297068665434200,-0.71714002,0.04341963,-0.69557536,0.06997752,0.02419934,0.99900693,0.03741103,1.88956511,0.69650900,0.00999648,-0.71747851,0.87514520
3,1598297068674340300,1598297068674258800,-0.71714163,0.04335289,-0.69557786,0.06988239,0.02416908,0.99901009,0.03734638,1.88956094,0.69650829,0.00997116,-0.71747953,0.87529325
3,1598297068683414300,1598297068683320300,-0.71716464,0.04340213,-0.69555104,0.06985509,0.02420550,0.99900794,0.03738006,1.88945282,0.69648343,0.00997149,-0.71750373,0.87521148
3,1598297068692375400,1598297068692298200,-0.71712214,0.04334791,-0.69559824,0.06986022,0.02412505,0.99900973,0.03738419,1.88944519,0.69652998,0.01002768,-0.71745771,0.87536812
3,1598297068701318000,1598297068701277500,-0.71714568,0.04341257,-0.69556999,0.06981421,0.02418333,0.99900705,0.03741750,1.88958549,0.69650376,0.01001259,-0.71748340,0.87529659
3,1598297068710277500,1598297068710238900,-0.71714598,0.04336276,-0.69557273,0.06970024,0.02417400,0.99900961,0.03735558,1.88957369,0.69650376,0.00997463,-0.71748400,0.87533903
3,1598297068719218300,1598297068719179100,-0.71715921,0.04343511,-0.69555461,0.06975245,0.02417137,0.99900568,0.03746248,1.88958311,0.69649017,0.01005406,-0.71749604,0.87542725
3,1598297068728153300,1598297068728103400,-0.71708900,0.04341387,-0.69562835,0.06992924,0.02415921,0.99900669,0.03744305,1.88956714,0.69656289,0.01004417,-0.71742553,0.87525177
3,1598297068737283000,1598297068737246900,-0.71709687,0.04346534,-0.69561696,0.06988442,0.02417439,0.99900413,0.03750150,1.88963592,0.69655418,0.01007610,-0.71743351,0.87530541
3,1598297068746153500,1598297068746116800,-0.71710581,0.04343456,-0.69560969,0.06987572,0.02416775,0.99900568,0.03746431,1.88961101,0.69654524,0.01005455,-0.71744251,0.87524319
3,1598297068755323100,1598297068755235200,-0.71709841,0.04346669,-0.69561529,0.06988919,0.02418212,0.99900419,0.03749550,1.88957798,0.69655240,0.01006651,-0.71743542,0.87522602
3,1598297068764104000,1598297068764031200,-0.71708226,0.04343533,-0.69563401,0.06977820,0.02412417,0.99900502,0.03750980,1.88960123,0.69657111,0.01011602,-0.71741652,0.87547565
3,1598297068773114800,1598297068773079300,-0.71712583,0.04346151,-0.69558740,0.06982410,0.02414572,0.99900389,0.03752612,1.88967073,0.69652551,0.01011549,-0.71746087,0.87531233
3,1598297068782040200,1598297068782001600,-0.71710253,0.04349975,-0.69560903,0.06985033,0.02416672,0.99900216,0.03755892,1.88964546,0.69654870,0.01012301,-0.71743822,0.87528229
3,1598297068791066000,1598297068790998000,-0.71707809,0.04347196,-0.69563591,0.06988752,0.02412339,0.99900305,0.03756313,1.88965368,0.69657534,0.01015460,-0.71741188,0.87533331
3,1598297068799934500,1598297068799882200,-0.71706772,0.04356856,-0.69564056,0.06990778,0.02416720,0.99899846,0.03765652,1.88967001,0.69658446,0.01019059,-0.71740246,0.87534404
3,1598297068809037200,1598297068808965700,-0.71709365,0.04350828,-0.69561756,0.06971753,0.02415954,0.99900162,0.03757838,1.88964915,0.69655806,0.01014141,-0.71742886,0.87536144
3,1598297068817979900,1598297068817917100,-0.71708667,0.04351930,-0.69562411,0.06977677,0.02414882,0.99900085,0.03760511,1.88966322,0.69656563,0.01016763,-0.71742117,0.87539434
3,1598297068827057000,1598297068826993700,-0.71704543,0.04354244,-0.69566524,0.06994760,0.02412852,0.99899936,0.03765839,1.88964498,0.69660878,0.01021741,-0.71737850,0.87525630
3,1598297068835861500,1598297068835780000,-0.71705502,0.04360766,-0.69565117,0.07002282,0.02415328,0.99899614,0.03772675,1.88964820,0.69659805,0.01024990,-0.71738851,0.87520432
3,1598297068845203100,1598297068845037100,-0.71706891,0.04352839,-0.69564188,0.06963229,0.02411715,0.99899989,0.03765041,1.88958216,0.69658506,0.01022103,-0.71740150,0.87508440
3,1598297068853864300,1598297068853787900,-0.71706760,0.04361046,-0.69563806,0.06959319,0.02414700,0.99899590,0.03773750,1.88965416,0.69658530,0.01026276,-0.71740067,0.87527061
3,1598297068862948100,1598297068862906000,-0.71704584,0.04354193,-0.69566482,0.06975651,0.02406345,0.99899840,0.03772466,1.88963830,0.69661063,0.01031021,-0.71737540,0.87537599
3,1598297068871745800,1598297068871703100,-0.71705675,0.04365439,-0.69564652,0.06985915,0.02414491,0.99899352,0.03780250,1.88965607,0.69659662,0.01031021,-0.71738899,0.87526226
3,1598297068880908400,1598297068880836400,-0.71705276,0.04366513,-0.69564998,0.06968057,0.02411954,0.99899256,0.03784397,1.88971639,0.69660157,0.01035737,-0.71738350,0.87546921
3,1598297068889712300,1598297068889651100,-0.71701878,0.04364633,-0.69568610,0.06981349,0.02410391,0.99899334,0.03783235,1.88970077,0.69663703,0.01035775,-0.71734905,0.87534547
3,1598297068898955200,1598297068898874000,-0.71702474,0.04374526,-0.69567376,0.06985486,0.02416787,0.99898893,0.03790868,1.88967109,0.69662869,0.01036852,-0.71735704,0.87540102
3,1598297068907678800,1598297068907619600,-0.71703970,0.04371884,-0.69566005,0.06971347,0.02415002,0.99899006,0.03788944,1.88963020,0.69661391,0.01036803,-0.71737134,0.87537551
3,1598297068916830100,1598297068916762700,-0.71705502,0.04371314,-0.69564462,0.06957543,0.02416842,0.99899065,0.03786263,1.88949323,0.69659758,0.01033696,-0.71738774,0.87523913
3,1598297068925634300,1598297068925578200,-0.71704465,0.04368927,-0.69565684,0.06966364,0.02413274,0.99899143,0.03786488,1.88946986,0.69660950,0.01036271,-0.71737581,0.87521625
3,1598297068934833600,1598297068934730400,-0.71703118,0.04376305,-0.69566607,0.06957924,0.02421759,0.99898869,0.03788316,1.88959265,0.69662035,0.01031605,-0.71736580,0.87515903
3,1598297068943669400,1598297068943603800,-0.71704155,0.04374194,-0.69565666,0.06969750,0.02418678,0.99898934,0.03788479,1.88960457,0.69661075,0.01033928,-0.71737492,0.87518644
3,1598297068952697000,1598297068952630100,-0.71702188,0.04378382,-0.69567430,0.06976593,0.02417498,0.99898690,0.03795666,1.88962948,0.69663143,0.01039784,-0.71735394,0.87521720
3,1598297068961562100,1598297068961495900,-0.71698654,0.04375859,-0.69571233,0.06979239,0.02413235,0.99898767,0.03796357,1.88962412,0.69666934,0.01043019,-0.71731675,0.87523770
3,1598297068970929200,1598297068970771600,-0.71702403,0.04381927,-0.69566989,0.06983304,0.02417292,0.99898493,0.03800973,1.88967216,0.69662929,0.01043752,-0.71735543,0.87510610
3,1598297068979537500,1598297068979462500,-0.71699226,0.04377572,-0.69570529,0.06978273,0.02414895,0.99898702,0.03797119,1.88966656,0.69666278,0.01042450,-0.71732312,0.87510705
3,1598297068988672900,1598297068988578800,-0.71701443,0.04377131,-0.69568276,0.06978917,0.02413418,0.99898702,0.03798055,1.88958049,0.69664049,0.01044287,-0.71734452,0.87495470
3,1598297068997507000,1598297068997406100,-0.71702540,0.04374833,-0.69567299,0.06983244,0.02410921,0.99898785,0.03797349,1.88959265,0.69663012,0.01045583,-0.71735442,0.87506604
3,1598297069006783900,1598297069006671500,-0.71703720,0.04381049,-0.69565690,0.06990206,0.02417026,0.99898535,0.03800014,1.88963413,0.69661582,0.01043330,-0.71736860,0.87501144
3,1598297069015513400,1598297069015460900,-0.71706557,0.04374413,-0.69563174,0.06989658,0.02412539,0.99898833,0.03795167,1.88963079,0.69658816,0.01043145,-0.71739548,0.87499523
3,1598297069024466100,1598297069024435100,-0.71705306,0.04377805,-0.69564253,0.06993699,0.02410823,0.99898618,0.03801778,1.88968265,0.69660163,0.01049006,-0.71738148,0.87514710
3,1598297069033431800,1598297069033379000,-0.71705723,0.04380893,-0.69563633,0.06988180,0.02410686,0.99898452,0.03806363,1.88974392,0.69659746,0.01052419,-0.71738511,0.87536407
3,1598297069042417900,1598297069042335500,-0.71708745,0.04378650,-0.69560653,0.06963134,0.02409397,0.99898553,0.03804535,1.88972306,0.69656670,0.01052192,-0.71741498,0.87539339
3,1598297069051421900,1598297069051315100,-0.71709800,0.04382769,-0.69559312,0.06950951,0.02412159,0.99898368,0.03807629,1.88971090,0.69655502,0.01052561,-0.71742636,0.87546420
3,1598297069060431100,1598297069060342000,-0.71702027,0.04378575,-0.69567579,0.06963766,0.02408184,0.99898541,0.03805530,1.88971734,0.69663632,0.01053326,-0.71734726,0.87545919
3,1598297069069363800,1598297069069318800,-0.71702123,0.04385965,-0.69567025,0.06963456,0.02414490,0.99898231,0.03809651,1.88976109,0.69663316,0.01051912,-0.71735048,0.87553406
3,1598297069078348200,1598297069078282400,-0.71705258,0.04380767,-0.69564104,0.06959510,0.02409006,0.99898434,0.03807902,1.88976467,0.69660270,0.01054662,-0.71737963,0.87555528
3,1598297069087311000,1598297069087275800,-0.71705037,0.04383087,-0.69564193,0.06954837,0.02411556,0.99898344,0.03808604,1.88964236,0.69660413,0.01053382,-0.71737844,0.87541461
3,1598297069096256200,1598297069096215400,-0.71702653,0.04381745,-0.69566739,0.06978405,0.02407919,0.99898362,0.03810370,1.88960934,0.69662988,0.01057026,-0.71735293,0.87517834
3,1598297069105241400,1598297069105181200,-0.71701545,0.04387615,-0.69567525,0.06985879,0.02412311,0.99898112,0.03814251,1.88966751,0.69663990,0.01056692,-0.71734321,0.87510252
3,1598297069114189000,1598297069114151900,-0.71702147,0.04386130,-0.69566983,0.06995535,0.02409065,0.99898142,0.03815476,1.88968658,0.69663477,0.01059864,-0.71734774,0.87518167
3,1598297069123135300,1598297069123059200,-0.71704203,0.04388048,-0.69564748,0.07013786,0.02408280,0.99898022,0.03819083,1.88969469,0.69661391,0.01063129,-0.71736753,0.87518764
3,1598297069132134000,1598297069132073200,-0.71703243,0.04392635,-0.69565439,0.07013559,0.02407973,0.99897766,0.03825966,1.88974285,0.69662380,0.01068225,-0.71735710,0.87534714
3,1598297069141110000,1598297069141040100,-0.71705818,0.04388060,-0.69563079,0.07011545,0.02404918,0.99897969,0.03822598,1.88972163,0.69659841,0.01068091,-0.71738183,0.87526059
3,1598297069150068400,1598297069150028600,-0.71704233,0.04387206,-0.69564772,0.07020628,0.02401101,0.99897957,0.03825267,1.88970840,0.69661605,0.01072558,-0.71736401,0.87530994
3,1598297069159050000,1598297069158979500,-0.71708369,0.04383940,-0.69560707,0.07024121,0.02401019,0.99898136,0.03820752,1.88975477,0.69657350,0.01069633,-0.71740586,0.87559056
3,1598297069168079700,1598297069168011000,-0.71707702,0.04389102,-0.69561076,0.07027745,0.02409484,0.99897981,0.03819432,1.88985372,0.69657743,0.01062764,-0.71740299,0.87566710
3,1598297069176970600,1598297069176920700,-0.71706152,0.04385062,-0.69562924,0.07028282,0.02405811,0.99898148,0.03817381,1.88983607,0.69659472,0.01063744,-0.71738613,0.87562752
3,1598297069185934800,1598297069185885000,-0.71707100,0.04384442,-0.69561982,0.07030964,0.02406602,0.99898189,0.03815697,1.88976932,0.69658458,0.01062046,-0.71739614,0.87561369
3,1598297069194912800,1598297069194883600,-0.71707410,0.04382073,-0.69561815,0.07037687,0.02399904,0.99898219,0.03819198,1.88978839,0.69658375,0.01069231,-0.71739590,0.87577963
3,1598297069203932600,1598297069203859000,-0.71709239,0.04386546,-0.69559646,0.07044482,0.02406463,0.99898070,0.03818908,1.88990009,0.69656265,0.01064583,-0.71741718,0.87574887
3,1598297069212925200,1598297069212827000,-0.71709901,0.04380079,-0.69559371,0.07025135,0.02403243,0.99898380,0.03812951,1.88986158,0.69655699,0.01062583,-0.71742290,0.87569714
3,1598297069222081200,1598297069221981000,-0.71709496,0.04377959,-0.69559926,0.07020319,0.02401355,0.99898463,0.03811842,1.88976383,0.69656175,0.01063072,-0.71741819,0.87570095
3,1598297069230713200,1598297069230662000,-0.71709311,0.04377326,-0.69560152,0.07030916,0.02401150,0.99898499,0.03811140,1.88977301,0.69656372,0.01062698,-0.71741635,0.87579179
3,1598297069239837400,1598297069239800600,-0.71710908,0.04380910,-0.69558287,0.07042384,0.02405828,0.99898368,0.03811503,1.88983047,0.69654572,0.01059810,-0.71743423,0.87570548
3,1598297069248681400,1598297069248623000,-0.71708453,0.04376174,-0.69561112,0.07018256,0.02402667,0.99898583,0.03807904,1.88980758,0.69657207,0.01059267,-0.71740872,0.87584448
3,1598297069257993100,1598297069257846100,-0.71711481,0.04375011,-0.69558060,0.07027972,0.02398383,0.99898583,0.03810712,1.88972461,0.69654238,0.01064449,-0.71743679,0.87565041
3,1598297069266731700,1598297069266676000,-0.71712214,0.04380106,-0.69556987,0.07023835,0.02405160,0.99898404,0.03811066,1.88981330,0.69653249,0.01060043,-0.71744710,0.87572527
3,1598297069275753700,1598297069275665300,-0.71714371,0.04371670,-0.69555295,0.06986070,0.02403784,0.99898845,0.03800414,1.88974762,0.69651073,0.01053484,-0.71746910,0.87572002
3,1598297069284656900,1598297069284623100,-0.71717548,0.04373304,-0.69551921,0.06980050,0.02405446,0.99898773,0.03801118,1.88968003,0.69647747,0.01053035,-0.71750152,0.87573981
3,1598297069293755700,1598297069293602000,-0.71710700,0.04371687,-0.69559073,0.06996894,0.02400182,0.99898791,0.03804068,1.88965082,0.69654977,0.01058380,-0.71743053,0.87562108
3,1598297069302504100,1598297069302431100,-0.71710646,0.04376717,-0.69558811,0.06992626,0.02405688,0.99898601,0.03805620,1.88977194,0.69654846,0.01055667,-0.71743220,0.87556577
3,1598297069311734200,1598297069311675000,-0.71712649,0.04374820,-0.69556868,0.06992328,0.02405515,0.99898696,0.03803118,1.88976192,0.69652784,0.01054115,-0.71745241,0.87559485
3,1598297069320604600,1598297069320568000,-0.71712768,0.04374716,-0.69556749,0.06984472,0.02410192,0.99898773,0.03798154,1.88963509,0.69652504,0.01047310,-0.71745610,0.87547588
3,1598297069329557500,1598297069329506400,-0.71710336,0.04370850,-0.69559503,0.06999958,0.02403749,0.99898893,0.03799184,1.88960671,0.69655228,0.01052372,-0.71742898,0.87538505
3,1598297069338442100,1598297069338404600,-0.71710408,0.04378609,-0.69558942,0.06996787,0.02410220,0.99898565,0.03803665,1.88965070,0.69654930,0.01051101,-0.71743208,0.87538624
3,1598297069347628500,1598297069347524500,-0.71714437,0.04380574,-0.69554663,0.07011271,0.02413323,0.99898499,0.03803378,1.88960111,0.69650674,0.01048993,-0.71747369,0.87528658
3,1598297069356472600,1598297069356435900,-0.71718174,0.04391252,-0.69550145,0.07052350,0.02417906,0.99897981,0.03814075,1.88957262,0.69646668,0.01053728,-0.71751183,0.87514591
3,1598297069365491300,1598297069365460700,-0.71715546,0.04388309,-0.69553035,0.07120955,0.02418674,0.99898154,0.03809000,1.88967466,0.69649351,0.01049384,-0.71748650,0.87461233
3,1598297069374265400,1598297069374222300,-0.71674478,0.04397128,-0.69594800,0.07238281,0.02427131,0.99897832,0.03812069,1.88958168,0.69691324,0.01043123,-0.71707976,0.87401247
3,1598297069383504500,1598297069383478200,-0.71693391,0.04409520,-0.69574529,0.07351744,0.02442326,0.99897367,0.03814626,1.88927400,0.69671327,0.01035598,-0.71727508,0.87292480
3,1598297069392388500,1598297069392330800,-0.71692663,0.04406811,-0.69575447,0.07427239,0.02436372,0.99897426,0.03816850,1.88931262,0.69672287,0.01041285,-0.71726495,0.87379622
3,1598297069401422200,1598297069401351400,-0.71685445,0.04423019,-0.69581860,0.07671082,0.02462003,0.99896920,0.03813584,1.88929582,0.69678813,0.01020677,-0.71720451,0.87280369
3,1598297069410204300,1598297069410168000,-0.71675265,0.04397762,-0.69593954,0.07718325,0.02461339,0.99898297,0.03777797,1.88875842,0.69689310,0.00994803,-0.71710610,0.87144423
3,1598297069419312700,1598297069419255400,-0.71665764,0.04406173,-0.69603193,0.08081961,0.02447412,0.99897647,0.03804001,1.88878703,0.69699562,0.01022689,-0.71700251,0.87064052
3,1598297069428283700,1598297069428230400,-0.71744597,0.04379290,-0.69523633,0.08176506,0.02398007,0.99898309,0.03817976,1.88906634,0.69620132,0.01072010,-0.71776658,0.87408972
3,1598297069437277200,1598297069437216400,-0.71733832,0.04364761,-0.69535667,0.08484340,0.02408016,0.99899268,0.03786550,1.88937163,0.69630897,0.01041807,-0.71766669,0.87282515
3,1598297069446164500,1598297069446110700,-0.71701598,0.04282831,-0.69573987,0.08496034,0.02381283,0.99903309,0.03695736,1.88852429,0.69665003,0.00993148,-0.71734250,0.87054491
3,1598297069455231100,1598297069455171000,-0.71702921,0.04299393,-0.69571602,0.08932972,0.02378120,0.99902380,0.03722803,1.88861108,0.69663745,0.01014862,-0.71735168,0.87000108
3,1598297069464170000,1598297069464063100,-0.71919662,0.04254330,-0.69350296,0.08895135,0.02310615,0.99903601,0.03732416,1.88924408,0.69442236,0.01081923,-0.71948636,0.87598443
3,1598297069473256600,1598297069473169100,-0.71847379,0.04099393,-0.69434500,0.08751941,0.02283825,0.99911380,0.03535549,1.88929617,0.69517905,0.00954437,-0.71877337,0.87321591
3,1598297069482070200,1598297069482005900,-0.71822232,0.04111422,-0.69459814,0.09099162,0.02279352,0.99910724,0.03556978,1.88926291,0.69544041,0.00971467,-0.71851820,0.87258530
3,1598297069491085700,1598297069491033500,-0.71959591,0.04071956,-0.69319820,0.09028673,0.02215057,0.99911720,0.03569565,1.88988447,0.69403982,0.01033171,-0.71986258,0.87846231
3,1598297069499953500,1598297069499889100,-0.71951407,0.04033755,-0.69330555,0.09251249,0.02233985,0.99913943,0.03494707,1.89089847,0.69411862,0.00965657,-0.71979606,0.87787056
3,1598297069509109200,1598297069509053800,-0.71920323,0.03961542,-0.69366956,0.09145260,0.02221250,0.99917388,0.03403261,1.89018023,0.69444466,0.00906823,-0.71948910,0.87653828
3,1598297069517979300,1598297069517919300,-0.71917009,0.03971186,-0.69369841,0.09354377,0.02229193,0.99917018,0.03408862,1.88990867,0.69447649,0.00905164,-0.71945858,0.87621427
3,1598297069526660700,1598297069526582200,-0.71979719,0.03943852,-0.69306326,0.09434700,0.02191724,0.99917823,0.03409521,1.89029551,0.69383836,0.00935160,-0.72007006,0.87937450
3,1598297069535597000,1598297069535545800,-0.71968269,0.03938269,-0.69318539,0.09644783,0.02215075,0.99918413,0.03377026,1.89096427,0.69394982,0.00894929,-0.71996784,0.87911010
3,1598297069544646300,1598297069544593700,-0.71964568,0.03884827,-0.69325393,0.09606194,0.02200509,0.99920809,0.03315039,1.89058995,0.69399273,0.00860142,-0.71993071,0.87875628
3,1598297069553497800,1598297069553403600,-0.71973985,0.03900156,-0.69314754,0.09802997,0.02224438,0.99920368,0.03312474,1.89010930,0.69388747,0.00842256,-0.72003430,0.87802720
3,1598297069562499200,1598297069562444900,-0.71975648,0.03885024,-0.69313884,0.09922433,0.02215448,0.99920976,0.03300019,1.89032769,0.69387311,0.00839597,-0.72004849,0.87971687
3,1598297069571333000,1598297069571302400,-0.71994120,0.03906577,-0.69293481,0.10158670,0.02258402,0.99920452,0.03286821,1.89088249,0.69366759,0.00801392,-0.72025079,0.87920642
3,1598297069580532700,1598297069580457900,-0.71963763,0.03867706,-0.69327188,0.10142577,0.02253852,0.99922246,0.03235010,1.89064670,0.69398403,0.00765503,-0.71994984,0.87902808
3,1598297069589343900,1598297069589290900,-0.71971726,0.03879403,-0.69318271,0.10323417,0.02280672,0.99921983,0.03224168,1.88988972,0.69389266,0.00739567,-0.72004056,0.87789464
3,1598297069598638300,1598297069598592200,-0.71959209,0.03892175,-0.69330549,0.10477519,0.02302830,0.99921632,0.03219398,1.89045930,0.69401520,0.00720089,-0.71992445,0.87781668
3,1598297069607329800,1598297069607278200,-0.71956366,0.03866708,-0.69334918,0.10507333,0.02293305,0.99922711,0.03192532,1.89018345,0.69404781,0.00707169,-0.71989429,0.87743092
3,1598297069616283900,1598297069616232400,-0.71958864,0.03857771,-0.69332838,0.10649860,0.02299462,0.99923182,0.03173304,1.88995552,0.69401991,0.00689191,-0.71992290,0.87740922
3,1598297069625239200,1598297069625182100,-0.71969771,0.03888430,-0.69319797,0.10794210,0.02313528,0.99921912,0.03203058,1.88999796,0.69390213,0.00701500,-0.72003525,0.87818456
3,1598297069634138100,1598297069634096700,-0.71982580,0.03906871,-0.69305456,0.10927451,0.02336298,0.99921280,0.03206195,1.89034390,0.69376159,0.00688720,-0.72017193,0.87838292
3,1598297069642935100,1598297069642848100,-0.71977282,0.03892909,-0.69311738,0.11053514,0.02340123,0.99921960,0.03182021,1.89021063,0.69381523,0.00668352,-0.72012210,0.87801981
3,1598297069652024900,1598297069651936700,-0.71982914,0.03896687,-0.69305682,0.11151254,0.02349411,0.99921876,0.03177904,1.88989639,0.69375366,0.00659273,-0.72018224,0.87794471
3,1598297069660887000,1598297069660820200,-0.71963263,0.03922945,-0.69324601,0.11373317,0.02349774,0.99920678,0.03215105,1.88985693,0.69395739,0.00684723,-0.71998364,0.87729883
3,1598297069669945900,1598297069669854200,-0.71984881,0.03896739,-0.69303632,0.11507356,0.02378204,0.99922138,0.03148115,1.89020765,0.69372344,0.00617985,-0.72021508,0.87742972
3,1598297069678782300,1598297069678726600,-0.71976644,0.03922310,-0.69310749,0.11586821,0.02372953,0.99920923,0.03190322,1.89003539,0.69381070,0.00651575,-0.72012806,0.87767267
3,1598297069688093600,1598297069687926100,-0.71977371,0.03906587,-0.69310880,0.11759984,0.02405398,0.99921930,0.03133988,1.88989890,0.69379205,0.00588559,-0.72015148,0.87706232
3,1598297069696761800,1598297069696716100,-0.71948785,0.03938941,-0.69338727,0.11934495,0.02392626,0.99920350,0.03193508,1.88980031,0.69409287,0.00638675,-0.71985728,0.87676144
3,1598297069705987700,1598297069705913000,-0.71962535,0.03918045,-0.69325638,0.12083709,0.02406991,0.99921429,0.03148669,1.88991165,0.69394529,0.00597200,-0.72000301,0.87662935
3,1598297069714751400,1598297069714702700,-0.71962082,0.03953001,-0.69324124,0.12237704,0.02406521,0.99919826,0.03199534,1.88986254,0.69395024,0.00634152,-0.71999520,0.87681341
3,1598297069723891900,1598297069723840500,-0.71950436,0.03917013,-0.69338250,0.12363148,0.02405123,0.99921465,0.03148970,1.88993394,0.69407141,0.00598027,-0.71988142,0.87700033
3,1598297069733170500,1598297069733124700,-0.71950257,0.03989974,-0.69334280,0.12521517,0.02418470,0.99918222,0.03240268,1.88990152,0.69406867,0.00654552,-0.71987915,0.87735009
3,1598297069742246600,1598297069742212800,-0.71955413,0.03979822,-0.69329512,0.12664318,0.02422388,0.99918735,0.03221642,1.88997555,0.69401383,0.00638716,-0.71993339,0.87741804
3,1598297069751145600,1598297069751097400,-0.71943593,0.03984114,-0.69341528,0.12804461,0.02416929,0.99918485,0.03233330,1.88988566,0.69413829,0.00650239,-0.71981239,0.87775683
3,1598297069760163200,1598297069760109500,-0.71930623,0.03982908,-0.69355053,0.12966323,0.02424851,0.99918622,0.03223206,1.88986242,0.69426990,0.00636715,-0.71968675,0.87712264
3,1598297069769105300,1598297069769041300,-0.71906853,0.03995165,-0.69378996,0.13180172,0.02431772,0.99918127,0.03233375,1.88988805,0.69451368,0.00637880,-0.71945131,0.87641811
3,1598297069778153700,1598297069778107400,-0.71955287,0.04035897,-0.69326401,0.13328099,0.02445478,0.99916321,0.03278505,1.88999808,0.69400704,0.00663696,-0.71993768,0.87735868
3,1598297069787058700,1598297069787016200,-0.71914440,0.04028855,-0.69369179,0.13490820,0.02443053,0.99916649,0.03270314,1.89000344,0.69443119,0.00657102,-0.71952927,0.87731028
3,1598297069796133000,1598297069796097800,-0.71912926,0.04034466,-0.69370425,0.13696408,0.02444452,0.99916399,0.03276925,1.88992512,0.69444633,0.00660806,-0.71951425,0.87677360
3,1598297069805000400,1598297069804950700,-0.71879917,0.04037568,-0.69404447,0.13858449,0.02449744,0.99916315,0.03275461,1.89008164,0.69478619,0.00654168,-0.71918678,0.87692928
3,1598297069814049900,1598297069813979000,-0.71936738,0.04082675,-0.69342911,0.14042819,0.02462582,0.99914265,0.03327916,1.88993371,0.69419324,0.00686369,-0.71975601,0.87659121
3,1598297069822943100,1598297069822859300,-0.71902227,0.04061577,-0.69379938,0.14227891,0.02461489,0.99915278,0.03298173,1.88993943,0.69455111,0.00663680,-0.71941280,0.87651515
3,1598297069832055000,1598297069832014600,-0.71894908,0.04112557,-0.69384515,0.14446509,0.02469284,0.99912912,0.03363411,1.88977206,0.69462413,0.00704821,-0.71933842,0.87595463
3,1598297069840832000,1598297069840769900,-0.71892548,0.04087546,-0.69388437,0.14573276,0.02474709,0.99914175,0.03321744,1.88978124,0.69464660,0.00670925,-0.71932000,0.87598014
3,1598297069849977200,1598297069849900600,-0.71908617,0.04128694,-0.69369346,0.14765811,0.02475169,0.99912184,0.03380756,1.88977981,0.69448006,0.00714047,-0.71947652,0.87611556
3,1598297069858828300,1598297069858745500,-0.71913779,0.04120079,-0.69364506,0.14851820,0.02479809,0.99912643,0.03363617,1.88992107,0.69442499,0.00698797,-0.71953124,0.87707424
3,1598297069867953900,1598297069867897500,-0.71901053,0.04158501,-0.69375408,0.15029275,0.02482680,0.99910802,0.03415790,1.88981640,0.69455576,0.00733620,-0.71940160,0.87693858
3,1598297069876793800,1598297069876709300,-0.71896273,0.04144220,-0.69381213,0.15169406,0.02479316,0.99911469,0.03398636,1.88997257,0.69460636,0.00723313,-0.71935374,0.87723732
3,1598297069885985800,1598297069885920600,-0.71901715,0.04157158,-0.69374800,0.15327787,0.02479289,0.99910831,0.03417379,1.88986039,0.69455004,0.00737153,-0.71940672,0.87716079
3,1598297069894751800,1598297069894694600,-0.71904016,0.04152038,-0.69372720,0.15468192,0.02484414,0.99911135,0.03404731,1.88987076,0.69452441,0.00724633,-0.71943283,0.87708044
3,1598297069903848600,1598297069903817900,-0.71902853,0.04176763,-0.69372445,0.15615451,0.02480848,0.99909878,0.03444017,1.88986397,0.69453776,0.00755322,-0.71941674,0.87710929
3,1598297069912636200,1598297069912609600,-0.71903533,0.04173204,-0.69371951,0.15793955,0.02482983,0.99910080,0.03436690,1.88999808,0.69452995,0.00748608,-0.71942502,0.87734532
3,1598297069921873300,1598297069921813100,-0.71902633,0.04180812,-0.69372427,0.16009402,0.02481553,0.99909687,0.03449115,1.88987029,0.69453979,0.00758491,-0.71941435,0.87655139
3,1598297069930646800,1598297069930612700,-0.71861804,0.04193439,-0.69413960,0.16147816,0.02485042,0.99909121,0.03463038,1.88982725,0.69496095,0.00763636,-0.71900702,0.87657452
3,1598297069939929500,1598297069939867200,-0.71897113,0.04207374,-0.69376540,0.16277826,0.02483464,0.99908382,0.03485299,1.88982868,0.69459617,0.00782888,-0.71935737,0.87678099
3,1598297069948689800,1598297069948591200,-0.71888018,0.04192600,-0.69386864,0.16461897,0.02479361,0.99909085,0.03468126,1.89010763,0.69469178,0.00772816,-0.71926612,0.87733269
3,1598297069957838300,1598297069957694400,-0.71910769,0.04193272,-0.69363242,0.16622460,0.02477747,0.99909019,0.03471133,1.89009464,0.69445693,0.00777473,-0.71949238,0.87739873
3,1598297069966541400,1598297069966506100,-0.71869385,0.04232913,-0.69403720,0.16765964,0.02472064,0.99906975,0.03533410,1.89003944,0.69488728,0.00823736,-0.71907169,0.87753296
3,1598297069975738300,1598297069975700500,-0.71916091,0.04195182,-0.69357610,0.16907990,0.02472646,0.99908864,0.03479255,1.89011145,0.69440353,0.00787176,-0.71954286,0.87758327
3,1598297069984506100,1598297069984453100,-0.71898615,0.04224717,-0.69373941,0.17110169,0.02461368,0.99907249,0.03533185,1.89015603,0.69458854,0.00832763,-0.71935910,0.87793970
3,1598297069993625800,1598297069993551200,-0.71898139,0.04212048,-0.69375199,0.17261422,0.02460209,0.99907881,0.03516132,1.89019144,0.69459391,0.00821258,-0.71935523,0.87803602
3,1598297070002528400,1598297070002414100,-0.71877766,0.04221296,-0.69395739,0.17473030,0.02460519,0.99907422,0.03528779,1.89012289,0.69480455,0.00828913,-0.71915090,0.87731719
3,1598297070011521600,1598297070011465400,-0.71846968,0.04229880,-0.69427097,0.17681587,0.02450180,0.99906880,0.03551294,1.89012694,0.69512665,0.00850408,-0.71883708,0.87751365
3,1598297070020502000,1598297070020443800,-0.71897209,0.04244237,-0.69374192,0.17855132,0.02456107,0.99906188,0.03566719,1.89015198,0.69460493,0.00860467,-0.71934003,0.87753177
3,1598297070029461900,1598297070029406800,-0.71851110,0.04238217,-0.69422317,0.18048561,0.02449395,0.99906445,0.03564177,1.89009762,0.69508421,0.00860474,-0.71887702,0.87734008
3,1598297070038400900,1598297070038355300,-0.71892858,0.04271207,-0.69377053,0.18166888,0.02457313,0.99904811,0.03604230,1.89010692,0.69464958,0.00886373,-0.71929377,0.87784028
3,1598297070047645100,1598297070047582900,-0.71853471,0.04259847,-0.69418538,0.18330574,0.02451385,0.99905348,0.03593291,1.89019847,0.69505906,0.00880189,-0.71889883,0.87796783
3,1598297070056311100,1598297070056256300,-0.71896368,0.04282798,-0.69372696,0.18545067,0.02458116,0.99904215,0.03620155,1.89016676,0.69461298,0.00897499,-0.71932775,0.87773824
3,1598297070065563400,1598297070065498000,-0.71870542,0.04310000,-0.69397777,0.18727040,0.02449531,0.99902689,0.03667718,1.89007473,0.69488329,0.00936089,-0.71906173,0.87755060
3,1598297070074333300,1598297070074241600,-0.71879685,0.04304152,-0.69388664,0.18877280,0.02456604,0.99903089,0.03652156,1.89012456,0.69478613,0.00920553,-0.71915758,0.87783933
3,1598297070083543800,1598297070083361900,-0.71877533,0.04318272,-0.69390017,0.19021404,0.02461853,0.99902415,0.03667010,1.89007211,0.69480658,0.00927476,-0.71913695,0.87784481
3,1598297070092141300,1598297070092105400,-0.71875882,0.04318922,-0.69391680,0.19159067,0.02468845,0.99902475,0.03660678,1.89009202,0.69482112,0.00917972,-0.71912408,0.87803745
3,1598297070101361600,1598297070101311100,-0.71875846,0.04337175,-0.69390583,0.19318020,0.02461896,0.99901414,0.03694147,1.89006019,0.69482398,0.00946876,-0.71911764,0.87808251
3,1598297070110069400,1598297070110043200,-0.71855724,0.04312876,-0.69412935,0.19519341,0.02445385,0.99902493,0.03675859,1.89010489,0.69503784,0.00943901,-0.71891129,0.87794065
3,1598297070119261600,1598297070119225900,-0.71880031,0.04342492,-0.69385910,0.19664061,0.02447464,0.99900925,0.03716823,1.89015257,0.69478571,0.00973459,-0.71915102,0.87848687
3,1598297070128133800,1598297070128075700,-0.71860743,0.04322884,-0.69407123,0.19847429,0.02445654,0.99901962,0.03690083,1.89020693,0.69498599,0.00954263,-0.71896005,0.87827802
3,1598297070137201500,1598297070137142100,-0.71892703,0.04333238,-0.69373363,0.20008898,0.02443693,0.99901360,0.03707658,1.89018810,0.69465590,0.00970264,-0.71927685,0.87837410
3,1598297070146196900,1598297070146154400,-0.71844614,0.04313092,-0.69424427,0.20175779,0.02425693,0.99902219,0.03696314,1.89021289,0.69515967,0.00971579,-0.71878982,0.87828135
3,1598297070155174300,1598297070155077900,-0.71866083,0.04324031,-0.69401509,0.20296621,0.02412077,0.99901426,0.03726581,1.89041293,0.69494236,0.01004130,-0.71899545,0.87890863
3,1598297070163964500,1598297070163907600,-0.71863943,0.04303887,-0.69404984,0.20530832,0.02415671,0.99902552,0.03693821,1.89040589,0.69496322,0.00977929,-0.71897882,0.87834883
3,1598297070173104600,1598297070173054900,-0.71889240,0.04322073,-0.69377649,0.20653534,0.02413280,0.99901527,0.03722998,1.89036262,0.69470245,0.01002158,-0.71922749,0.87871647
3,1598297070181925700,1598297070181873200,-0.71862060,0.04315870,-0.69406188,0.20819950,0.02404585,0.99901754,0.03722500,1.89056182,0.69498658,0.01006134,-0.71895236,0.87921309
3,1598297070190977100,1598297070190938300,-0.71910584,0.04317782,-0.69355792,0.21026385,0.02415366,0.99901772,0.03715099,1.89052320,0.69448078,0.00996353,-0.71944237,0.87903619
3,1598297070199915400,1598297070199877500,-0.71873653,0.04317801,-0.69394064,0.21175158,0.02403570,0.99901628,0.03726572,1.89052868,0.69486707,0.01010488,-0.71906734,0.87912345
3,1598297070208963300,1598297070208903300,-0.71891731,0.04326037,-0.69374824,0.21391833,0.02401934,0.99901146,0.03740505,1.89061463,0.69468057,0.01022776,-0.71924579,0.87931275
3,1598297070217903500,1598297070217810500,-0.71873611,0.04317185,-0.69394147,0.21525919,0.02396620,0.99901563,0.03732876,1.89056706,0.69486988,0.01019839,-0.71906328,0.87964249
3,1598297070227040000,1598297070226963300,-0.71884650,0.04344326,-0.69381011,0.21740842,0.02408925,0.99900270,0.03759451,1.89049983,0.69475138,0.01031132,-0.71917617,0.87944198
3,1598297070235822200,1598297070235722100,-0.71897709,0.04334957,-0.69368064,0.21885824,0.02414746,0.99900848,0.03740210,1.89057660,0.69461429,0.01014063,-0.71931106,0.87958074
3,1598297070245059000,1598297070245023500,-0.71890736,0.04339258,-0.69375026,0.22115529,0.02417414,0.99900663,0.03743495,1.89064002,0.69468552,0.01014145,-0.71924216,0.87956285
3,1598297070253799900,1598297070253752700,-0.71868825,0.04350741,-0.69397008,0.22291780,0.02420456,0.99900103,0.03756418,1.89059007,0.69491112,0.01019970,-0.71902341,0.87969017
3,1598297070262808400,1598297070262770400,-0.71866322,0.04381497,-0.69397664,0.22424889,0.02430921,0.99898589,0.03789811,1.89070320,0.69493335,0.01036595,-0.71899956,0.88039923
3,1598297070271680700,1598297070271602100,-0.71900523,0.04352112,-0.69364077,0.22648525,0.02434092,0.99900204,0.03744942,1.89075899,0.69457841,0.01004248,-0.71934700,0.87979698
3,1598297070280826000,1598297070280718800,-0.71894908,0.04358334,-0.69369507,0.22779393,0.02447133,0.99900061,0.03740280,1.89070249,0.69463193,0.00991507,-0.71929711,0.88015437
3,1598297070289715400,1598297070289657200,-0.71853507,0.04398291,-0.69409865,0.22973621,0.02465029,0.99898183,0.03778430,1.89051723,0.69505382,0.01003962,-0.71888769,0.87959123
3,1598297070299161900,1598297070299004300,-0.71881217,0.04368673,-0.69383049,0.23136938,0.02458534,0.99899673,0.03743084,1.89065182,0.69476962,0.00984769,-0.71916509,0.87941146
3,1598297070307591800,1598297070307557000,-0.71878862,0.04370390,-0.69385374,0.23278582,0.02456144,0.99899548,0.03747983,1.89064443,0.69479477,0.00989803,-0.71914005,0.87951541
3,1598297070316708500,1598297070316677800,-0.71883291,0.04378999,-0.69380242,0.23461354,0.02459514,0.99899131,0.03756981,1.89062953,0.69474781,0.00994225,-0.71918488,0.87941217
3,1598297070325556500,1598297070325513100,-0.71877599,0.04381183,-0.69386005,0.23601830,0.02461769,0.99899048,0.03757674,1.89071631,0.69480586,0.00992803,-0.71912891,0.87971830
3,1598297070334684300,1598297070334659200,-0.71870118,0.04368669,-0.69394541,0.23759568,0.02456712,0.99899656,0.03744737,1.89071405,0.69488502,0.00986523,-0.71905327,0.87964702
3,1598297070343673300,1598297070343635400,-0.71867687,0.04378653,-0.69396430,0.23925757,0.02454572,0.99899089,0.03761274,1.89070153,0.69491100,0.00999755,-0.71902639,0.87959528
3,1598297070352640000,1598297070352564900,-0.71875787,0.04386597,-0.69387543,0.24094045,0.02452547,0.99898624,0.03774976,1.89067173,0.69482791,0.01011531,-0.71910501,0.87933421
3,1598297070361446500,1598297070361373800,-0.71859753,0.04386282,-0.69404161,0.24261177,0.02455819,0.99898696,0.03770801,1.89067125,0.69499254,0.01005248,-0.71894681,0.87942338
3,1598297070370572700,1598297070370514600,-0.71874166,0.04375000,-0.69389951,0.24417126,0.02455359,0.99899292,0.03755335,1.89059949,0.69484365,0.00995344,-0.71909201,0.87941289
3,1598297070379464100,1598297070379393500,-0.71902323,0.04384882,-0.69360149,0.24524617,0.02447356,0.99898618,0.03778438,1.89049101,0.69455504,0.01019295,-0.71936750,0.87953305
3,1598297070388518600,1598297070388467900,-0.71889591,0.04393432,-0.69372803,0.24705887,0.02436486,0.99897999,0.03801735,1.89054513,0.69469070,0.01042793,-0.71923304,0.87936544
3,1598297070397370100,1598297070397339800,-0.71882218,0.04366935,-0.69382107,0.24890542,0.02425657,0.99899292,0.03774635,1.89042926,0.69477075,0.01030319,-0.71915758,0.87915993
3,1598297070406566300,1598297070406530400,-0.71907312,0.04387523,-0.69354808,0.25066507,0.02451641,0.99898535,0.03777910,1.89035416,0.69450194,0.01016263,-0.71941918,0.87900400
3,1598297070415381000,1598297070415287200,-0.71915269,0.04399430,-0.69345802,0.25271022,0.02433400,0.99897605,0.03814129,1.89054525,0.69442594,0.01055481,-0.71948683,0.87922907
3,1598297070424496000,1598297070424405800,-0.71930623,0.04384289,-0.69330835,0.25362360,0.02432065,0.99898398,0.03794033,1.89066231,0.69426739,0.01042900,-0.71964175,0.88010502
3,1598297070433352000,1598297070433294500,-0.71925521,0.04383736,-0.69336164,0.25559402,0.02430967,0.99898416,0.03794265,1.89059889,0.69432056,0.01043506,-0.71959025,0.87956500
3,1598297070442585600,1598297070442541100,-0.71947885,0.04398295,-0.69312036,0.25711834,0.02437767,0.99897707,0.03808681,1.89062393,0.69408649,0.01050600,-0.71981502,0.87941194
3,1598297070451364100,1598297070451318600,-0.71946549,0.04397581,-0.69313467,0.25867927,0.02435525,0.99897712,0.03809947,1.89075541,0.69410121,0.01052979,-0.71980059,0.87966824
