4,1598297068440736200,1598297068440525200,0.71208000,-0.01798243,-0.70186806,0.05328000,-0.03378337,-0.99939156,-0.00866969,1.55254579,-0.70128512,0.02988498,-0.71225429,0.87062287
4,1598297068450042500,1598297068449966300,0.71211320,-0.01803374,-0.70183313,0.05365741,-0.03383601,-0.99938995,-0.00865211,1.55250549,-0.70124888,0.02990852,-0.71228898,0.87032938
4,1598297068458887900,1598297068458849100,0.71210563,-0.01801386,-0.70184135,0.05356097,-0.03381970,-0.99939036,-0.00866338,1.55254030,-0.70125747,0.02990530,-0.71228075,0.87051010
4,1598297068467982100,1598297068467926600,0.71211088,-0.01803265,-0.70183539,0.05344057,-0.03382286,-0.99939048,-0.00864016,1.55257154,-0.70125180,0.02989083,-0.71228683,0.87073255
4,1598297068477105200,1598297068477049400,0.71209639,-0.01797975,-0.70185149,0.05388832,-0.03380551,-0.99939054,-0.00869698,1.55250716,-0.70126736,0.02991953,-0.71227038,0.86996126
4,1598297068485884500,1598297068485846500,0.71209931,-0.01801625,-0.70184767,0.05392611,-0.03383189,-0.99938989,-0.00867199,1.55251849,-0.70126325,0.02992015,-0.71227437,0.87001085
4,1598297068494810900,1598297068494737700,0.71207738,-0.01801939,-0.70186979,0.05395138,-0.03383926,-0.99938965,-0.00867367,1.55253696,-0.70128512,0.02992708,-0.71225250,0.87006950
4,1598297068503987800,1598297068503907500,0.71211857,-0.01801608,-0.70182812,0.05405271,-0.03381046,-0.99939078,-0.00865162,1.55246544,-0.70124465,0.02989011,-0.71229392,0.86978102
4,1598297068512885300,1598297068512844200,0.71210581,-0.01804776,-0.70184028,0.05414176,-0.03385610,-0.99938923,-0.00865210,1.55247867,-0.70125544,0.02992278,-0.71228194,0.86977506
4,1598297068522066600,1598297068522014500,0.71210015,-0.01804861,-0.70184600,0.05414259,-0.03384349,-0.99938977,-0.00863772,1.55250072,-0.70126182,0.02990384,-0.71227646,0.86985040
4,1598297068530723500,1598297068530681100,0.71209371,-0.01806416,-0.70185208,0.05419314,-0.03385189,-0.99938965,-0.00862373,1.55251098,-0.70126790,0.02989992,-0.71227062,0.86987853
4,1598297068539909700,1598297068539805900,0.71209395,-0.01803479,-0.70185268,0.05425346,-0.03385437,-0.99938917,-0.00866809,1.55245316,-0.70126760,0.02993327,-0.71226948,0.86962986
4,1598297068548746600,1598297068548700300,0.71213543,-0.01804499,-0.70181024,0.05427480,-0.03387802,-0.99938828,-0.00868010,1.55248094,-0.70122433,0.02995735,-0.71231115,0.86969233
4,1598297068557805300,1598297068557750100,0.71212327,-0.01809399,-0.70182133,0.05396724,-0.03389974,-0.99938792,-0.00863165,1.55254602,-0.70123565,0.02993836,-0.71230084,0.87005568
4,1598297068566652400,1598297068566626300,0.71211874,-0.01803010,-0.70182765,0.05356264,-0.03385585,-0.99938905,-0.00867776,1.55251527,-0.70124239,0.02994056,-0.71229404,0.87023950
4,1598297068575786700,1598297068575720700,0.71213198,-0.01804555,-0.70181370,0.05345380,-0.03387126,-0.99938858,-0.00867223,1.55260670,-0.70122814,0.02994709,-0.71230781,0.87039590
4,1598297068584721700,1598297068584647100,0.71215862,-0.01802574,-0.70178723,0.05346537,-0.03385774,-0.99938887,-0.00868832,1.55263686,-0.70120180,0.02994839,-0.71233368,0.87047958
4,1598297068593590800,1598297068593544400,0.71216989,-0.01803936,-0.70177543,0.05325460,-0.03385331,-0.99938923,-0.00866512,1.55269384,-0.70119047,0.02992846,-0.71234566,0.87076998
4,1598297068602567300,1598297068602545700,0.71212631,-0.01809101,-0.70181835,0.05380952,-0.03391574,-0.99938720,-0.00865233,1.55249238,-0.70123172,0.02996424,-0.71230352,0.87007809
4,1598297068611962300,1598297068611899700,0.71211672,-0.01810970,-0.70182765,0.05365658,-0.03391710,-0.99938738,-0.00862652,1.55255485,-0.70124149,0.02994705,-0.71229464,0.87028956
4,1598297068620565100,1598297068620456200,0.71213001,-0.01809310,-0.70181453,0.05365884,-0.03388341,-0.99938864,-0.00861674,1.55258703,-0.70122957,0.02991612,-0.71230769,0.87037516
4,1598297068629624400,1598297068629549300,0.71211672,-0.01809862,-0.70182782,0.05356658,-0.03389256,-0.99938828,-0.00861738,1.55262661,-0.70124257,0.02992333,-0.71229458,0.87058949
4,1598297068638656700,1598297068638471100,0.71214271,-0.01809573,-0.70180160,0.05398822,-0.03391611,-0.99938726,-0.00864699,1.55244803,-0.70121509,0.02996027,-0.71232015,0.86997128
4,1598297068647878000,1598297068647633000,0.71211004,-0.01810283,-0.70183456,0.05400038,-0.03392033,-0.99938715,-0.00863917,1.55255044,-0.70124805,0.02995849,-0.71228766,0.87002015
4,1598297068656420400,1598297068656344100,0.71213585,-0.01814818,-0.70180714,0.05408359,-0.03393874,-0.99938691,-0.00859487,1.55255961,-0.70122093,0.02993917,-0.71231520,0.87004328
4,1598297068665514800,1598297068665479100,0.71212381,-0.01812613,-0.70181996,0.05406761,-0.03391980,-0.99938750,-0.00860629,1.55259228,-0.70123410,0.02993434,-0.71230251,0.87016797
4,1598297068674393300,1598297068674283100,0.71209610,-0.01814233,-0.70184761,0.05410743,-0.03392038,-0.99938768,-0.00858213,1.55246747,-0.70126212,0.02991824,-0.71227562,0.86992669
4,1598297068683473600,1598297068683384000,0.71210718,-0.01815461,-0.70183611,0.05410516,-0.03391777,-0.99938792,-0.00856266,1.55248535,-0.70125115,0.02990224,-0.71228707,0.87004900
4,1598297068692413400,1598297068692322400,0.71211755,-0.01816739,-0.70182526,0.05417848,-0.03392904,-0.99938756,-0.00855656,1.55249453,-0.70124000,0.02990553,-0.71229792,0.87009096
4,1598297068701344200,1598297068701301700,0.71211082,-0.01813620,-0.70183283,0.05398202,-0.03389006,-0.99938887,-0.00856096,1.55241776,-0.70124871,0.02988151,-0.71229029,0.87006307
4,1598297068710304200,1598297068710259900,0.71211964,-0.01811184,-0.70182455,0.05423379,-0.03389614,-0.99938834,-0.00860237,1.55246997,-0.70123941,0.02991506,-0.71229804,0.86984062
4,1598297068719243200,1598297068719201600,0.71209812,-0.01809671,-0.70184684,0.05403507,-0.03386871,-0.99938929,-0.00859473,1.55252767,-0.70126271,0.02989093,-0.71227616,0.87013817
4,1598297068728191400,1598297068728134300,0.71211994,-0.01809771,-0.70182461,0.05399513,-0.03387265,-0.99938911,-0.00859864,1.55255532,-0.70124030,0.02989592,-0.71229804,0.87027645
4,1598297068737307300,1598297068737268200,0.71211171,-0.01808302,-0.70183337,0.05387461,-0.03386700,-0.99938923,-0.00861331,1.55243897,-0.70124888,0.02990263,-0.71228921,0.87012601
4,1598297068746176200,1598297068746137600,0.71210384,-0.01807470,-0.70184147,0.05383003,-0.03386343,-0.99938923,-0.00862106,1.55256128,-0.70125699,0.02990585,-0.71228111,0.87019825
4,1598297068755362500,1598297068755257800,0.71211404,-0.01808390,-0.70183098,0.05373847,-0.03386316,-0.99938935,-0.00860831,1.55260444,-0.70124674,0.02989632,-0.71229160,0.87037563
4,1598297068764160900,1598297068764064500,0.71210325,-0.01806927,-0.70184231,0.05368888,-0.03385719,-0.99938947,-0.00862242,1.55264437,-0.70125806,0.02990246,-0.71228027,0.87051344
4,1598297068773169200,1598297068773103100,0.71208560,-0.01805481,-0.70186055,0.05388463,-0.03386184,-0.99938911,-0.00864665,1.55255795,-0.70127571,0.02992345,-0.71226203,0.87003851
4,1598297068782064500,1598297068782038800,0.71209610,-0.01805788,-0.70184982,0.05389178,-0.03387100,-0.99938875,-0.00865224,1.55258560,-0.70126456,0.02993358,-0.71227252,0.87010098
4,1598297068791089400,1598297068791020100,0.71208382,-0.01806785,-0.70186198,0.05384314,-0.03387509,-0.99938869,-0.00864144,1.55261934,-0.70127684,0.02992907,-0.71226060,0.87022185
4,1598297068799958500,1598297068799919500,0.71209151,-0.01805656,-0.70185453,0.05383110,-0.03387623,-0.99938852,-0.00865914,1.55264640,-0.70126903,0.02994228,-0.71226776,0.87031603
4,1598297068809060600,1598297068808986700,0.71209091,-0.01811459,-0.70185363,0.05413055,-0.03387095,-0.99938941,-0.00857111,1.55247211,-0.70126987,0.02987586,-0.71226978,0.86977768
4,1598297068818030500,1598297068817949600,0.71207952,-0.01806831,-0.70186639,0.05413795,-0.03386326,-0.99938917,-0.00862850,1.55249643,-0.70128179,0.02991166,-0.71225643,0.86983728
4,1598297068827080300,1598297068827015500,0.71207702,-0.01808824,-0.70186841,0.05418527,-0.03387381,-0.99938899,-0.00861069,1.55250883,-0.70128387,0.02990643,-0.71225464,0.86986876
4,1598297068835917900,1598297068835812300,0.71210265,-0.01804801,-0.70184338,0.05403221,-0.03384613,-0.99938965,-0.00864141,1.55241442,-0.70125914,0.02990825,-0.71227896,0.86975527
4,1598297068845227300,1598297068845058000,0.71209949,-0.01806409,-0.70184624,0.05398822,-0.03384362,-0.99938995,-0.00861578,1.55248117,-0.70126247,0.02988831,-0.71227646,0.86986637
4,1598297068854079200,1598297068853817100,0.71207726,-0.01805550,-0.70186901,0.05401039,-0.03384929,-0.99938965,-0.00863242,1.55250227,-0.70128477,0.02990472,-0.71225381,0.86991882
4,1598297068862978700,1598297068862939000,0.71208805,-0.01808826,-0.70185721,0.05383396,-0.03387078,-0.99938911,-0.00860826,1.55254638,-0.70127273,0.02990229,-0.71226579,0.87016106
4,1598297068871788000,1598297068871753100,0.71210331,-0.01805829,-0.70184243,0.05354512,-0.03384753,-0.99938971,-0.00862825,1.55247509,-0.70125830,0.02989984,-0.71228004,0.87021017
4,1598297068880931600,1598297068880857500,0.71208775,-0.01809587,-0.70185733,0.05347919,-0.03387068,-0.99938923,-0.00859729,1.55256081,-0.70127308,0.02989441,-0.71226579,0.87028694
4,1598297068889756300,1598297068889680700,0.71207571,-0.01808082,-0.70186990,0.05335736,-0.03383915,-0.99939036,-0.00858597,1.55259848,-0.70128679,0.02986454,-0.71225345,0.87046361
4,1598297068899043400,1598297068898908900,0.71208191,-0.01810557,-0.70186293,0.05322683,-0.03387998,-0.99938893,-0.00859257,1.55263972,-0.70127851,0.02989772,-0.71226025,0.87065220
4,1598297068907707800,1598297068907668300,0.71208906,-0.01811212,-0.70185554,0.05376923,-0.03384425,-0.99939054,-0.00854740,1.55244398,-0.70127302,0.02984029,-0.71226811,0.86993670
4,1598297068916868700,1598297068916790900,0.71209902,-0.01812103,-0.70184523,0.05385602,-0.03384375,-0.99939066,-0.00853481,1.55244136,-0.70126295,0.02983071,-0.71227849,0.86993241
4,1598297068925661000,1598297068925600400,0.71208555,-0.01813589,-0.70185864,0.05382967,-0.03387518,-0.99938953,-0.00854476,1.55245459,-0.70127511,0.02986018,-0.71226519,0.87000823
4,1598297068934888200,1598297068934789100,0.71208411,-0.01812509,-0.70186025,0.05405700,-0.03387229,-0.99938953,-0.00855711,1.55229926,-0.70127666,0.02986700,-0.71226335,0.86954570
4,1598297068943728400,1598297068943646600,0.71207952,-0.01807027,-0.70186627,0.05404067,-0.03385553,-0.99938953,-0.00861787,1.55237758,-0.70128208,0.02989866,-0.71225667,0.86953712
4,1598297068952735600,1598297068952670500,0.71208435,-0.01811007,-0.70186043,0.05396080,-0.03386500,-0.99938965,-0.00857110,1.55239582,-0.70127678,0.02987184,-0.71226311,0.86966777
4,1598297068961641400,1598297068961533200,0.71210074,-0.01808148,-0.70184445,0.05394614,-0.03385712,-0.99938959,-0.00860481,1.55240989,-0.70126045,0.02988993,-0.71227843,0.86972713
4,1598297068970953000,1598297068970828100,0.71210575,-0.01806401,-0.70183992,0.05364203,-0.03381832,-0.99939108,-0.00859058,1.55235219,-0.70125735,0.02985245,-0.71228302,0.86984515
4,1598297068979577100,1598297068979526600,0.71209717,-0.01805810,-0.70184875,0.05349267,-0.03380758,-0.99939144,-0.00858757,1.55244040,-0.70126653,0.02984299,-0.71227431,0.87002301
4,1598297068988697500,1598297068988601800,0.71208608,-0.01804721,-0.70186019,0.05328560,-0.03379941,-0.99939167,-0.00859411,1.55249429,-0.70127821,0.02984221,-0.71226299,0.87026262
4,1598297068997547900,1598297068997461600,0.71207571,-0.01805583,-0.70187056,0.05306399,-0.03384021,-0.99939001,-0.00862265,1.55254841,-0.70128679,0.02989143,-0.71225238,0.87052751
4,1598297069006837100,1598297069006710100,0.71205556,-0.01809312,-0.70189005,0.05303156,-0.03386369,-0.99938947,-0.00859217,1.55246568,-0.70130610,0.02988669,-0.71223354,0.87036967
4,1598297069015583800,1598297069015525400,0.71207911,-0.01805940,-0.70186698,0.05298543,-0.03379727,-0.99939191,-0.00857415,1.55250895,-0.70128536,0.02982667,-0.71225655,0.87047482
4,1598297069024532900,1598297069024460200,0.71207958,-0.01808437,-0.70186585,0.05257177,-0.03380943,-0.99939167,-0.00855097,1.55259013,-0.70128429,0.02981865,-0.71225792,0.87094021
4,1598297069033471800,1598297069033404100,0.71208876,-0.01804086,-0.70185769,0.05233514,-0.03376421,-0.99939311,-0.00856755,1.55264425,-0.70127714,0.02979853,-0.71226573,0.87122869
4,1598297069042456800,1598297069042355100,0.71204597,-0.01810067,-0.70189953,0.05324173,-0.03385362,-0.99939001,-0.00857061,1.55247092,-0.70131636,0.02986451,-0.71222442,0.87010932
4,1598297069051449000,1598297069051372400,0.71206701,-0.01814711,-0.70187700,0.05321932,-0.03392495,-0.99938756,-0.00857820,1.55248570,-0.70129150,0.02991940,-0.71224660,0.87018704
4,1598297069060507900,1598297069060385500,0.71204877,-0.01817092,-0.70189488,0.05322838,-0.03391350,-0.99938834,-0.00853158,1.55248618,-0.70131052,0.02987861,-0.71222961,0.87021804
4,1598297069069400500,1598297069069351600,0.71204543,-0.01814970,-0.70189881,0.05312884,-0.03390007,-0.99938864,-0.00854794,1.55251133,-0.70131457,0.02988094,-0.71222556,0.87036133
4,1598297069078372000,1598297069078305400,0.71203423,-0.01819243,-0.70190918,0.05425239,-0.03393073,-0.99938786,-0.00851755,1.55227256,-0.70132452,0.02988108,-0.71221566,0.86911464
4,1598297069087346100,1598297069087309100,0.71201742,-0.01820461,-0.70192581,0.05404556,-0.03394995,-0.99938720,-0.00851872,1.55231786,-0.70134056,0.02989582,-0.71219927,0.86938047
4,1598297069096282500,1598297069096237300,0.71205378,-0.01816262,-0.70189011,0.05408716,-0.03393034,-0.99938750,-0.00856079,1.55232644,-0.70130467,0.02991111,-0.71223390,0.86938357
4,1598297069105285400,1598297069105250800,0.71204400,-0.01821239,-0.70189869,0.05362940,-0.03393636,-0.99938786,-0.00849544,1.55231655,-0.70131427,0.02986901,-0.71222627,0.86969066
4,1598297069114214900,1598297069114175600,0.71204746,-0.01814159,-0.70189703,0.05367422,-0.03390077,-0.99938852,-0.00856031,1.55236900,-0.70131254,0.02989020,-0.71222711,0.86961842
4,1598297069123209200,1598297069123099800,0.71206570,-0.01816677,-0.70187789,0.05337870,-0.03392583,-0.99938774,-0.00855102,1.55243015,-0.70129287,0.02990068,-0.71224600,0.86997652
4,1598297069132167000,1598297069132094800,0.71205378,-0.01818004,-0.70188951,0.05324996,-0.03392726,-0.99938786,-0.00853286,1.55246758,-0.70130479,0.02988904,-0.71223474,0.87014866
4,1598297069141167900,1598297069141076600,0.71204889,-0.01817872,-0.70189458,0.05325639,-0.03393985,-0.99938732,-0.00854723,1.55236197,-0.70130914,0.02990825,-0.71222967,0.86989331
4,1598297069150101200,1598297069150049900,0.71204543,-0.01820357,-0.70189738,0.05308414,-0.03393093,-0.99938798,-0.00850259,1.55241382,-0.70131308,0.02987026,-0.71222740,0.87013078
4,1598297069159116200,1598297069159015300,0.71205127,-0.01822006,-0.70189106,0.05294299,-0.03397818,-0.99938619,-0.00852742,1.55244970,-0.70130491,0.02992094,-0.71223330,0.87032533
4,1598297069168103700,1598297069168038600,0.71202374,-0.01825822,-0.70191801,0.05333412,-0.03402273,-0.99938476,-0.00851668,1.55232382,-0.70133066,0.02994525,-0.71220690,0.86980486
4,1598297069177010100,1598297069176951800,0.71204543,-0.01827632,-0.70189559,0.05337930,-0.03403098,-0.99938458,-0.00850059,1.55235720,-0.70130837,0.02993900,-0.71222925,0.86980033
4,1598297069185960100,1598297069185921100,0.71200389,-0.01827465,-0.70193774,0.05336046,-0.03402454,-0.99938488,-0.00849392,1.55237579,-0.70135075,0.02993082,-0.71218777,0.86986685
4,1598297069194940600,1598297069194921100,0.71202308,-0.01826208,-0.70191860,0.05319107,-0.03402414,-0.99938470,-0.00851258,1.55241203,-0.70133126,0.02994333,-0.71220642,0.87008071
4,1598297069203955600,1598297069203885900,0.71203172,-0.01828728,-0.70190918,0.05366433,-0.03406579,-0.99938327,-0.00851951,1.55226576,-0.70132047,0.02997725,-0.71221560,0.86946392
4,1598297069212974500,1598297069212864100,0.71203661,-0.01825415,-0.70190513,0.05339897,-0.03402276,-0.99938470,-0.00852327,1.55237615,-0.70131767,0.02994964,-0.71221960,0.86974907
4,1598297069222133900,1598297069222027300,0.71201634,-0.01836165,-0.70192277,0.05361032,-0.03410564,-0.99938244,-0.00845316,1.55235386,-0.70133412,0.02995832,-0.71220303,0.86958027
4,1598297069230737000,1598297069230716400,0.71204114,-0.01835325,-0.70189798,0.05351138,-0.03410902,-0.99938220,-0.00847005,1.55239058,-0.70130885,0.02997207,-0.71222728,0.86973095
4,1598297069239861800,1598297069239822900,0.71201962,-0.01832871,-0.70192039,0.05360866,-0.03408967,-0.99938273,-0.00848403,1.55229425,-0.70133168,0.02996903,-0.71220505,0.86941266
4,1598297069248742400,1598297069248687000,0.71201676,-0.01836565,-0.70192236,0.05356848,-0.03407025,-0.99938399,-0.00841154,1.55230856,-0.70133555,0.02990382,-0.71220392,0.86950970
4,1598297069258034100,1598297069257880100,0.71201205,-0.01833125,-0.70192802,0.05365551,-0.03404181,-0.99938482,-0.00843136,1.55230689,-0.70134163,0.02989813,-0.71219814,0.86946750
4,1598297069266895700,1598297069266743100,0.71200860,-0.01834775,-0.70193112,0.05371916,-0.03406009,-0.99938422,-0.00842621,1.55230403,-0.70134431,0.02990737,-0.71219510,0.86943126
4,1598297069275828300,1598297069275699100,0.71204287,-0.01834219,-0.70189643,0.05408740,-0.03403427,-0.99938524,-0.00841000,1.55218029,-0.70131069,0.02987681,-0.71222943,0.86899161
4,1598297069284727500,1598297069284666900,0.71203429,-0.01829972,-0.70190626,0.05413401,-0.03401936,-0.99938536,-0.00845480,1.55217803,-0.70132017,0.02989851,-0.71221924,0.86898351
4,1598297069293882100,1598297069293666900,0.71201336,-0.01834863,-0.70192623,0.05416346,-0.03404244,-0.99938500,-0.00840732,1.55216527,-0.70134032,0.02988141,-0.71220011,0.86899090
4,1598297069302566400,1598297069302466700,0.71203327,-0.01829403,-0.70190752,0.05394173,-0.03400426,-0.99938595,-0.00844750,1.55215573,-0.70132196,0.02988275,-0.71221817,0.86911869
4,1598297069311757400,1598297069311714400,0.71202773,-0.01831215,-0.70191264,0.05392611,-0.03399720,-0.99938649,-0.00841420,1.55216765,-0.70132792,0.02985420,-0.71221352,0.86919570
4,1598297069320665300,1598297069320626000,0.71202040,-0.01832100,-0.70191979,0.05390275,-0.03399662,-0.99938661,-0.00840057,1.55218315,-0.70133531,0.02984428,-0.71220654,0.86923862
4,1598297069329595700,1598297069329528800,0.71200728,-0.01830000,-0.70193362,0.05381203,-0.03398843,-0.99938673,-0.00842136,1.55219901,-0.70134902,0.02985369,-0.71219265,0.86936617
4,1598297069338487800,1598297069338437100,0.71203387,-0.01821959,-0.70190877,0.05331028,-0.03388475,-0.99939013,-0.00843217,1.55221391,-0.70132709,0.02978799,-0.71221703,0.86974835
4,1598297069347689100,1598297069347583100,0.71206677,-0.01828934,-0.70187366,0.05326271,-0.03392465,-0.99938929,-0.00837535,1.55221796,-0.70129180,0.02977462,-0.71225244,0.86986041
4,1598297069356523300,1598297069356490800,0.71199697,-0.01838614,-0.70194185,0.05409467,-0.03401446,-0.99938667,-0.00832452,1.55210066,-0.70135826,0.02980321,-0.71218574,0.86913824
4,1598297069365526600,1598297069365500600,0.71193624,-0.01840069,-0.70200312,0.05557132,-0.03405114,-0.99938530,-0.00833737,1.55191612,-0.70141816,0.02983969,-0.71212524,0.86791921
4,1598297069374304900,1598297069374244800,0.71163487,-0.01844203,-0.70230746,0.05691493,-0.03418145,-0.99938035,-0.00839250,1.55175650,-0.70171750,0.02997828,-0.71182442,0.86651301
4,1598297069383570500,1598297069383507500,0.71185476,-0.01864866,-0.70207912,0.05961442,-0.03427289,-0.99937880,-0.00820455,1.55137110,-0.70149004,0.02990273,-0.71205175,0.86429930
4,1598297069392447000,1598297069392363000,0.71158767,-0.01872670,-0.70234776,0.06269670,-0.03439952,-0.99937445,-0.00820575,1.55098045,-0.70175481,0.02999954,-0.71178675,0.86185932
4,1598297069401493700,1598297069401409700,0.71162605,-0.01835282,-0.70231879,0.06242740,-0.03422163,-0.99937761,-0.00855966,1.55101466,-0.70172453,0.03012577,-0.71181124,0.86254430
4,1598297069410230600,1598297069410204800,0.71164101,-0.01889054,-0.70228934,0.06717336,-0.03441833,-0.99937552,-0.00799492,1.55022049,-0.70169973,0.02986113,-0.71184683,0.85886145
4,1598297069419337800,1598297069419278100,0.71137542,-0.01864231,-0.70256495,0.07315171,-0.03436334,-0.99937510,-0.00827621,1.54941511,-0.70197165,0.03002998,-0.71157157,0.85412502
4,1598297069428333600,1598297069428281800,0.71129006,-0.01877285,-0.70264798,0.07964742,-0.03438429,-0.99937576,-0.00810658,1.54848707,-0.70205718,0.02992618,-0.71149158,0.84892249
4,1598297069437301400,1598297069437238100,0.71169478,-0.01798318,-0.70225871,0.07317913,-0.03336569,-0.99940938,-0.00822151,1.54913592,-0.70169604,0.02928255,-0.71187449,0.85538006
4,1598297069446215300,1598297069446178200,0.71150023,-0.01759976,-0.70246553,0.07920957,-0.03330864,-0.99940723,-0.00869762,1.54840326,-0.70189607,0.02958652,-0.71166474,0.85086393
4,1598297069455291800,1598297069455204400,0.71164232,-0.01813386,-0.70230794,0.08625352,-0.03343307,-0.99940830,-0.00807233,1.54740238,-0.70174611,0.02922492,-0.71182752,0.84550285
4,1598297069464206200,1598297069464112700,0.71140254,-0.01796436,-0.70255518,0.09346211,-0.03345435,-0.99940556,-0.00832081,1.54651666,-0.70198810,0.02942298,-0.71158069,0.84003520
4,1598297069473348600,1598297069473227500,0.71211457,-0.01587036,-0.70188397,0.07622814,-0.03156439,-0.99945724,-0.00942565,1.54891407,-0.70135343,0.02886668,-0.71222901,0.85646462
4,1598297069482095200,1598297069482030300,0.71221370,-0.01621764,-0.70177543,0.08132744,-0.03162116,-0.99945945,-0.00899455,1.54828119,-0.70125020,0.02859700,-0.71234155,0.85311317
4,1598297069491109500,1598297069491054100,0.71216291,-0.01591978,-0.70183384,0.08661067,-0.03166630,-0.99945366,-0.00946160,1.54776597,-0.70129979,0.02896268,-0.71227795,0.84975791
4,1598297069500017400,1598297069499927600,0.71266299,-0.01473109,-0.70135200,0.07468259,-0.03008357,-0.99950147,-0.00957536,1.55083632,-0.70086133,0.02792317,-0.71275091,0.86541200
4,1598297069509220900,1598297069509089700,0.71267366,-0.01448803,-0.70134622,0.07800519,-0.03016583,-0.99949479,-0.01000602,1.55089331,-0.70084691,0.02828772,-0.71275067,0.86358905
4,1598297069518023400,1598297069517952400,0.71267992,-0.01453768,-0.70133883,0.08120072,-0.03012097,-0.99949729,-0.00988999,1.55067003,-0.70084250,0.02817341,-0.71275955,0.86241269
4,1598297069526684100,1598297069526621100,0.71293616,-0.01466409,-0.70107561,0.08442068,-0.03009557,-0.99949992,-0.00969863,1.55041599,-0.70058280,0.02801378,-0.71302104,0.86114287
4,1598297069535645400,1598297069535606000,0.71280491,-0.01386877,-0.70122528,0.07875764,-0.02937270,-0.99951756,-0.01008938,1.55185866,-0.70074713,0.02778864,-0.71286845,0.86920595
4,1598297069544670000,1598297069544630200,0.71325469,-0.01371717,-0.70077085,0.08101618,-0.02937281,-0.99951512,-0.01033116,1.55215883,-0.70028925,0.02795236,-0.71331179,0.86840630
4,1598297069553545000,1598297069553455000,0.71292657,-0.01389004,-0.70110124,0.08383703,-0.02948280,-0.99951345,-0.01017797,1.55206704,-0.70061874,0.02792658,-0.71298927,0.86768961
4,1598297069562537500,1598297069562467200,0.71302426,-0.01332836,-0.70101273,0.08254468,-0.02922979,-0.99951512,-0.01072684,1.55236447,-0.70052987,0.02813895,-0.71306825,0.87025428
4,1598297069571357300,1598297069571324000,0.71326303,-0.01389659,-0.70075881,0.08449376,-0.02927013,-0.99952179,-0.00997112,1.55228829,-0.70028514,0.02762333,-0.71332866,0.87030888
4,1598297069580592400,1598297069580490500,0.71331561,-0.01366126,-0.70070982,0.08826840,-0.02977764,-0.99949789,-0.01082681,1.55237675,-0.70021009,0.02858842,-0.71336430,0.86816502
4,1598297069589382500,1598297069589343100,0.71323907,-0.01415551,-0.70077801,0.08984900,-0.02981348,-0.99950385,-0.01015394,1.55239153,-0.70028663,0.02813482,-0.71330726,0.86860251
4,1598297069598663600,1598297069598623500,0.71334982,-0.01377773,-0.70067275,0.08971286,-0.02964158,-0.99950516,-0.01052403,1.55239964,-0.70018101,0.02827636,-0.71340531,0.86974287
4,1598297069607422100,1598297069607312400,0.71319401,-0.01390277,-0.70082891,0.09124351,-0.03012397,-0.99948752,-0.01082802,1.55275154,-0.70031917,0.02883422,-0.71324730,0.86970925
4,1598297069616307600,1598297069616252500,0.71365124,-0.01402321,-0.70036095,0.09337068,-0.03006627,-0.99949139,-0.01062417,1.55274129,-0.69985574,0.02863919,-0.71370995,0.86961222
4,1598297069625278000,1598297069625211000,0.71341383,-0.01406501,-0.70060194,0.09538531,-0.03020463,-0.99948651,-0.01069168,1.55279565,-0.70009178,0.02878902,-0.71347237,0.86956525
4,1598297069634164200,1598297069634118000,0.71355826,-0.01414404,-0.70045316,0.09375238,-0.03014413,-0.99949014,-0.01052570,1.55299473,-0.69994724,0.02862525,-0.71362078,0.87199831
4,1598297069642963000,1598297069642881100,0.71397465,-0.01438529,-0.70002383,0.09554076,-0.03050276,-0.99947876,-0.01057165,1.55308855,-0.69950688,0.02890055,-0.71404135,0.87208200
4,1598297069652048900,1598297069651958800,0.71348673,-0.01431608,-0.70052254,0.09758425,-0.03058359,-0.99947464,-0.01072403,1.55316687,-0.70000100,0.02907595,-0.71354973,0.87202168
4,1598297069660925500,1598297069660877400,0.71385455,-0.01467442,-0.70014030,0.09926879,-0.03062010,-0.99947828,-0.01027157,1.55324364,-0.69962430,0.02877078,-0.71393150,0.87224889
4,1598297069669971300,1598297069669875000,0.71360266,-0.01448661,-0.70040095,0.10158253,-0.03112780,-0.99945438,-0.01104249,1.55305457,-0.69985878,0.02968189,-0.71366435,0.87098908
4,1598297069678895600,1598297069678763000,0.71393776,-0.01498596,-0.70004892,0.10295594,-0.03116964,-0.99946004,-0.01039258,1.55310202,-0.69951516,0.02923993,-0.71401942,0.87149358
4,1598297069688133000,1598297069687966400,0.71365798,-0.01483823,-0.70033729,0.10514176,-0.03143104,-0.99944699,-0.01085332,1.55321777,-0.69978893,0.02975788,-0.71372968,0.87131667
4,1598297069696820700,1598297069696748900,0.71360457,-0.01450927,-0.70039856,0.10748470,-0.03128285,-0.99944812,-0.01116838,1.55326664,-0.69985002,0.02988027,-0.71366465,0.87085009
4,1598297069706011900,1598297069705981000,0.71354973,-0.01506746,-0.70044267,0.10802281,-0.03139175,-0.99945217,-0.01047960,1.55309033,-0.69990110,0.02946584,-0.71363187,0.87136579
4,1598297069714803800,1598297069714729500,0.71390295,-0.01465066,-0.70009148,0.10992396,-0.03161455,-0.99943596,-0.01132327,1.55307245,-0.69953072,0.03021680,-0.71396351,0.87127185
4,1598297069723915100,1598297069723887600,0.71381074,-0.01499780,-0.70017809,0.11082375,-0.03158379,-0.99944282,-0.01079069,1.55321908,-0.69962609,0.02981679,-0.71388686,0.87233543
4,1598297069733194000,1598297069733161500,0.71381032,-0.01493761,-0.70017982,0.11144352,-0.03164871,-0.99943912,-0.01094283,1.55314136,-0.69962364,0.02997089,-0.71388280,0.87291574
4,1598297069742286600,1598297069742241400,0.71362132,-0.01536040,-0.70036328,0.11342061,-0.03200481,-0.99943048,-0.01069111,1.55317855,-0.69980025,0.03004440,-0.71370661,0.87271643
4,1598297069751174100,1598297069751122200,0.71402681,-0.01498107,-0.69995815,0.11411273,-0.03179950,-0.99943316,-0.01104797,1.55340552,-0.69939590,0.03014686,-0.71409857,0.87386465
4,1598297069760186700,1598297069760131400,0.71387416,-0.01514774,-0.70011020,0.11503685,-0.03189085,-0.99943197,-0.01089388,1.55353951,-0.69954753,0.03010396,-0.71395177,0.87480021
4,1598297069769130000,1598297069769093100,0.71367919,-0.01570113,-0.70029682,0.11754906,-0.03241077,-0.99941814,-0.01062249,1.55322647,-0.69972253,0.03027822,-0.71377283,0.87340808
4,1598297069778198900,1598297069778165400,0.71370304,-0.01560211,-0.70027471,0.11870003,-0.03241790,-0.99941629,-0.01077256,1.55336428,-0.69969797,0.03038985,-0.71379226,0.87410212
4,1598297069787096400,1598297069787042800,0.71365613,-0.01574970,-0.70031923,0.11973190,-0.03245156,-0.99941713,-0.01059335,1.55348492,-0.69974422,0.03028646,-0.71375126,0.87488151
4,1598297069796170600,1598297069796134900,0.71375680,-0.01556843,-0.70022070,0.12097287,-0.03235233,-0.99941862,-0.01075706,1.55362129,-0.69964612,0.03033169,-0.71384549,0.87551975
4,1598297069805043900,1598297069804978800,0.71342164,-0.01623649,-0.70054692,0.12442076,-0.03290657,-0.99940485,-0.01034825,1.55328655,-0.69996196,0.03043526,-0.71353137,0.87333202
4,1598297069814077100,1598297069814001200,0.71354806,-0.01599469,-0.70042378,0.12588823,-0.03291013,-0.99940097,-0.01070474,1.55341780,-0.69983304,0.03068938,-0.71364707,0.87374234
4,1598297069823001100,1598297069822921700,0.71359414,-0.01638922,-0.70036769,0.12776124,-0.03298311,-0.99940366,-0.01021906,1.55335069,-0.69978261,0.03039256,-0.71370924,0.87362766
4,1598297069832094800,1598297069832055600,0.71369076,-0.01628666,-0.70027173,0.12952590,-0.03297849,-0.99940228,-0.01036671,1.55340552,-0.69968432,0.03049253,-0.71380126,0.87375855
4,1598297069840857600,1598297069840791800,0.71326751,-0.01659218,-0.70069563,0.13243651,-0.03340241,-0.99938852,-0.01033662,1.55312204,-0.70009565,0.03077770,-0.71338552,0.87218690
4,1598297069850002100,1598297069849925100,0.71349323,-0.01694683,-0.70045722,0.13349223,-0.03345824,-0.99939102,-0.00990170,1.55318880,-0.69986284,0.03050086,-0.71362585,0.87292790
4,1598297069858853100,1598297069858788700,0.71322846,-0.01693358,-0.70072711,0.13481343,-0.03360685,-0.99938452,-0.01005556,1.55329919,-0.70012558,0.03072114,-0.71335858,0.87337542
4,1598297069868019700,1598297069867934600,0.71360695,-0.01697775,-0.70034063,0.13629711,-0.03356594,-0.99938673,-0.00997450,1.55337167,-0.69974178,0.03062546,-0.71373922,0.87371302
4,1598297069876817500,1598297069876732400,0.71329886,-0.01715198,-0.70065022,0.13741124,-0.03371611,-0.99938279,-0.00985980,1.55323458,-0.70004869,0.03065619,-0.71343690,0.87391877
4,1598297069886038900,1598297069885942000,0.71364403,-0.01696632,-0.70030320,0.13859475,-0.03363709,-0.99938339,-0.01006570,1.55335581,-0.69970059,0.03073948,-0.71377468,0.87455559
4,1598297069894775600,1598297069894719000,0.71330464,-0.01736103,-0.70063913,0.13986695,-0.03374785,-0.99938428,-0.00959432,1.55338526,-0.70004117,0.03048874,-0.71345139,0.87495995
4,1598297069903873300,1598297069903839200,0.71350253,-0.01720569,-0.70044148,0.14325130,-0.03394005,-0.99937356,-0.01002425,1.55307412,-0.69983023,0.03092535,-0.71363956,0.87305403
4,1598297069912662000,1598297069912642100,0.71342593,-0.01752048,-0.70051169,0.14519978,-0.03398169,-0.99937618,-0.00961279,1.55300570,-0.69990623,0.03066259,-0.71357632,0.87276125
4,1598297069921933700,1598297069921854500,0.71348506,-0.01705422,-0.70046294,0.14727485,-0.03387556,-0.99937427,-0.01017349,1.55308104,-0.69985110,0.03098721,-0.71361637,0.87255406
4,1598297069930670700,1598297069930633800,0.71314597,-0.01729286,-0.70080233,0.14910829,-0.03400309,-0.99937224,-0.00994169,1.55304980,-0.70019042,0.03091932,-0.71328640,0.87240982
4,1598297069939953900,1598297069939899600,0.71373683,-0.01762448,-0.70019227,0.15008736,-0.03391961,-0.99938011,-0.00942044,1.55298471,-0.69959223,0.03047396,-0.71389228,0.87305784
4,1598297069948766400,1598297069948614000,0.71339679,-0.01712429,-0.70055115,0.15190828,-0.03393270,-0.99937278,-0.01012620,1.55310655,-0.69993842,0.03099559,-0.71353042,0.87297797
4,1598297069957865200,1598297069957751400,0.71340251,-0.01733922,-0.70054007,0.15366626,-0.03396698,-0.99937433,-0.00985492,1.55309081,-0.69993091,0.03082575,-0.71354520,0.87302113
4,1598297069966565100,1598297069966529500,0.71319652,-0.01751263,-0.70074540,0.15494025,-0.03395423,-0.99937743,-0.00958167,1.55304098,-0.70014131,0.03062688,-0.71334720,0.87317514
4,1598297069975789400,1598297069975730300,0.71312541,-0.01721561,-0.70082521,0.15681946,-0.03394229,-0.99937385,-0.00998863,1.55321908,-0.70021445,0.03091076,-0.71326321,0.87305379
4,1598297069984533800,1598297069984490100,0.71353436,-0.01757929,-0.70039976,0.15824413,-0.03387211,-0.99938172,-0.00942389,1.55311918,-0.69980097,0.03044829,-0.71368867,0.87319374
4,1598297069993650100,1598297069993573300,0.71343935,-0.01712308,-0.70050782,0.15996289,-0.03378133,-0.99937946,-0.00997630,1.55323887,-0.69990230,0.03078157,-0.71357512,0.87327170
4,1598297070002571200,1598297070002479900,0.71317810,-0.01699525,-0.70077688,0.16244566,-0.03388473,-0.99937320,-0.01024756,1.55322564,-0.70016348,0.03105397,-0.71330702,0.87260509
4,1598297070011584200,1598297070011501900,0.71343488,-0.01768439,-0.70049846,0.16450751,-0.03382069,-0.99938542,-0.00921535,1.55301285,-0.69990492,0.03026589,-0.71359450,0.87231326
4,1598297070020526100,1598297070020472500,0.71298230,-0.01707651,-0.70097411,0.16655219,-0.03378190,-0.99937904,-0.01001462,1.55309606,-0.70036781,0.03082049,-0.71311641,0.87203574
4,1598297070029485200,1598297070029445800,0.71338516,-0.01751304,-0.70055342,0.16831028,-0.03374254,-0.99938655,-0.00937705,1.55297256,-0.69995946,0.03032789,-0.71353847,0.87195802
4,1598297070038425300,1598297070038375900,0.71320957,-0.01771003,-0.70072722,0.16942203,-0.03377327,-0.99938792,-0.00911656,1.55296922,-0.70013690,0.03016786,-0.71337110,0.87236142
4,1598297070047768100,1598297070047620400,0.71304375,-0.01736902,-0.70090437,0.17147589,-0.03383679,-0.99938071,-0.00965731,1.55296922,-0.70030260,0.03060243,-0.71318990,0.87218475
4,1598297070056405100,1598297070056289300,0.71326870,-0.01806956,-0.70065784,0.17297709,-0.03390918,-0.99938661,-0.00874590,1.55284441,-0.70007008,0.02999691,-0.71344393,0.87232614
4,1598297070065590100,1598297070065519000,0.71334594,-0.01754754,-0.70059240,0.17284369,-0.03368343,-0.99938959,-0.00926518,1.55306756,-0.70000219,0.03020763,-0.71350163,0.87398839
4,1598297070074375800,1598297070074294600,0.71316278,-0.01789265,-0.70077014,0.17457902,-0.03373403,-0.99939197,-0.00881328,1.55304086,-0.70018637,0.02992510,-0.71333277,0.87396073
4,1598297070083568200,1598297070083386600,0.71320891,-0.01808542,-0.70071816,0.17609763,-0.03375032,-0.99939364,-0.00855777,1.55306756,-0.70013851,0.02975294,-0.71338695,0.87421131
4,1598297070092167400,1598297070092126800,0.71310031,-0.01774134,-0.70083749,0.17698002,-0.03386900,-0.99938422,-0.00916272,1.55324733,-0.70024341,0.03027060,-0.71326220,0.87483239
4,1598297070101491300,1598297070101346400,0.71350074,-0.01808219,-0.70042121,0.17914593,-0.03380817,-0.99939096,-0.00863906,1.55306983,-0.69983840,0.02984393,-0.71367753,0.87436795
4,1598297070110092900,1598297070110064200,0.71296144,-0.01777427,-0.70097804,0.18147755,-0.03382574,-0.99938661,-0.00906317,1.55303180,-0.70038700,0.03017280,-0.71312535,0.87374496
4,1598297070119296200,1598297070119265600,0.71297407,-0.01789688,-0.70096207,0.18283343,-0.03378155,-0.99939007,-0.00884413,1.55304384,-0.70037627,0.02998522,-0.71314383,0.87412620
4,1598297070128160800,1598297070128096600,0.71304721,-0.01822583,-0.70087910,0.18523216,-0.03395184,-0.99938685,-0.00855299,1.55303812,-0.70029354,0.02989482,-0.71322882,0.87349510
4,1598297070137228000,1598297070137162300,0.71320856,-0.01788197,-0.70072383,0.18678999,-0.03384446,-0.99938709,-0.00894381,1.55309367,-0.70013440,0.03009443,-0.71337664,0.87371850
4,1598297070146236200,1598297070146176600,0.71323752,-0.01808520,-0.70068914,0.18831098,-0.03376734,-0.99939287,-0.00857714,1.55308795,-0.70010865,0.02977795,-0.71341521,0.87383986
4,1598297070155202100,1598297070155101100,0.71274626,-0.01785137,-0.70119488,0.18975401,-0.03371280,-0.99939257,-0.00882514,1.55319643,-0.70061141,0.02992933,-0.71291518,0.87416553
4,1598297070163989900,1598297070163928400,0.71292013,-0.01791675,-0.70101643,0.19051981,-0.03378509,-0.99939018,-0.00881612,1.55341733,-0.70043105,0.02996909,-0.71309078,0.87508440
4,1598297070173131100,1598297070173101900,0.71299976,-0.01788730,-0.70093620,0.19133711,-0.03378357,-0.99938989,-0.00886142,1.55357969,-0.70035005,0.02999832,-0.71316898,0.87598705
4,1598297070181968400,1598297070181896700,0.71324760,-0.01751594,-0.70069331,0.19379461,-0.03363485,-0.99939132,-0.00925468,1.55343163,-0.70010471,0.03016859,-0.71340263,0.87511110
4,1598297070191001100,1598297070190959000,0.71332866,-0.01789430,-0.70060122,0.19430900,-0.03362520,-0.99939650,-0.00871012,1.55357540,-0.70002258,0.02977104,-0.71349990,0.87637067
4,1598297070199941900,1598297070199900200,0.71300399,-0.01768707,-0.70093697,0.19570088,-0.03364586,-0.99939322,-0.00900693,1.55366874,-0.70035231,0.03000560,-0.71316648,0.87658310
4,1598297070208987600,1598297070208926900,0.71294701,-0.01798623,-0.70098728,0.19838595,-0.03376817,-0.99939179,-0.00870149,1.55358863,-0.70040441,0.02987476,-0.71312082,0.87580204
4,1598297070217926900,1598297070217890300,0.71329510,-0.01767239,-0.70064110,0.19946730,-0.03361956,-0.99939400,-0.00901887,1.55368340,-0.70005715,0.02998836,-0.71345699,0.87628126
4,1598297070227098700,1598297070226999600,0.71314293,-0.01791559,-0.70078981,0.20055056,-0.03375022,-0.99939156,-0.00879586,1.55376089,-0.70020586,0.02992452,-0.71331364,0.87690997
4,1598297070235846300,1598297070235743800,0.71322942,-0.01827963,-0.70069242,0.20413744,-0.03405300,-0.99938309,-0.00859043,1.55359149,-0.70010310,0.02998762,-0.71341187,0.87515211
4,1598297070245113200,1598297070245064800,0.71273172,-0.01816118,-0.70120168,0.20563412,-0.03408524,-0.99938047,-0.00876168,1.55356836,-0.70060813,0.03014536,-0.71290928,0.87553287
4,1598297070253823200,1598297070253791400,0.71289003,-0.01837543,-0.70103520,0.20719230,-0.03410967,-0.99938202,-0.00849084,1.55349243,-0.70044589,0.02996511,-0.71307623,0.87554169
4,1598297070262833400,1598297070262792700,0.71301788,-0.01866177,-0.70089751,0.20838773,-0.03423659,-0.99937993,-0.00821961,1.55354190,-0.70030951,0.02985707,-0.71321470,0.87601399
4,1598297070271704100,1598297070271642400,0.71301407,-0.01832223,-0.70091033,0.21153581,-0.03436233,-0.99937040,-0.00883156,1.55342650,-0.70030725,0.03038195,-0.71319479,0.87460399
4,1598297070280886100,1598297070280753500,0.71257997,-0.01903261,-0.70133269,0.21324420,-0.03468045,-0.99936545,-0.00811606,1.55328560,-0.70073324,0.03010588,-0.71278799,0.87450767
4,1598297070289759000,1598297070289687000,0.71286678,-0.01888385,-0.70104522,0.21498847,-0.03459367,-0.99936730,-0.00825735,1.55331254,-0.70044577,0.03013812,-0.71306908,0.87447786
4,1598297070299186600,1598297070299059200,0.71241462,-0.01887955,-0.70150483,0.21672070,-0.03482555,-0.99935746,-0.00847151,1.55339074,-0.70089418,0.03046552,-0.71261442,0.87445116
4,1598297070307645000,1598297070307580500,0.71298456,-0.01834192,-0.70093989,0.21777046,-0.03435620,-0.99937093,-0.00879542,1.55334914,-0.70033765,0.03035263,-0.71316624,0.87502623
4,1598297070316739000,1598297070316715100,0.71268320,-0.01892993,-0.70123065,0.21937835,-0.03445840,-0.99937373,-0.00804278,1.55322409,-0.70063925,0.02989524,-0.71288919,0.87497711
4,1598297070325616000,1598297070325562100,0.71289498,-0.01865107,-0.70102286,0.22056794,-0.03454464,-0.99936664,-0.00854101,1.55338621,-0.70041955,0.03030542,-0.71308780,0.87544155
4,1598297070334707700,1598297070334687700,0.71246761,-0.01908257,-0.70144558,0.22047174,-0.03472822,-0.99936408,-0.00808658,1.55354381,-0.70084518,0.03012138,-0.71267724,0.87712765
4,1598297070343753900,1598297070343703100,0.71282196,-0.01870392,-0.70109558,0.22310901,-0.03458852,-0.99936539,-0.00850584,1.55334949,-0.70049161,0.03031302,-0.71301669,0.87616491
4,1598297070352663100,1598297070352603000,0.71232200,-0.01937111,-0.70158553,0.22433794,-0.03473402,-0.99936712,-0.00767255,1.55328298,-0.70099288,0.02983421,-0.71254402,0.87656546
4,1598297070361470300,1598297070361409900,0.71270889,-0.01897673,-0.70120329,0.22479260,-0.03463780,-0.99936658,-0.00816019,1.55349493,-0.70060426,0.03010398,-0.71291482,0.87777567
4,1598297070370649800,1598297070370547600,0.71229881,-0.01934836,-0.70160973,0.22806466,-0.03496022,-0.99935716,-0.00793348,1.55315685,-0.70100522,0.03017944,-0.71251738,0.87619781
4,1598297070379487700,1598297070379414300,0.71279198,-0.01923959,-0.70111161,0.22941530,-0.03470526,-0.99936664,-0.00785928,1.55311680,-0.70051634,0.02993429,-0.71300834,0.87654924
4,1598297070388578400,1598297070388501200,0.71209359,-0.01920351,-0.70182204,0.23102927,-0.03489925,-0.99935824,-0.00806520,1.55317736,-0.70121682,0.03023624,-0.71230674,0.87658119
4,1598297070397395800,1598297070397361400,0.71258771,-0.01907402,-0.70132381,0.23188412,-0.03471796,-0.99936432,-0.00809568,1.55322504,-0.70072359,0.03011741,-0.71279699,0.87734962
4,1598297070406604300,1598297070406567700,0.71210003,-0.01980350,-0.70179880,0.23459053,-0.03528508,-0.99934834,-0.00760319,1.55294156,-0.70119083,0.03017726,-0.71233481,0.87635541
