0,1598332462261718300,1598332462261636900,-0.00847656,-0.99728185,0.07319197,-0.08821642,-0.01031351,-0.07310348,-0.99727100,1.80999708,0.99991095,-0.00920823,-0.00966586,0.99599504
0,1598332462270545100,1598332462270472000,-0.00844374,-0.99729007,0.07308380,-0.08648694,-0.01034857,-0.07299530,-0.99727851,1.80997849,0.99991089,-0.00917706,-0.00970422,0.99604154
0,1598332462279369000,1598332462279305300,-0.00840107,-0.99729568,0.07301223,-0.08469307,-0.01025171,-0.07292504,-0.99728471,1.80994165,0.99991220,-0.00912675,-0.00961139,0.99612904
0,1598332462288549300,1598332462288492600,-0.00845006,-0.99728346,0.07317313,-0.08275735,-0.01033062,-0.07308473,-0.99727219,1.80992675,0.99991095,-0.00918290,-0.00968504,0.99616551
0,1598332462297397600,1598332462297323400,-0.00854468,-0.99729651,0.07298452,-0.08091843,-0.01035294,-0.07289501,-0.99728584,1.80989718,0.99990994,-0.00927702,-0.00970213,0.99620700
0,1598332462306513100,1598332462306351800,-0.00866330,-0.99729127,0.07304224,-0.07889092,-0.01031562,-0.07295192,-0.99728203,1.80992889,0.99990928,-0.00939316,-0.00965572,0.99630857
0,1598332462315401600,1598332462315330800,-0.00879112,-0.99728090,0.07316811,-0.07682550,-0.01037486,-0.07307599,-0.99727237,1.80990553,0.99990761,-0.00952616,-0.00970429,0.99640107
0,1598332462324375600,1598332462324329700,-0.00886351,-0.99729717,0.07293741,-0.07474291,-0.01037544,-0.07284459,-0.99728930,1.80989802,0.99990696,-0.00959623,-0.00970178,0.99639869
0,1598332462333330500,1598332462333239400,-0.00902325,-0.99728608,0.07306911,-0.07271469,-0.01037058,-0.07297479,-0.99727982,1.80989623,0.99990559,-0.00975645,-0.00968401,0.99644661
0,1598332462342385800,1598332462342307400,-0.00923589,-0.99728239,0.07309353,-0.07059467,-0.01033427,-0.07299752,-0.99727851,1.80984259,0.99990398,-0.00996608,-0.00963203,0.99646211
0,1598332462351293400,1598332462351187100,-0.00933617,-0.99727786,0.07314149,-0.06849003,-0.01029262,-0.07304492,-0.99727547,1.80983126,0.99990350,-0.01006353,-0.00958269,0.99657297
0,1598332462360325300,1598332462360212900,-0.00943324,-0.99727803,0.07312682,-0.06635118,-0.01041587,-0.07302808,-0.99727541,1.80979800,0.99990129,-0.01016915,-0.00969868,0.99661422
0,1598332462369307200,1598332462369192500,-0.00948828,-0.99727076,0.07321887,-0.06422198,-0.01029564,-0.07312081,-0.99726987,1.80978632,0.99990207,-0.01021621,-0.00957380,0.99665141
0,1598332462378175000,1598332462378099800,-0.00959820,-0.99726331,0.07330579,-0.06205440,-0.01033133,-0.07320631,-0.99726325,1.80980718,0.99990058,-0.01032925,-0.00960046,0.99671483
0,1598332462387269100,1598332462387187000,-0.00958106,-0.99726748,0.07325176,-0.05986261,-0.01023702,-0.07315343,-0.99726808,1.80984020,0.99990171,-0.01030469,-0.00950821,0.99672008
0,1598332462396254500,1598332462396104800,-0.00968632,-0.99726194,0.07331336,-0.05772901,-0.01026905,-0.07321370,-0.99726337,1.80982566,0.99990040,-0.01041263,-0.00953181,0.99677467
0,1598332462405073400,1598332462404989100,-0.00978777,-0.99726081,0.07331476,-0.05554569,-0.01024649,-0.07321436,-0.99726355,1.80981052,0.99989963,-0.01051214,-0.00950187,0.99684238
0,1598332462414244200,1598332462414130400,-0.00979319,-0.99725223,0.07343180,-0.05328107,-0.01021288,-0.07333171,-0.99725527,1.80979514,0.99989998,-0.01051623,-0.00946671,0.99689960
0,1598332462423080700,1598332462423014800,-0.00981906,-0.99726188,0.07329629,-0.05107188,-0.01027833,-0.07319526,-0.99726462,1.80978990,0.99989903,-0.01054552,-0.00953152,0.99692154
0,1598332462432018800,1598332462431957000,-0.00981992,-0.99725598,0.07337651,-0.04879689,-0.01019992,-0.07327630,-0.99725944,1.80977345,0.99989980,-0.01054141,-0.00945241,0.99695730
0,1598332462441023900,1598332462440925400,-0.00968131,-0.99725133,0.07345839,-0.04653108,-0.01023830,-0.07335909,-0.99725300,1.80973101,0.99990082,-0.01040673,-0.00950000,0.99698353
0,1598332462450044500,1598332462449982400,-0.00962713,-0.99725664,0.07339343,-0.04426348,-0.01022047,-0.07329483,-0.99725789,1.80971038,0.99990147,-0.01035085,-0.00948686,0.99705362
0,1598332462459068900,1598332462458964800,-0.00949466,-0.99725330,0.07345646,-0.04202247,-0.01028708,-0.07335843,-0.99725252,1.80966842,0.99990201,-0.01022422,-0.00956236,0.99710464
0,1598332462468104800,1598332462468030200,-0.00938177,-0.99725556,0.07343888,-0.03978539,-0.01038944,-0.07334091,-0.99725276,1.80961668,0.99990201,-0.01011890,-0.00967290,0.99717832
0,1598332462476962800,1598332462476869100,-0.00933489,-0.99725461,0.07345854,-0.03755188,-0.01031706,-0.07336174,-0.99725199,1.80960631,0.99990320,-0.01006708,-0.00960397,0.99726200
0,1598332462485923200,1598332462485840200,-0.00934085,-0.99724710,0.07356060,-0.03537178,-0.01035422,-0.07346337,-0.99724412,1.80962634,0.99990278,-0.01007673,-0.00963955,0.99724793
0,1598332462494841200,1598332462494765100,-0.00934672,-0.99724299,0.07361470,-0.03313601,-0.01036007,-0.07351736,-0.99724007,1.80957723,0.99990273,-0.01008347,-0.00964441,0.99732161
0,1598332462503836800,1598332462503775600,-0.00925747,-0.99724936,0.07353868,-0.03091240,-0.01037824,-0.07344201,-0.99724543,1.80947065,0.99990332,-0.00999513,-0.00966986,0.99733353
0,1598332462512841500,1598332462512713500,-0.00930256,-0.99724835,0.07354784,-0.02871156,-0.01040959,-0.07345042,-0.99724448,1.80944419,0.99990261,-0.01004246,-0.00969772,0.99736571
0,1598332462521855600,1598332462521814500,-0.00930721,-0.99723625,0.07371153,-0.02647471,-0.01042083,-0.07361396,-0.99723232,1.80945814,0.99990237,-0.01004952,-0.00970694,0.99736357
0,1598332462530751600,1598332462530693500,-0.00928667,-0.99723625,0.07371384,-0.02426183,-0.01044281,-0.07361624,-0.99723190,1.80943763,0.99990243,-0.01003075,-0.00973034,0.99741936
0,1598332462539796300,1598332462539743300,-0.00934893,-0.99724495,0.07358785,-0.02200902,-0.01039505,-0.07349013,-0.99724174,1.80941308,0.99990231,-0.01008803,-0.00967941,0.99745107
0,1598332462548707600,1598332462548663400,-0.00933135,-0.99722755,0.07382572,-0.01981401,-0.01041995,-0.07372791,-0.99722391,1.80939722,0.99990219,-0.01007470,-0.00970313,0.99749017
0,1598332462557703300,1598332462557657500,-0.00934872,-0.99723804,0.07368239,-0.01758587,-0.01038506,-0.07358478,-0.99723482,1.80941272,0.99990237,-0.01008803,-0.00966850,0.99746108
0,1598332462566655200,1598332462566593100,-0.00941673,-0.99723488,0.07371525,-0.01547587,-0.01030157,-0.07361782,-0.99723327,1.80941498,0.99990267,-0.01015005,-0.00957989,0.99749398
0,1598332462575705400,1598332462575608900,-0.00952300,-0.99721617,0.07395440,-0.01319790,-0.01033790,-0.07385559,-0.99721533,1.80945373,0.99990124,-0.01026100,-0.00960584,0.99759889
0,1598332462584590700,1598332462584521800,-0.00952247,-0.99723291,0.07372859,-0.01099503,-0.01034439,-0.07362971,-0.99723196,1.80942583,0.99990124,-0.01025873,-0.00961468,0.99761605
0,1598332462593611300,1598332462593540200,-0.00962514,-0.99721593,0.07394443,-0.00877225,-0.01043070,-0.07384367,-0.99721521,1.80940175,0.99989933,-0.01036957,-0.00969096,0.99766850
0,1598332462602502900,1598332462602459500,-0.00974530,-0.99720871,0.07402632,-0.00656796,-0.01044445,-0.07392426,-0.99720913,1.80937326,0.99989802,-0.01049122,-0.00969493,0.99774289
0,1598332462611584300,1598332462611511300,-0.00974971,-0.99721730,0.07391005,-0.00433254,-0.01038963,-0.07380851,-0.99721825,1.80924451,0.99989855,-0.01049039,-0.00964116,0.99774742
0,1598332462620609700,1598332462620555200,-0.00976270,-0.99720436,0.07408246,-0.00212610,-0.01049689,-0.07397968,-0.99720442,1.80923605,0.99989730,-0.01051301,-0.00974536,0.99768639
0,1598332462629569100,1598332462629491000,-0.00981200,-0.99722201,0.07383822,0.00026190,-0.01045761,-0.07373536,-0.99722296,1.80923045,0.99989724,-0.01055688,-0.00970511,0.99773693
0,1598332462638483400,1598332462638428700,-0.00984633,-0.99722123,0.07384452,0.00250494,-0.01042224,-0.07374171,-0.99722284,1.80927253,0.99989724,-0.01058856,-0.00966724,0.99782777
0,1598332462647601700,1598332462647519900,-0.00980258,-0.99719858,0.07415487,0.00477290,-0.01050990,-0.07405155,-0.99719900,1.80926287,0.99989676,-0.01055443,-0.00975461,0.99783611
0,1598332462656442100,1598332462656400000,-0.00982687,-0.99722087,0.07385175,0.00701964,-0.01044609,-0.07374887,-0.99722207,1.80924487,0.99989724,-0.01057100,-0.00969238,0.99786425
0,1598332462665463500,1598332462665416700,-0.00984368,-0.99720252,0.07409748,0.00919139,-0.01044298,-0.07399448,-0.99720395,1.80924881,0.99989706,-0.01058990,-0.00968544,0.99791479
0,1598332462674384700,1598332462674332800,-0.00979137,-0.99719870,0.07415430,0.01143849,-0.01037691,-0.07405248,-0.99720031,1.80923045,0.99989825,-0.01053339,-0.00962281,0.99793148
0,1598332462683393700,1598332462683285500,-0.00973406,-0.99720877,0.07402673,0.01366174,-0.01045826,-0.07392462,-0.99720895,1.80920124,0.99989796,-0.01048103,-0.00970953,0.99794102
0,1598332462692442600,1598332462692349500,-0.00979188,-0.99720418,0.07408110,0.01587880,-0.01044550,-0.07397857,-0.99720508,1.80924678,0.99989754,-0.01053828,-0.00969196,0.99787092
0,1598332462701366300,1598332462701265100,-0.00978354,-0.99719685,0.07418015,0.01813102,-0.01047142,-0.07407743,-0.99719745,1.80922091,0.99989736,-0.01053286,-0.00971737,0.99793601
0,1598332462710428300,1598332462710329500,-0.00968227,-0.99720550,0.07407700,0.02039444,-0.01053401,-0.07397460,-0.99720442,1.80918455,0.99989766,-0.01043549,-0.00978838,0.99802661
0,1598332462719358100,1598332462719251100,-0.00952771,-0.99720359,0.07412240,0.02260137,-0.01056802,-0.07402118,-0.99720061,1.80917287,0.99989879,-0.01028433,-0.00983326,0.99804688
0,1598332462728252000,1598332462728210300,-0.00948948,-0.99719632,0.07422660,0.02499866,-0.01061800,-0.07412522,-0.99719238,1.80913079,0.99989867,-0.01025090,-0.00988487,0.99812794
0,1598332462737316900,1598332462737244200,-0.00940844,-0.99721730,0.07395384,0.02722251,-0.01061356,-0.07385332,-0.99721259,1.80901074,0.99989945,-0.01016706,-0.00988923,0.99812484
0,1598332462746314900,1598332462746170400,-0.00945371,-0.99720180,0.07415709,0.02944064,-0.01064800,-0.07405578,-0.99719721,1.80899799,0.99989873,-0.01021677,-0.00991816,0.99819088
0,1598332462755292100,1598332462755250000,-0.00947145,-0.99719954,0.07418527,0.03165472,-0.01062424,-0.07408402,-0.99719536,1.80897331,0.99989873,-0.01023301,-0.00989285,0.99816871
0,1598332462764143700,1598332462764089400,-0.00944981,-0.99720234,0.07415020,0.03393722,-0.01075501,-0.07404783,-0.99719661,1.80894184,0.99989754,-0.01022077,-0.01002523,0.99824047
0,1598332462773217500,1598332462773169500,-0.00952017,-0.99720258,0.07413784,0.03616512,-0.01072371,-0.07403509,-0.99719793,1.80885959,0.99989724,-0.01028851,-0.00998893,0.99822855
0,1598332462782122300,1598332462782050900,-0.00946298,-0.99718827,0.07433650,0.03835869,-0.01069504,-0.07423461,-0.99718338,1.80885172,0.99989802,-0.01023132,-0.00996254,0.99824739
0,1598332462791381400,1598332462791299200,-0.00956437,-0.99719328,0.07425675,0.04061663,-0.01082295,-0.07415253,-0.99718815,1.80882013,0.99989575,-0.01034114,-0.01008340,0.99825668
0,1598332462800042600,1598332462800000800,-0.00957587,-0.99719584,0.07422090,0.04283559,-0.01074819,-0.07411734,-0.99719155,1.80882883,0.99989641,-0.01034671,-0.01000836,0.99828935
0,1598332462809078100,1598332462809031300,-0.00953996,-0.99717855,0.07445811,0.04511452,-0.01069497,-0.07435545,-0.99717438,1.80884564,0.99989736,-0.01030931,-0.00995550,0.99836397
0,1598332462818041500,1598332462817939800,-0.00952959,-0.99719471,0.07424295,0.04732800,-0.01075883,-0.07413974,-0.99718976,1.80883718,0.99989676,-0.01030150,-0.01002217,0.99838758
0,1598332462827036300,1598332462826964300,-0.00958052,-0.99718034,0.07442880,0.04954207,-0.01070563,-0.07432562,-0.99717653,1.80885053,0.99989688,-0.01035023,-0.00996341,0.99835563
0,1598332462835870300,1598332462835832700,-0.00960916,-0.99717236,0.07453211,0.05189812,-0.01073315,-0.07442836,-0.99716854,1.80881119,0.99989629,-0.01038185,-0.00998766,0.99842167
0,1598332462845110900,1598332462845005900,-0.00959340,-0.99718952,0.07430319,0.05423212,-0.01078727,-0.07419904,-0.99718505,1.80876756,0.99989581,-0.01036790,-0.01004519,0.99848938
0,1598332462853992700,1598332462853840500,-0.00965706,-0.99718904,0.07430165,0.05637264,-0.01080397,-0.07419669,-0.99718505,1.80877233,0.99989510,-0.01043260,-0.01005713,0.99842119
0,1598332462863155500,1598332462863118800,-0.00968340,-0.99715358,0.07477318,0.05871558,-0.01093299,-0.07466660,-0.99714857,1.80873561,0.99989337,-0.01047325,-0.01017889,0.99850750
0,1598332462871791300,1598332462871755700,-0.00963622,-0.99719578,0.07421432,0.06093562,-0.01088492,-0.07410873,-0.99719071,1.80873597,0.99989438,-0.01041690,-0.01014032,0.99855709
0,1598332462880838500,1598332462880792400,-0.00967911,-0.99717569,0.07447764,0.06313169,-0.01086152,-0.07437186,-0.99717140,1.80872917,0.99989420,-0.01046059,-0.01011105,0.99857473
0,1598332462889808400,1598332462889723900,-0.00978714,-0.99715471,0.07474544,0.06533754,-0.01095062,-0.07463761,-0.99715054,1.80872178,0.99989212,-0.01057768,-0.01018902,0.99857330
0,1598332462898796200,1598332462898750400,-0.00981420,-0.99718404,0.07434941,0.06762266,-0.01084123,-0.07424248,-0.99718124,1.80870330,0.99989313,-0.01059249,-0.01008212,0.99862218
0,1598332462907752900,1598332462907673700,-0.00978878,-0.99716181,0.07464983,0.06979704,-0.01095367,-0.07454197,-0.99715769,1.80857217,0.99989212,-0.01057860,-0.01019295,0.99862385
0,1598332462916771300,1598332462916700700,-0.00983047,-0.99716789,0.07456251,0.07201469,-0.01095166,-0.07445425,-0.99716425,1.80855608,0.99989176,-0.01061913,-0.01018877,0.99861884
0,1598332462925703100,1598332462925641600,-0.00979751,-0.99715090,0.07479410,0.07419968,-0.01097727,-0.07468589,-0.99714661,1.80853975,0.99989176,-0.01059055,-0.01021431,0.99860215
0,1598332462934720800,1598332462934645700,-0.00981078,-0.99716866,0.07455523,0.07646418,-0.01103059,-0.07444632,-0.99716395,1.80852771,0.99989104,-0.01060525,-0.01026904,0.99865913
0,1598332462943688000,1598332462943599800,-0.00984532,-0.99716675,0.07457533,0.07866895,-0.01090228,-0.07446744,-0.99716377,1.80852687,0.99989212,-0.01063043,-0.01013828,0.99871612
0,1598332462952690100,1598332462952596500,-0.00988787,-0.99713689,0.07496933,0.08089542,-0.01098702,-0.07486010,-0.99713349,1.80853474,0.99989080,-0.01068315,-0.01021540,0.99871612
0,1598332462961666300,1598332462961577800,-0.00986063,-0.99717021,0.07452826,0.08312142,-0.01097211,-0.07441947,-0.99716663,1.80852449,0.99989128,-0.01065040,-0.01020729,0.99870801
0,1598332462970691300,1598332462970624300,-0.00979859,-0.99714792,0.07483356,0.08537233,-0.01104243,-0.07472464,-0.99714303,1.80851293,0.99989104,-0.01059693,-0.01027879,0.99877930
0,1598332462979537500,1598332462979475400,-0.00982067,-0.99714434,0.07487845,0.08755243,-0.01101468,-0.07476960,-0.99713993,1.80850506,0.99989110,-0.01061729,-0.01024899,0.99876595
0,1598332462988588300,1598332462988508500,-0.00937846,-0.99715579,0.07478205,0.08980012,-0.01107274,-0.07467716,-0.99714625,1.80844605,0.99989474,-0.01017967,-0.01034094,0.99880648
0,1598332462997483800,1598332462997427600,-0.00946924,-0.99716496,0.07464862,0.09217334,-0.01109830,-0.07454253,-0.99715602,1.80843449,0.99989361,-0.01027077,-0.01036102,0.99886727
0,1598332463006719500,1598332463006665200,-0.00941756,-0.99714613,0.07490604,0.09443712,-0.01106356,-0.07480083,-0.99713707,1.80843401,0.99989450,-0.01021925,-0.01032759,0.99895287
0,1598332463015499700,1598332463015438400,-0.00942817,-0.99715602,0.07477407,0.09665620,-0.01110966,-0.07466828,-0.99714649,1.80842221,0.99989390,-0.01023194,-0.01037413,0.99892330
0,1598332463024538000,1598332463024452800,-0.00938997,-0.99715060,0.07485005,0.09886491,-0.01115247,-0.07474422,-0.99714035,1.80838323,0.99989378,-0.01019782,-0.01041889,0.99891877
0,1598332463033429100,1598332463033346900,-0.00930047,-0.99715585,0.07479181,0.10120320,-0.01107334,-0.07468771,-0.99714541,1.80835605,0.99989545,-0.01010206,-0.01034727,0.99898958
0,1598332463042526500,1598332463042411600,-0.00923210,-0.99715185,0.07485379,0.10351908,-0.01110817,-0.07475006,-0.99714035,1.80836439,0.99989575,-0.01003709,-0.01038648,0.99908566
0,1598332463051454600,1598332463051399200,-0.00923806,-0.99715602,0.07479675,0.10575306,-0.01117238,-0.07469231,-0.99714398,1.80835176,0.99989492,-0.01004729,-0.01045064,0.99911261
0,1598332463060316100,1598332463060270200,-0.00925136,-0.99715269,0.07483962,0.10794640,-0.01113785,-0.07473540,-0.99714112,1.80834424,0.99989522,-0.01005837,-0.01041478,0.99911284
0,1598332463069344900,1598332463069266800,-0.00921530,-0.99713588,0.07506847,0.11024308,-0.01110623,-0.07496493,-0.99712425,1.80828261,0.99989593,-0.01002243,-0.01038365,0.99912143
0,1598332463078316600,1598332463078269800,-0.00919595,-0.99714983,0.07488431,0.11248410,-0.01110484,-0.07478099,-0.99713808,1.80825460,0.99989611,-0.01000118,-0.01038556,0.99912047
0,1598332463087310600,1598332463087207300,-0.00926685,-0.99714220,0.07497694,0.11468947,-0.01109740,-0.07487295,-0.99713129,1.80828691,0.99989557,-0.01007229,-0.01037190,0.99904227
0,1598332463096353900,1598332463096288900,-0.00929245,-0.99714249,0.07496996,0.11693490,-0.01112139,-0.07486547,-0.99713159,1.80825627,0.99989504,-0.01009950,-0.01039398,0.99910402
0,1598332463105327300,1598332463105261700,-0.00920424,-0.99713135,0.07512978,0.11923409,-0.01105738,-0.07502684,-0.99712014,1.80820274,0.99989653,-0.01000839,-0.01033514,0.99910378
0,1598332463114357700,1598332463114230700,-0.00930434,-0.99714625,0.07491887,0.12144983,-0.01115610,-0.07481390,-0.99713504,1.80817938,0.99989456,-0.01011348,-0.01042822,0.99914384
0,1598332463123177400,1598332463123074300,-0.00942960,-0.99711978,0.07525485,0.12363279,-0.01112649,-0.07514887,-0.99711019,1.80815983,0.99989367,-0.01023960,-0.01038587,0.99914455
0,1598332463132250100,1598332463132113600,-0.00945643,-0.99712044,0.07524280,0.12592697,-0.01121118,-0.07513567,-0.99711025,1.80813134,0.99989247,-0.01027256,-0.01046843,0.99923015
0,1598332463141176900,1598332463141136500,-0.00944585,-0.99713546,0.07504505,0.12820601,-0.01123617,-0.07493778,-0.99712485,1.80811751,0.99989223,-0.01026186,-0.01049618,0.99933386
0,1598332463150098200,1598332463150058400,-0.00953704,-0.99712151,0.07521871,0.13041747,-0.01124713,-0.07511037,-0.99711174,1.80809093,0.99989128,-0.01035544,-0.01049847,0.99936771
0,1598332463159083200,1598332463159013200,-0.00968552,-0.99711525,0.07528170,0.13262320,-0.01129377,-0.07517131,-0.99710661,1.80808628,0.99988931,-0.01050767,-0.01053317,0.99936390
0,1598332463168497600,1598332463168412500,-0.00969100,-0.99712068,0.07520995,0.13487911,-0.01119279,-0.07510056,-0.99711311,1.80807734,0.99989045,-0.01050478,-0.01043282,0.99942923
0,1598332463177008500,1598332463176953800,-0.00974533,-0.99711335,0.07529924,0.13699353,-0.01121497,-0.07518905,-0.99710619,1.80798399,0.99988967,-0.01056156,-0.01044990,0.99942040
0,1598332463186069000,1598332463185974400,-0.00978005,-0.99710584,0.07539475,0.13922060,-0.01115530,-0.07528483,-0.99709964,1.80796325,0.99988997,-0.01059270,-0.01038677,0.99943495
0,1598332463194990300,1598332463194925800,-0.00978389,-0.99711758,0.07523883,0.14160812,-0.01117091,-0.07512871,-0.99711120,1.80793357,0.99988979,-0.01059607,-0.01040371,0.99947071
0,1598332463204034000,1598332463203979900,-0.00978804,-0.99710810,0.07536336,0.14388072,-0.01114173,-0.07525350,-0.99710214,1.80796552,0.99989009,-0.01059934,-0.01037298,0.99954581
0,1598332463212941800,1598332463212877500,-0.00981984,-0.99711299,0.07529445,0.14607668,-0.01114853,-0.07518420,-0.99710727,1.80795443,0.99988973,-0.01063082,-0.01037810,0.99957871
0,1598332463221965200,1598332463221909300,-0.00988033,-0.99710536,0.07538825,0.14824700,-0.01108378,-0.07527805,-0.99710095,1.80797839,0.99988979,-0.01068720,-0.01030797,0.99952030
0,1598332463231008600,1598332463230948500,-0.00986093,-0.99709713,0.07549839,0.15061796,-0.01111497,-0.07538807,-0.99709225,1.80795336,0.99988973,-0.01067138,-0.01033936,0.99958491
0,1598332463240008700,1598332463239920000,-0.00990847,-0.99712002,0.07519083,0.15284431,-0.01109094,-0.07508028,-0.99711573,1.80791402,0.99988943,-0.01071376,-0.01031511,0.99962187
0,1598332463248840500,1598332463248769800,-0.00987911,-0.99709362,0.07554299,0.15505588,-0.01109570,-0.07543268,-0.99708909,1.80789411,0.99988967,-0.01068851,-0.01031829,0.99962187
0,1598332463257919100,1598332463257851000,-0.00985345,-0.99709755,0.07549533,0.15731323,-0.01110124,-0.07538523,-0.99709266,1.80789089,0.99988985,-0.01066285,-0.01032626,0.99960399
0,1598332463266782400,1598332463266731700,-0.00963163,-0.99711180,0.07533503,0.15958977,-0.01106489,-0.07522760,-0.99710494,1.80785739,0.99989247,-0.01043731,-0.01030842,0.99966478
0,1598332463275808800,1598332463275744600,-0.00952926,-0.99710035,0.07549886,0.16184342,-0.01113291,-0.07539178,-0.99709177,1.80778670,0.99989265,-0.01034197,-0.01038226,0.99969530
0,1598332463284686100,1598332463284644500,-0.00948411,-0.99709952,0.07551587,0.16408205,-0.01116904,-0.07540889,-0.99709010,1.80774605,0.99989271,-0.01029992,-0.01042150,0.99979091
0,1598332463293814900,1598332463293702200,-0.00955394,-0.99710888,0.07538339,0.16632175,-0.01118390,-0.07527553,-0.99710000,1.80774498,0.99989188,-0.01036927,-0.01043244,0.99973083
0,1598332463302672300,1598332463302598800,-0.00954914,-0.99709475,0.07557094,0.16854870,-0.01119154,-0.07546305,-0.99708575,1.80771089,0.99989182,-0.01036701,-0.01043847,0.99978781
0,1598332463311720300,1598332463311654400,-0.00951597,-0.99709409,0.07558303,0.17081988,-0.01111457,-0.07547627,-0.99708557,1.80767488,0.99989301,-0.01032823,-0.01036409,0.99981737
0,1598332463320728800,1598332463320677300,-0.00944614,-0.99710327,0.07547073,0.17305017,-0.01125311,-0.07536329,-0.99709260,1.80765808,0.99989212,-0.01026794,-0.01050867,0.99981260
0,1598332463329672100,1598332463329626100,-0.00944141,-0.99709463,0.07558602,0.17531204,-0.01121842,-0.07547899,-0.99708426,1.80763412,0.99989253,-0.01026180,-0.01047324,0.99984717
0,1598332463338649200,1598332463338582200,-0.00946245,-0.99708796,0.07567103,0.17753744,-0.01114281,-0.07556454,-0.99707860,1.80760717,0.99989319,-0.01027793,-0.01039539,0.99988270
0,1598332463347701600,1598332463347630300,-0.00944722,-0.99709123,0.07562964,0.17979193,-0.01118468,-0.07552288,-0.99708128,1.80758846,0.99989283,-0.01026550,-0.01043872,0.99992371
0,1598332463356546600,1598332463356481200,-0.00948745,-0.99709290,0.07560219,0.18194211,-0.01109514,-0.07549594,-0.99708432,1.80755532,0.99989349,-0.01029858,-0.01034667,0.99990892
0,1598332463365657200,1598332463365526900,-0.00949991,-0.99708515,0.07570326,0.18422997,-0.01111983,-0.07559661,-0.99707645,1.80751777,0.99989307,-0.01031393,-0.01036930,0.99997735
0,1598332463374543200,1598332463374432100,-0.00955361,-0.99709016,0.07563094,0.18645751,-0.01113854,-0.07552355,-0.99708176,1.80753398,0.99989235,-0.01036808,-0.01038466,1.00007510
0,1598332463383513700,1598332463383442200,-0.00946188,-0.99708444,0.07571782,0.18869376,-0.01113466,-0.07561143,-0.99707514,1.80750656,0.99989331,-0.01027727,-0.01038682,1.00012922
0,1598332463392475500,1598332463392379300,-0.00947091,-0.99707961,0.07577964,0.19085610,-0.01115214,-0.07567296,-0.99707025,1.80753732,0.99989301,-0.01028824,-0.01040293,1.00004578
0,1598332463401468500,1598332463401395500,-0.00951558,-0.99708605,0.07568969,0.19310355,-0.01119003,-0.07558216,-0.99707675,1.80750346,0.99989218,-0.01033473,-0.01043827,1.00012493
0,1598332463410383700,1598332463410312300,-0.00958753,-0.99707389,0.07584067,0.19531560,-0.01117811,-0.07573251,-0.99706548,1.80745113,0.99989164,-0.01040709,-0.01041937,1.00013185
0,1598332463419489700,1598332463419412500,-0.00954923,-0.99708223,0.07573626,0.19759798,-0.01115247,-0.07562877,-0.99707359,1.80742157,0.99989223,-0.01036590,-0.01039778,1.00014424
0,1598332463428394100,1598332463428312800,-0.00955683,-0.99708527,0.07569443,0.19996250,-0.01114321,-0.07558696,-0.99707687,1.80744481,0.99989229,-0.01037231,-0.01038841,1.00011802
0,1598332463437456100,1598332463437364600,-0.00965619,-0.99707133,0.07586531,0.20226359,-0.01117930,-0.07575642,-0.99706364,1.80751967,0.99989098,-0.01047590,-0.01041509,1.00024843
0,1598332463446512600,1598332463446342800,-0.00963762,-0.99707872,0.07577068,0.20450783,-0.01118389,-0.07566194,-0.99707073,1.80751038,0.99989110,-0.01045680,-0.01042206,1.00029111
0,1598332463455368900,1598332463455302500,-0.00964925,-0.99708021,0.07574920,0.20671487,-0.01123697,-0.07563978,-0.99707186,1.80750012,0.99989039,-0.01047215,-0.01047435,1.00029707
0,1598332463464268500,1598332463464198400,-0.00974190,-0.99706215,0.07597542,0.20892942,-0.01118791,-0.07586555,-0.99705523,1.80750144,0.99989003,-0.01056316,-0.01041601,1.00034785
0,1598332463473363100,1598332463473273600,-0.00967836,-0.99706614,0.07593107,0.21120715,-0.01121177,-0.07582162,-0.99705833,1.80747938,0.99989039,-0.01050118,-0.01044509,1.00041413
0,1598332463482282400,1598332463482151900,-0.00956514,-0.99708641,0.07567810,0.21339524,-0.01122999,-0.07556964,-0.99707723,1.80746317,0.99989122,-0.01038700,-0.01047448,1.00043035
0,1598332463491391600,1598332463491301900,-0.00956923,-0.99705303,0.07611716,0.21561897,-0.01124189,-0.07600854,-0.99704373,1.80745995,0.99989104,-0.01039660,-0.01048147,1.00045133
0,1598332463500164300,1598332463500073200,-0.00953510,-0.99705923,0.07603936,0.21793675,-0.01120609,-0.07593146,-0.99704999,1.80746245,0.99989176,-0.01035908,-0.01044917,1.00051689
0,1598332463509195800,1598332463509110200,-0.00948986,-0.99706620,0.07595311,0.22019064,-0.01124006,-0.07584534,-0.99705619,1.80739975,0.99989182,-0.01031560,-0.01048738,1.00055265
0,1598332463518088000,1598332463518003500,-0.00933483,-0.99706435,0.07599723,0.22240329,-0.01129891,-0.07589048,-0.99705207,1.80736613,0.99989259,-0.01016596,-0.01055736,1.00053668
0,1598332463526820400,1598332463526779700,-0.00942636,-0.99706423,0.07598735,0.22461283,-0.01134639,-0.07587915,-0.99705243,1.80728984,0.99989122,-0.01026070,-0.01059786,1.00059962
0,1598332463535853400,1598332463535788800,-0.00939855,-0.99705982,0.07604873,0.22683787,-0.01135946,-0.07594069,-0.99704760,1.80725849,0.99989134,-0.01023462,-0.01061238,1.00069642
0,1598332463544928600,1598332463544849400,-0.00933066,-0.99706495,0.07599026,0.22910917,-0.01134088,-0.07588313,-0.99705219,1.80720103,0.99989223,-0.01016492,-0.01059960,1.00076032
0,1598332463553850300,1598332463553702400,-0.00914717,-0.99705911,0.07608919,0.23125517,-0.01136488,-0.07598376,-0.99704421,1.80719030,0.99989367,-0.00998479,-0.01063648,1.00066614
0,1598332463562875200,1598332463562748300,-0.00883216,-0.99706721,0.07601940,0.23361814,-0.01137934,-0.07591719,-0.99704915,1.80718946,0.99989623,-0.00967112,-0.01067550,1.00073147
0,1598332463571736600,1598332463571673000,-0.00878018,-0.99706358,0.07607285,0.23584068,-0.01123710,-0.07597256,-0.99704653,1.80713558,0.99989831,-0.00960901,-0.01053710,1.00071573
0,1598332463580812300,1598332463580711000,-0.00870615,-0.99706072,0.07611994,0.23808110,-0.01137535,-0.07601911,-0.99704140,1.80712152,0.99989742,-0.00954622,-0.01068013,1.00070262
0,1598332463589677100,1598332463589627700,-0.00865075,-0.99707210,0.07597610,0.24025643,-0.01129169,-0.07587667,-0.99705321,1.80711341,0.99989891,-0.00948316,-0.01060229,1.00064540
0,1598332463598679900,1598332463598614200,-0.00856656,-0.99704963,0.07628080,0.24258137,-0.01130548,-0.07618212,-0.99702978,1.80709910,0.99989945,-0.00940347,-0.01061956,1.00070691
0,1598332463607642900,1598332463607556600,-0.00843453,-0.99706107,0.07614551,0.24479878,-0.01132315,-0.07604808,-0.99703979,1.80698442,0.99990040,-0.00927174,-0.01064849,1.00068307
0,1598332463616702500,1598332463616631700,-0.00842333,-0.99706995,0.07602983,0.24700749,-0.01138674,-0.07593192,-0.99704796,1.80695057,0.99989974,-0.00926420,-0.01071383,1.00069451
0,1598332463625596400,1598332463625505400,-0.00841841,-0.99704242,0.07639153,0.24916053,-0.01145332,-0.07629305,-0.99701959,1.80694056,0.99989903,-0.00926822,-0.01077723,1.00067115
0,1598332463634780400,1598332463634699700,-0.00836366,-0.99705815,0.07619138,0.25148749,-0.01133972,-0.07609455,-0.99703610,1.80690694,0.99990082,-0.00920284,-0.01066998,1.00072885
0,1598332463643586700,1598332463643473700,-0.00834718,-0.99705839,0.07618975,0.25365210,-0.01134620,-0.07609303,-0.99703610,1.80674541,0.99990088,-0.00918689,-0.01067771,1.00066495
0,1598332463652531900,1598332463652475000,-0.00836647,-0.99704152,0.07640903,0.25580633,-0.01132311,-0.07631231,-0.99701959,1.80674219,0.99990094,-0.00920665,-0.01065120,1.00056505
0,1598332463661522200,1598332463661425600,-0.00841004,-0.99703830,0.07644536,0.25803900,-0.01134856,-0.07634794,-0.99701661,1.80670214,0.99990028,-0.00925243,-0.01067291,1.00060368
0,1598332463670523100,1598332463670447100,-0.00833836,-0.99705178,0.07627764,0.26048577,-0.01134650,-0.07618102,-0.99702936,1.80666304,0.99990094,-0.00917903,-0.01067787,1.00064564
0,1598332463679447400,1598332463679401400,-0.00831586,-0.99704719,0.07633927,0.26267529,-0.01145040,-0.07624193,-0.99702352,1.80662012,0.99989986,-0.00916517,-0.01078262,1.00067353
0,1598332463688514200,1598332463688465900,-0.00839341,-0.99704242,0.07639350,0.26489604,-0.01145514,-0.07629528,-0.99701941,1.80660737,0.99989921,-0.00924346,-0.01078093,1.00063777
0,1598332463697477800,1598332463697365200,-0.00841627,-0.99703813,0.07644682,0.26701796,-0.01142773,-0.07634860,-0.99701566,1.80658424,0.99989927,-0.00926474,-0.01075136,1.00070691
0,1598332463706439900,1598332463706388800,-0.00847283,-0.99703288,0.07650910,0.26927948,-0.01143560,-0.07641020,-0.99701083,1.80659628,0.99989879,-0.00932238,-0.01075431,1.00075650
0,1598332463715367500,1598332463715289500,-0.00849339,-0.99704033,0.07641026,0.27144969,-0.01144236,-0.07631108,-0.99701834,1.80657125,0.99989849,-0.00934231,-0.01076040,1.00074887
0,1598332463724425300,1598332463724357400,-0.00852692,-0.99702185,0.07664710,0.27366638,-0.01141838,-0.07654777,-0.99700046,1.80656981,0.99989849,-0.00937647,-0.01073171,1.00070167
0,1598332463733336800,1598332463733291500,-0.00859782,-0.99702024,0.07665940,0.27602100,-0.01139639,-0.07655951,-0.99699980,1.80654454,0.99989814,-0.00944564,-0.01070423,1.00072980
0,1598332463742397500,1598332463742322100,-0.00866818,-0.99703276,0.07648882,0.27832115,-0.01142771,-0.07638790,-0.99701262,1.80658722,0.99989718,-0.00951636,-0.01073170,1.00083184
0,1598332463751324000,1598332463751231000,-0.00873393,-0.99702257,0.07661422,0.28050530,-0.01149601,-0.07651193,-0.99700236,1.80657852,0.99989581,-0.00958845,-0.01079358,1.00082898
0,1598332463760382800,1598332463760239500,-0.00883374,-0.99701011,0.07676518,0.28273129,-0.01147831,-0.07666198,-0.99699104,1.80654597,0.99989516,-0.00968826,-0.01076683,1.00082898
0,1598332463769247700,1598332463769153700,-0.00876120,-0.99701422,0.07671960,0.28500652,-0.01155554,-0.07661644,-0.99699360,1.80650568,0.99989492,-0.00962138,-0.01084984,1.00088739
0,1598332463778179000,1598332463778120900,-0.00876507,-0.99703085,0.07650267,0.28726256,-0.01154710,-0.07639956,-0.99701035,1.80651402,0.99989492,-0.00962222,-0.01084322,1.00096273
0,1598332463787238600,1598332463787173200,-0.00879681,-0.99699956,0.07690645,0.28946316,-0.01159463,-0.07680252,-0.99697888,1.80649829,0.99989414,-0.00966191,-0.01088427,1.00092149
0,1598332463796181800,1598332463796094000,-0.00875229,-0.99700695,0.07681439,0.29183960,-0.01164158,-0.07671050,-0.99698538,1.80645132,0.99989396,-0.00962007,-0.01093540,1.00098157
0,1598332463805113900,1598332463805045100,-0.00873545,-0.99703258,0.07648394,0.29408944,-0.01165022,-0.07638016,-0.99701065,1.80643868,0.99989402,-0.00960034,-0.01094848,1.00102258
0,1598332463814134800,1598332463814056100,-0.00886238,-0.99700552,0.07682096,0.29628742,-0.01163797,-0.07671591,-0.99698502,1.80642760,0.99989301,-0.00972965,-0.01092329,1.00107002
0,1598332463823024500,1598332463822985800,-0.00882804,-0.99698448,0.07709775,0.29851305,-0.01172289,-0.07699224,-0.99696273,1.80639589,0.99989235,-0.00970498,-0.01100790,1.00109100
0,1598332463832160200,1598332463832066800,-0.00885847,-0.99702680,0.07654520,0.30086112,-0.01172087,-0.07643938,-0.99700528,1.80638003,0.99989212,-0.00972909,-0.01100893,1.00113869
0,1598332463841027600,1598332463840936600,-0.00884148,-0.99699795,0.07692207,0.30306661,-0.01168139,-0.07681683,-0.99697673,1.80641282,0.99989277,-0.00971326,-0.01096720,1.00119734
0,1598332463850086600,1598332463850015200,-0.00890523,-0.99699223,0.07698905,0.30532718,-0.01174116,-0.07688252,-0.99697095,1.80639362,0.99989146,-0.00978220,-0.01102124,1.00125051
0,1598332463859016400,1598332463858921100,-0.00885314,-0.99701273,0.07672919,0.30752182,-0.01170511,-0.07662358,-0.99699134,1.80638170,0.99989229,-0.00972459,-0.01099183,1.00123358
0,1598332463868005400,1598332463867934600,-0.00847051,-0.99699318,0.07702594,0.30985177,-0.01171103,-0.07692449,-0.99696809,1.80640614,0.99989557,-0.00934684,-0.01102427,1.00128126
0,1598332463876952800,1598332463876894500,-0.00871098,-0.99698973,0.07704316,0.31211162,-0.01169609,-0.07693920,-0.99696714,1.80640709,0.99989367,-0.00958562,-0.01099071,1.00140238
0,1598332463885968700,1598332463885880900,-0.00884816,-0.99700403,0.07684201,0.31433868,-0.01174899,-0.07673603,-0.99698216,1.80638754,0.99989188,-0.00972426,-0.01103487,1.00144434
0,1598332463894872400,1598332463894813300,-0.00875884,-0.99697965,0.07716782,0.31653321,-0.01185828,-0.07706176,-0.99695575,1.80636728,0.99989140,-0.00964725,-0.01114754,1.00147963
0,1598332463903881600,1598332463903786700,-0.00877330,-0.99698699,0.07707143,0.31880927,-0.01184588,-0.07696532,-0.99696332,1.80633855,0.99989140,-0.00965962,-0.01113500,1.00162029
0,1598332463912864900,1598332463912770300,-0.00888675,-0.99699771,0.07691925,0.32103837,-0.01193574,-0.07681102,-0.99697417,1.80632806,0.99988931,-0.00977790,-0.01121735,1.00167274
0,1598332463922020400,1598332463921957600,-0.00886831,-0.99696833,0.07730211,0.32331324,-0.01192163,-0.07719421,-0.99694473,1.80629885,0.99988973,-0.00976273,-0.01120096,1.00173688
0,1598332463930785900,1598332463930716800,-0.00883585,-0.99697334,0.07724133,0.32555664,-0.01195495,-0.07713346,-0.99694902,1.80627096,0.99988955,-0.00973228,-0.01123727,1.00181746
0,1598332463939959700,1598332463939881200,-0.00880918,-0.99699038,0.07702368,0.32782209,-0.01197761,-0.07691590,-0.99696559,1.80621099,0.99988949,-0.00970498,-0.01126405,1.00184751
0,1598332463948794000,1598332463948703400,-0.00886169,-0.99696279,0.07737444,0.33000064,-0.01189195,-0.07726689,-0.99693948,1.80617905,0.99989009,-0.00975469,-0.01117116,1.00190377
0,1598332463957746800,1598332463957668000,-0.00902370,-0.99696279,0.07735591,0.33225262,-0.01212413,-0.07724426,-0.99693841,1.80615664,0.99988586,-0.00993389,-0.01139032,1.00193667
0,1598332463966707500,1598332463966576200,-0.00891569,-0.99698293,0.07710780,0.33440232,-0.01193672,-0.07699922,-0.99695963,1.80614328,0.99988908,-0.00980896,-0.01121425,1.00200248
0,1598332463975704800,1598332463975637900,-0.00893196,-0.99694717,0.07756656,0.33666837,-0.01204597,-0.07745671,-0.99692291,1.80610192,0.99988765,-0.00983879,-0.01131741,1.00205564
0,1598332463984667900,1598332463984583000,-0.00902563,-0.99696910,0.07727302,0.33893144,-0.01202698,-0.07716231,-0.99694598,1.80608869,0.99988699,-0.00992742,-0.01129414,1.00211978
0,1598332463993760900,1598332463993583600,-0.00895980,-0.99695462,0.07746748,0.34112835,-0.01199758,-0.07735780,-0.99693114,1.80608928,0.99988794,-0.00986168,-0.01126798,1.00210381
0,1598332464002740600,1598332464002605800,-0.00892022,-0.99693364,0.07774128,0.34342659,-0.01203303,-0.07763170,-0.99690944,1.80605686,0.99988782,-0.00982809,-0.01130369,1.00217628
0,1598332464011658700,1598332464011534900,-0.00897455,-0.99697554,0.07719561,0.34567392,-0.01202190,-0.07708552,-0.99695194,1.80602050,0.99988747,-0.00987518,-0.01129378,1.00223112
0,1598332464020517400,1598332464020477100,-0.00908172,-0.99693274,0.07773435,0.34785986,-0.01199944,-0.07762328,-0.99691051,1.80601788,0.99988675,-0.00998637,-0.01125773,1.00220919
0,1598332464029530800,1598332464029473700,-0.00912821,-0.99693847,0.07765587,0.35025632,-0.01213876,-0.07754287,-0.99691504,1.80598235,0.99988472,-0.01004264,-0.01139382,1.00228405
0,1598332464038460900,1598332464038407400,-0.00913101,-0.99697483,0.07718797,0.35249484,-0.01203437,-0.07707600,-0.99695253,1.80587864,0.99988598,-0.01003200,-0.01129423,1.00228405
0,1598332464047542200,1598332464047443500,-0.00939023,-0.99692363,0.07781525,0.35477698,-0.01220405,-0.07769859,-0.99690217,1.80581331,0.99988151,-0.01031077,-0.01143695,1.00244355
0,1598332464056437300,1598332464056390100,-0.00944555,-0.99694353,0.07755299,0.35699439,-0.01215597,-0.07743620,-0.99692315,1.80580020,0.99988157,-0.01035914,-0.01138744,1.00241423
0,1598332464065571700,1598332464065424600,-0.00933155,-0.99694854,0.07750212,0.35935903,-0.01211112,-0.07738710,-0.99692750,1.80579281,0.99988312,-0.01024151,-0.01135206,1.00247455
0,1598332464074438200,1598332464074318100,-0.00937384,-0.99692142,0.07784527,0.36160171,-0.01217954,-0.07772906,-0.99690008,1.80576646,0.99988192,-0.01029283,-0.01141347,1.00251889
0,1598332464083397600,1598332464083320300,-0.00953424,-0.99695373,0.07741080,0.36388099,-0.01211842,-0.07729340,-0.99693471,1.80572057,0.99988115,-0.01044306,-0.01134462,1.00260997
0,1598332464092563400,1598332464092509200,-0.00950935,-0.99691379,0.07792609,0.36609995,-0.01218651,-0.07780826,-0.99689382,1.80573869,0.99988061,-0.01042941,-0.01140904,1.00256920
0,1598332464101359000,1598332464101321400,-0.00948027,-0.99693972,0.07759796,0.36846900,-0.01215029,-0.07748084,-0.99691975,1.80571711,0.99988127,-0.01039386,-0.01137861,1.00261545
0,1598332464110449100,1598332464110332700,-0.00945705,-0.99693203,0.07769832,0.37071371,-0.01214506,-0.07758151,-0.99691200,1.80568099,0.99988163,-0.01037148,-0.01137415,1.00268388
0,1598332464119330200,1598332464119263900,-0.00957876,-0.99692410,0.07778516,0.37298691,-0.01217657,-0.07766664,-0.99690497,1.80563641,0.99988002,-0.01049626,-0.01139521,1.00280857
0,1598332464128291100,1598332464128147900,-0.00950927,-0.99693203,0.07769239,0.37518036,-0.01220153,-0.07757440,-0.99691182,1.80565131,0.99988037,-0.01042783,-0.01142647,1.00275683
0,1598332464137380300,1598332464137296700,-0.00938505,-0.99692005,0.07786141,0.37753308,-0.01218190,-0.07774504,-0.99689877,1.80561769,0.99988180,-0.01030442,-0.01141478,1.00283670
0,1598332464146408900,1598332464146246600,-0.00936374,-0.99692714,0.07777351,0.37979829,-0.01209898,-0.07765824,-0.99690658,1.80554342,0.99988294,-0.01027563,-0.01133468,1.00288129
0,1598332464155145800,1598332464155105200,-0.00934079,-0.99691850,0.07788606,0.38194525,-0.01212259,-0.07777080,-0.99689752,1.80557513,0.99988294,-0.01025596,-0.01135884,1.00282788
0,1598332464164173400,1598332464164126000,-0.00930724,-0.99690849,0.07801830,0.38420284,-0.01213938,-0.07790325,-0.99688697,1.80553627,0.99988306,-0.01022536,-0.01137684,1.00291705
0,1598332464173326700,1598332464173211000,-0.00937235,-0.99691498,0.07792748,0.38651037,-0.01221341,-0.07781094,-0.99689329,1.80554819,0.99988157,-0.01029494,-0.01144651,1.00299382
0,1598332464182166900,1598332464182046000,-0.00938544,-0.99691665,0.07790526,0.38872623,-0.01223455,-0.07778834,-0.99689478,1.80548728,0.99988109,-0.01030934,-0.01146680,1.00313163
0,1598332464191037900,1598332464190999300,-0.00901473,-0.99690789,0.07806010,0.39091313,-0.01219770,-0.07794780,-0.99688280,1.80552244,0.99988502,-0.00993878,-0.01145735,1.00309229
0,1598332464200063900,1598332464199985300,-0.00896692,-0.99690950,0.07804593,0.39313495,-0.01220831,-0.07793408,-0.99688369,1.80546856,0.99988532,-0.00989175,-0.01147180,1.00318956
0,1598332464209137000,1598332464209020900,-0.00899017,-0.99691659,0.07795219,0.39544237,-0.01226837,-0.07783947,-0.99689037,1.80555046,0.99988437,-0.00991851,-0.01153080,1.00335979
0,1598332464218020400,1598332464217915200,-0.00896212,-0.99690288,0.07813044,0.39768016,-0.01238147,-0.07801692,-0.99687511,1.80552423,0.99988317,-0.00990146,-0.01164398,1.00349212
0,1598332464227240500,1598332464227129000,-0.00896776,-0.99690783,0.07806667,0.39989972,-0.01229122,-0.07795398,-0.99688113,1.80551291,0.99988425,-0.00989929,-0.01155419,1.00349426
