0,1597518569953535700,1597518569953442500,0.02012503,0.99524409,-0.09531193,-0.09139049,-0.00749887,-0.09517834,-0.99543202,1.87602735,-0.99976951,0.02074781,0.00554777,0.99692249
0,1597518569962515500,1597518569962434300,0.02011696,0.99524391,-0.09531517,-0.09137118,-0.00750063,-0.09518158,-0.99543172,1.87605643,-0.99976957,0.02073997,0.00555022,0.99695253
0,1597518569971418000,1597518569971315100,0.02012596,0.99524260,-0.09532697,-0.09135997,-0.00751096,-0.09519312,-0.99543053,1.87605083,-0.99976933,0.02074996,0.00555941,0.99695230
0,1597518569980443400,1597518569980343500,0.02013868,0.99524313,-0.09531889,-0.09135091,-0.00752298,-0.09518472,-0.99543124,1.87605131,-0.99976903,0.02076373,0.00557034,0.99695897
0,1597518569989381000,1597518569989272900,0.02013001,0.99524534,-0.09529801,-0.09140635,-0.00753882,-0.09516355,-0.99543315,1.87598896,-0.99976909,0.02075648,0.00558737,0.99692345
0,1597518569998380800,1597518569998326600,0.02010658,0.99524528,-0.09530414,-0.09138989,-0.00754621,-0.09516966,-0.99543250,1.87598205,-0.99976945,0.02073389,0.00559682,0.99696326
0,1597518570007292900,1597518570007186000,0.02014422,0.99524492,-0.09529988,-0.09140360,-0.00754789,-0.09516516,-0.99543291,1.87599039,-0.99976873,0.02077147,0.00559501,0.99693012
0,1597518570016399500,1597518570016318500,0.02013588,0.99524730,-0.09527636,-0.09145319,-0.00754394,-0.09514176,-0.99543518,1.87599087,-0.99976891,0.02076271,0.00559235,0.99691868
0,1597518570025216900,1597518570025159700,0.02012795,0.99524617,-0.09529037,-0.09146273,-0.00756231,-0.09515543,-0.99543375,1.87595725,-0.99976891,0.02075663,0.00561111,0.99690747
0,1597518570034294800,1597518570034238400,0.02011329,0.99524564,-0.09529906,-0.09145045,-0.00758214,-0.09516379,-0.99543279,1.87595403,-0.99976909,0.02074397,0.00563207,0.99690270
0,1597518570043179600,1597518570043112100,0.02012902,0.99524403,-0.09531191,-0.09147322,-0.00758466,-0.09517651,-0.99543154,1.87597036,-0.99976873,0.02075997,0.00563282,0.99685311
0,1597518570052252900,1597518570052152700,0.02014324,0.99524438,-0.09530480,-0.09150517,-0.00758704,-0.09516928,-0.99543220,1.87596619,-0.99976850,0.02077428,0.00563398,0.99684215
0,1597518570061255700,1597518570061156400,0.02013445,0.99524391,-0.09531227,-0.09149849,-0.00758129,-0.09517692,-0.99543154,1.87599277,-0.99976867,0.02076504,0.00562893,0.99686384
0,1597518570070297000,1597518570070233700,0.02013442,0.99524552,-0.09529527,-0.09149194,-0.00758659,-0.09515980,-0.99543315,1.87599182,-0.99976861,0.02076545,0.00563456,0.99691272
0,1597518570079219900,1597518570079065500,0.02015582,0.99524510,-0.09529521,-0.09150493,-0.00757178,-0.09515992,-0.99543321,1.87598777,-0.99976838,0.02078533,0.00561778,0.99689412
0,1597518570088266100,1597518570088113300,0.02016482,0.99524176,-0.09532815,-0.09145820,-0.00757333,-0.09519279,-0.99543011,1.87599051,-0.99976814,0.02079460,0.00561779,0.99690104
0,1597518570097084800,1597518570097000200,0.02017573,0.99523973,-0.09534669,-0.09144008,-0.00756737,-0.09521139,-0.99542832,1.87604904,-0.99976796,0.02080494,0.00561043,0.99694848
0,1597518570106154900,1597518570106066100,0.02018046,0.99523932,-0.09535027,-0.09142876,-0.00758621,-0.09521457,-0.99542791,1.87605441,-0.99976766,0.02081150,0.00562866,0.99697518
0,1597518570115036400,1597518570114962300,0.02018330,0.99523824,-0.09536081,-0.09139729,-0.00755420,-0.09522575,-0.99542707,1.87604713,-0.99976790,0.02081135,0.00559629,0.99696779
0,1597518570124177100,1597518570124071800,0.02016699,0.99523973,-0.09534912,-0.09141409,-0.00756335,-0.09521396,-0.99542814,1.87597609,-0.99976814,0.02079591,0.00560720,0.99693394
0,1597518570132940600,1597518570132860200,0.02014333,0.99524188,-0.09533104,-0.09140408,-0.00756933,-0.09519588,-0.99542981,1.87597311,-0.99976861,0.02077284,0.00561578,0.99696207
0,1597518570142065600,1597518570141975900,0.02016386,0.99524087,-0.09533773,-0.09142065,-0.00754993,-0.09520287,-0.99542928,1.87597489,-0.99976832,0.02079144,0.00559438,0.99693346
0,1597518570150951300,1597518570150855300,0.02016053,0.99523902,-0.09535762,-0.09143758,-0.00754670,-0.09522285,-0.99542743,1.87597358,-0.99976838,0.02078792,0.00559107,0.99693108
0,1597518570160034600,1597518570159923300,0.02016518,0.99524027,-0.09534365,-0.09145856,-0.00756575,-0.09520845,-0.99542862,1.87590122,-0.99976820,0.02079433,0.00560988,0.99689722
0,1597518570168887200,1597518570168763700,0.02016014,0.99523914,-0.09535625,-0.09144998,-0.00757421,-0.09522090,-0.99542737,1.87589443,-0.99976820,0.02079013,0.00561852,0.99691725
0,1597518570178045600,1597518570177938500,0.02017701,0.99523926,-0.09535130,-0.09147453,-0.00756916,-0.09521597,-0.99542791,1.87590218,-0.99976790,0.02080646,0.00561198,0.99687386
0,1597518570186879700,1597518570186809000,0.02016449,0.99523747,-0.09537288,-0.09143031,-0.00756318,-0.09523775,-0.99542588,1.87589717,-0.99976820,0.02079356,0.00560677,0.99687123
0,1597518570195967000,1597518570195894000,0.02016944,0.99523878,-0.09535836,-0.09142733,-0.00753592,-0.09522376,-0.99542743,1.87589657,-0.99976832,0.02079579,0.00557947,0.99687457
0,1597518570204897700,1597518570204766500,0.02015045,0.99523699,-0.09538121,-0.09141684,-0.00755341,-0.09524635,-0.99542511,1.87588680,-0.99976850,0.02077869,0.00559821,0.99690485
0,1597518570213901500,1597518570213835000,0.02015808,0.99523771,-0.09537160,-0.09143615,-0.00753588,-0.09523707,-0.99542612,1.87589288,-0.99976850,0.02078459,0.00558023,0.99685860
0,1597518570222941800,1597518570222852000,0.02015623,0.99523842,-0.09536418,-0.09147596,-0.00753851,-0.09522960,-0.99542683,1.87594461,-0.99976850,0.02078295,0.00558317,0.99688601
0,1597518570231765900,1597518570231674300,0.02011347,0.99523890,-0.09536815,-0.09146798,-0.00754754,-0.09523362,-0.99542636,1.87593985,-0.99976933,0.02074128,0.00559616,0.99690628
0,1597518570240734100,1597518570240651500,0.02016318,0.99523610,-0.09538732,-0.09147787,-0.00751053,-0.09525328,-0.99542475,1.87591648,-0.99976861,0.02078730,0.00555418,0.99689484
0,1597518570249822600,1597518570249676700,0.02017769,0.99523431,-0.09540331,-0.09146094,-0.00750244,-0.09526937,-0.99542332,1.87591219,-0.99976838,0.02080110,0.00554441,0.99688935
0,1597518570258663700,1597518570258567300,0.02014747,0.99523509,-0.09540202,-0.09143102,-0.00748083,-0.09526870,-0.99542350,1.87600327,-0.99976915,0.02076891,0.00552579,0.99695420
0,1597518570267688600,1597518570267601900,0.02014655,0.99523360,-0.09541723,-0.09142148,-0.00749825,-0.09528355,-0.99542195,1.87600553,-0.99976903,0.02076977,0.00554290,0.99698281
0,1597518570276624700,1597518570276541100,0.02015582,0.99523491,-0.09540170,-0.09144104,-0.00748209,-0.09526829,-0.99542356,1.87601900,-0.99976897,0.02077731,0.00552626,0.99694443
0,1597518570285555700,1597518570285412300,0.02015424,0.99523383,-0.09541276,-0.09141624,-0.00747010,-0.09527962,-0.99542254,1.87602329,-0.99976915,0.02077472,0.00551425,0.99694490
0,1597518570294426400,1597518570294323500,0.02016568,0.99523342,-0.09541519,-0.09141374,-0.00747347,-0.09528191,-0.99542230,1.87603652,-0.99976879,0.02078643,0.00551646,0.99695587
0,1597518570303461300,1597518570303330700,0.02014175,0.99523389,-0.09541474,-0.09140277,-0.00749339,-0.09528118,-0.99542224,1.87603831,-0.99976915,0.02076450,0.00553858,0.99697185
0,1597518570312393300,1597518570312320600,0.02016112,0.99523419,-0.09540783,-0.09141910,-0.00749588,-0.09527412,-0.99542290,1.87604547,-0.99976879,0.02078402,0.00553935,0.99693942
0,1597518570321448400,1597518570321353600,0.02015209,0.99523205,-0.09543155,-0.09138477,-0.00748886,-0.09529804,-0.99542063,1.87605047,-0.99976897,0.02077442,0.00553273,0.99693847
0,1597518570330289700,1597518570330185500,0.02014390,0.99523228,-0.09543162,-0.09137547,-0.00750395,-0.09529784,-0.99542058,1.87603188,-0.99976903,0.02076772,0.00554853,0.99695921
0,1597518570339363200,1597518570339268200,0.02015316,0.99523193,-0.09543312,-0.09138596,-0.00748139,-0.09529975,-0.99542052,1.87602961,-0.99976903,0.02077481,0.00552516,0.99693251
0,1597518570348252300,1597518570348182900,0.02015620,0.99523503,-0.09540036,-0.09146607,-0.00748739,-0.09526685,-0.99542367,1.87602770,-0.99976891,0.02077821,0.00553153,0.99691629
0,1597518570357336800,1597518570357217800,0.02017373,0.99523640,-0.09538160,-0.09145594,-0.00746262,-0.09524851,-0.99542558,1.87606049,-0.99976873,0.02079320,0.00550558,0.99694228
0,1597518570366281500,1597518570366181800,0.02014416,0.99523717,-0.09538007,-0.09144592,-0.00747807,-0.09524681,-0.99542564,1.87606025,-0.99976921,0.02076522,0.00552382,0.99695206
0,1597518570375319600,1597518570375247900,0.02014229,0.99523968,-0.09535435,-0.09144878,-0.00747627,-0.09522113,-0.99542809,1.87604117,-0.99976927,0.02076307,0.00552275,0.99694777
0,1597518570383881300,1597518570383746800,0.02013943,0.99523282,-0.09542619,-0.09137428,-0.00749316,-0.09529266,-0.99542111,1.87604320,-0.99976921,0.02076223,0.00553833,0.99695373
0,1597518570392914400,1597518570392805200,0.02013034,0.99523365,-0.09541991,-0.09137022,-0.00748033,-0.09528669,-0.99542183,1.87603676,-0.99976951,0.02075192,0.00552656,0.99696088
0,1597518570401792900,1597518570401686200,0.02009717,0.99523568,-0.09540569,-0.09135449,-0.00749130,-0.09527243,-0.99542308,1.87603426,-0.99977005,0.02071986,0.00554094,0.99699616
0,1597518570410817000,1597518570410710500,0.02011651,0.99523491,-0.09540957,-0.09137523,-0.00749552,-0.09527611,-0.99542272,1.87604785,-0.99976969,0.02073953,0.00554322,0.99695206
0,1597518570419762500,1597518570419655800,0.02011850,0.99523485,-0.09540938,-0.09139609,-0.00745255,-0.09527680,-0.99542296,1.87604642,-0.99976993,0.02073744,0.00550025,0.99694037
0,1597518570428895500,1597518570428821000,0.02012157,0.99523628,-0.09539422,-0.09139907,-0.00745133,-0.09526165,-0.99542439,1.87602687,-0.99976987,0.02074024,0.00549906,0.99693608
0,1597518570437735500,1597518570437618600,0.02010643,0.99523652,-0.09539498,-0.09138596,-0.00746757,-0.09526215,-0.99542427,1.87602615,-0.99977010,0.02072677,0.00551665,0.99697495
0,1597518570446786800,1597518570446665000,0.02010629,0.99523824,-0.09537705,-0.09140396,-0.00745603,-0.09524446,-0.99542600,1.87603879,-0.99977016,0.02072543,0.00550555,0.99693203
0,1597518570455635300,1597518570455573000,0.02011579,0.99523592,-0.09539935,-0.09139240,-0.00745115,-0.09526681,-0.99542391,1.87602460,-0.99976999,0.02073455,0.00549932,0.99692488
0,1597518570464658600,1597518570464547000,0.02006707,0.99523795,-0.09538884,-0.09137714,-0.00745472,-0.09525649,-0.99542487,1.87601995,-0.99977094,0.02068633,0.00550773,0.99694157
0,1597518570473628300,1597518570473524000,0.02008572,0.99523592,-0.09540555,-0.09139359,-0.00745434,-0.09527311,-0.99542332,1.87603164,-0.99977058,0.02070493,0.00550523,0.99689746
0,1597518570482560800,1597518570482481400,0.02008915,0.99524468,-0.09531354,-0.09152830,-0.00745532,-0.09518105,-0.99543208,1.87602985,-0.99977046,0.02070799,0.00550779,0.99687576
0,1597518570491557100,1597518570491446200,0.02005771,0.99524611,-0.09530506,-0.09153712,-0.00745719,-0.09517270,-0.99543285,1.87599671,-0.99977112,0.02067676,0.00551283,0.99686074
0,1597518570500642300,1597518570500542800,0.02004218,0.99524468,-0.09532297,-0.09153032,-0.00748265,-0.09519017,-0.99543101,1.87599063,-0.99977124,0.02066389,0.00553929,0.99682951
0,1597518570509465300,1597518570509378000,0.02006519,0.99524516,-0.09531389,-0.09154677,-0.00746569,-0.09518132,-0.99543202,1.87599015,-0.99977094,0.02068511,0.00552039,0.99679589
0,1597518570518481200,1597518570518376900,0.02006125,0.99524122,-0.09535556,-0.09147513,-0.00746914,-0.09522294,-0.99542797,1.87599015,-0.99977094,0.02068171,0.00552333,0.99679685
0,1597518570527387600,1597518570527306700,0.02005759,0.99524176,-0.09535067,-0.09146380,-0.00743716,-0.09521874,-0.99542862,1.87601948,-0.99977124,0.02067500,0.00549195,0.99681401
0,1597518570536425300,1597518570536331600,0.02006778,0.99524307,-0.09533427,-0.09145010,-0.00745428,-0.09520192,-0.99543011,1.87602007,-0.99977100,0.02068672,0.00550836,0.99690294
0,1597518570545323500,1597518570545243700,0.02007908,0.99524164,-0.09534702,-0.09144795,-0.00743893,-0.09521492,-0.99542898,1.87598169,-0.99977088,0.02069658,0.00549174,0.99691772
0,1597518570554429900,1597518570554291900,0.02007365,0.99523842,-0.09538172,-0.09141016,-0.00744828,-0.09524947,-0.99542558,1.87598121,-0.99977088,0.02069220,0.00550084,0.99692130
0,1597518570563489200,1597518570563373100,0.02005336,0.99523699,-0.09540161,-0.09137404,-0.00743557,-0.09526975,-0.99542373,1.87603962,-0.99977136,0.02067095,0.00548971,0.99695659
0,1597518570572456300,1597518570572397200,0.02007434,0.99523824,-0.09538391,-0.09139812,-0.00745266,-0.09525157,-0.99542534,1.87606645,-0.99977082,0.02069333,0.00550509,0.99689674
0,1597518570580857800,1597518570580744100,0.02005941,0.99523950,-0.09537380,-0.09143877,-0.00743652,-0.09524187,-0.99542642,1.87606573,-0.99977130,0.02067691,0.00549065,0.99688506
0,1597518570589956600,1597518570589832100,0.02006334,0.99523997,-0.09536821,-0.09144711,-0.00743710,-0.09523624,-0.99542695,1.87604415,-0.99977118,0.02068084,0.00549097,0.99687362
0,1597518570598816500,1597518570598721100,0.02005509,0.99524051,-0.09536432,-0.09143686,-0.00743308,-0.09523249,-0.99542737,1.87604523,-0.99977136,0.02067220,0.00548784,0.99694657
0,1597518570607826900,1597518570607773500,0.02007312,0.99524093,-0.09535564,-0.09145761,-0.00744532,-0.09522346,-0.99542814,1.87605500,-0.99977088,0.02069128,0.00549849,0.99690676
0,1597518570616978900,1597518570616765100,0.02008674,0.99523604,-0.09540394,-0.09139121,-0.00745267,-0.09527153,-0.99542344,1.87605679,-0.99977052,0.02070576,0.00550350,0.99690723
0,1597518570625845000,1597518570625727000,0.02009541,0.99523485,-0.09541547,-0.09138334,-0.00743800,-0.09528332,-0.99542242,1.87607455,-0.99977052,0.02071306,0.00548784,0.99692035
0,1597518570634686200,1597518570634558900,0.02010018,0.99523675,-0.09539432,-0.09136856,-0.00743595,-0.09526218,-0.99542451,1.87607419,-0.99977046,0.02071753,0.00548578,0.99696112
0,1597518570643839900,1597518570643743100,0.02012417,0.99523503,-0.09540673,-0.09137845,-0.00746894,-0.09527378,-0.99542314,1.87606788,-0.99976969,0.02074462,0.00551608,0.99693847
0,1597518570652728800,1597518570652646300,0.02014899,0.99523699,-0.09538105,-0.09143949,-0.00746891,-0.09524796,-0.99542558,1.87606561,-0.99976921,0.02076918,0.00551422,0.99692440
0,1597518570661798300,1597518570661696800,0.02015284,0.99523658,-0.09538462,-0.09146357,-0.00748324,-0.09525121,-0.99542516,1.87598896,-0.99976903,0.02077439,0.00552805,0.99688005
0,1597518570670624200,1597518570670524300,0.02012137,0.99523747,-0.09538221,-0.09145093,-0.00750512,-0.09524853,-0.99542528,1.87598038,-0.99976957,0.02074510,0.00555288,0.99691319
0,1597518570679459100,1597518570679409500,0.02012259,0.99523920,-0.09536395,-0.09146619,-0.00748400,-0.09523070,-0.99542713,1.87597203,-0.99976957,0.02074426,0.00553212,0.99688411
0,1597518570688497400,1597518570688358900,0.02010837,0.99523574,-0.09540266,-0.09143317,-0.00747996,-0.09526957,-0.99542344,1.87602401,-0.99976993,0.02072987,0.00552864,0.99692154
0,1597518570697484800,1597518570697396700,0.02010116,0.99523652,-0.09539595,-0.09143806,-0.00749241,-0.09526263,-0.99542403,1.87602103,-0.99976993,0.02072385,0.00554187,0.99691963
0,1597518570706370000,1597518570706288300,0.02009359,0.99523652,-0.09539751,-0.09144700,-0.00748916,-0.09526431,-0.99542385,1.87602711,-0.99977016,0.02071607,0.00553931,0.99690342
0,1597518570715466200,1597518570715370500,0.02009019,0.99524337,-0.09532735,-0.09156275,-0.00749079,-0.09519412,-0.99543059,1.87601769,-0.99977016,0.02071244,0.00554272,0.99688101
0,1597518570724297700,1597518570724201800,0.02010489,0.99524289,-0.09532905,-0.09156311,-0.00748569,-0.09519585,-0.99543047,1.87603998,-0.99976993,0.02072659,0.00553622,0.99689722
0,1597518570733337200,1597518570733264700,0.02010313,0.99524152,-0.09534390,-0.09156346,-0.00750667,-0.09521027,-0.99542892,1.87603450,-0.99976987,0.02072689,0.00555697,0.99689174
0,1597518570742319600,1597518570742186300,0.02011693,0.99524122,-0.09534361,-0.09158695,-0.00749748,-0.09521010,-0.99542898,1.87603366,-0.99976963,0.02073982,0.00554649,0.99685502
0,1597518570751298100,1597518570751210900,0.02011982,0.99523997,-0.09535601,-0.09154391,-0.00750473,-0.09522233,-0.99542779,1.87603414,-0.99976951,0.02074340,0.00555318,0.99684787
0,1597518570760206800,1597518570760124800,0.02012640,0.99523658,-0.09539067,-0.09156096,-0.00752009,-0.09525664,-0.99542439,1.87599516,-0.99976933,0.02075163,0.00556713,0.99682617
0,1597518570769287300,1597518570769173800,0.02012816,0.99523759,-0.09537884,-0.09155369,-0.00751879,-0.09524483,-0.99542552,1.87598801,-0.99976927,0.02075320,0.00556591,0.99688029
0,1597518570778196300,1597518570778100300,0.02012718,0.99523628,-0.09539285,-0.09157050,-0.00751418,-0.09525894,-0.99542421,1.87596941,-0.99976927,0.02075183,0.00556112,0.99685907
0,1597518570786888100,1597518570786779100,0.02013376,0.99523348,-0.09542108,-0.09154248,-0.00749752,-0.09528749,-0.99542159,1.87596095,-0.99976933,0.02075699,0.00554333,0.99685121
0,1597518570795817700,1597518570795732300,0.02010170,0.99523425,-0.09541952,-0.09152639,-0.00747394,-0.09528659,-0.99542189,1.87601686,-0.99977016,0.02072278,0.00552294,0.99688864
0,1597518570804754100,1597518570804670100,0.02009374,0.99523574,-0.09540588,-0.09151709,-0.00748733,-0.09527271,-0.99542308,1.87600923,-0.99977016,0.02071607,0.00553731,0.99692631
0,1597518570813799700,1597518570813705300,0.02011332,0.99523640,-0.09539524,-0.09153759,-0.00746696,-0.09526239,-0.99542421,1.87601101,-0.99976993,0.02073357,0.00551538,0.99688745
0,1597518570822939300,1597518570822797700,0.02010497,0.99523747,-0.09538497,-0.09154689,-0.00746422,-0.09525222,-0.99542522,1.87599361,-0.99977010,0.02072492,0.00551366,0.99687600
0,1597518570831663700,1597518570831572000,0.02010629,0.99523544,-0.09540614,-0.09154022,-0.00747747,-0.09527311,-0.99542314,1.87598884,-0.99977005,0.02072760,0.00552629,0.99690437
0,1597518570840774100,1597518570840675600,0.02012733,0.99523497,-0.09540699,-0.09156382,-0.00747131,-0.09527398,-0.99542308,1.87599504,-0.99976963,0.02074799,0.00551813,0.99686313
0,1597518570849660500,1597518570849554000,0.02012965,0.99523002,-0.09545830,-0.09148014,-0.00745996,-0.09532551,-0.99541825,1.87599468,-0.99976963,0.02074954,0.00550554,0.99686289
0,1597518570858657200,1597518570858595000,0.02013320,0.99523151,-0.09544173,-0.09149730,-0.00748413,-0.09530843,-0.99541968,1.87592363,-0.99976939,0.02075523,0.00552962,0.99682474
0,1597518570867652700,1597518570867526100,0.02011475,0.99523145,-0.09544619,-0.09148312,-0.00750628,-0.09531253,-0.99541914,1.87591362,-0.99976963,0.02073902,0.00555333,0.99687505
0,1597518570876615000,1597518570876516500,0.02011397,0.99523300,-0.09543008,-0.09150290,-0.00750677,-0.09529641,-0.99542069,1.87591481,-0.99976963,0.02073821,0.00555423,0.99683022
0,1597518570885510600,1597518570885440600,0.02012473,0.99523067,-0.09545244,-0.09145296,-0.00751094,-0.09531863,-0.99541849,1.87590837,-0.99976945,0.02074939,0.00555689,0.99682117
0,1597518570894556000,1597518570894453600,0.02011153,0.99523139,-0.09544794,-0.09143150,-0.00750344,-0.09531435,-0.99541897,1.87595749,-0.99976969,0.02073556,0.00555078,0.99685693
0,1597518570903549300,1597518570903424500,0.02010119,0.99523026,-0.09546182,-0.09141898,-0.00752533,-0.09532783,-0.99541754,1.87595129,-0.99976975,0.02072746,0.00557326,0.99690032
0,1597518570912496900,1597518570912403200,0.02009594,0.99523109,-0.09545381,-0.09143317,-0.00751721,-0.09532002,-0.99541831,1.87595558,-0.99976993,0.02072138,0.00556585,0.99685955
0,1597518570921430900,1597518570921334600,0.02010468,0.99523401,-0.09542179,-0.09152269,-0.00752950,-0.09528770,-0.99542135,1.87591219,-0.99976969,0.02073106,0.00557792,0.99682260
0,1597518570930468600,1597518570930369400,0.02009904,0.99523544,-0.09540778,-0.09152782,-0.00752838,-0.09527374,-0.99542266,1.87590718,-0.99976981,0.02072528,0.00557764,0.99681783
0,1597518570939431700,1597518570939304000,0.02009737,0.99523503,-0.09541236,-0.09153402,-0.00753287,-0.09527823,-0.99542224,1.87591136,-0.99976981,0.02072406,0.00558217,0.99681711
0,1597518570948427400,1597518570948348700,0.02012214,0.99523342,-0.09542397,-0.09152234,-0.00754747,-0.09528941,-0.99542105,1.87590957,-0.99976921,0.02075019,0.00559410,0.99680972
0,1597518570957327100,1597518570957248700,0.02010748,0.99523306,-0.09543122,-0.09149933,-0.00752337,-0.09529723,-0.99542046,1.87597871,-0.99976963,0.02073333,0.00557136,0.99685478
0,1597518570966461300,1597518570966315000,0.02008897,0.99523616,-0.09540258,-0.09148884,-0.00753705,-0.09526841,-0.99542314,1.87598228,-0.99976987,0.02071604,0.00558733,0.99688530
0,1597518570975421300,1597518570975274800,0.02011454,0.99523407,-0.09541862,-0.09150410,-0.00753450,-0.09528437,-0.99542159,1.87598193,-0.99976939,0.02074137,0.00558202,0.99686337
0,1597518570984329400,1597518570984220400,0.02012703,0.99523401,-0.09541736,-0.09149730,-0.00752244,-0.09528328,-0.99542183,1.87598538,-0.99976921,0.02075261,0.00556885,0.99685645
0,1597518570993291000,1597518570993182700,0.02012187,0.99523383,-0.09541931,-0.09149623,-0.00753182,-0.09528507,-0.99542159,1.87600279,-0.99976927,0.02074838,0.00557864,0.99686885
0,1597518571002289700,1597518571002197900,0.02011344,0.99523580,-0.09540085,-0.09148717,-0.00754416,-0.09526641,-0.99542326,1.87600589,-0.99976939,0.02074108,0.00559212,0.99689913
0,1597518571011278600,1597518571011172000,0.02012753,0.99523324,-0.09542496,-0.09150898,-0.00753892,-0.09529054,-0.99542099,1.87601650,-0.99976915,0.02075472,0.00558506,0.99686527
0,1597518571020325100,1597518571020200000,0.02012134,0.99523336,-0.09542523,-0.09147167,-0.00751795,-0.09529128,-0.99542105,1.87602496,-0.99976939,0.02074656,0.00556476,0.99686337
0,1597518571029217700,1597518571029079300,0.02010271,0.99523401,-0.09542180,-0.09146214,-0.00753081,-0.09528769,-0.99542135,1.87605405,-0.99976969,0.02072921,0.00557942,0.99688292
0,1597518571038183600,1597518571038128700,0.02009389,0.99523377,-0.09542667,-0.09145284,-0.00753734,-0.09529247,-0.99542081,1.87606144,-0.99976981,0.02072111,0.00558665,0.99691749
0,1597518571047072300,1597518571046999100,0.02012461,0.99523103,-0.09544890,-0.09143436,-0.00749311,-0.09531545,-0.99541897,1.87603951,-0.99976951,0.02074760,0.00553922,0.99692130
0,1597518571056143100,1597518571056072800,0.02015352,0.99523187,-0.09543312,-0.09142148,-0.00748650,-0.09529965,-0.99542052,1.87608004,-0.99976897,0.02077568,0.00553022,0.99695086
0,1597518571065140800,1597518571065027700,0.02012756,0.99523133,-0.09544436,-0.09140742,-0.00750171,-0.09531072,-0.99541932,1.87608600,-0.99976939,0.02075133,0.00554760,0.99696064
0,1597518571074081900,1597518571074025700,0.02014697,0.99523050,-0.09544908,-0.09140253,-0.00748376,-0.09531569,-0.99541903,1.87605500,-0.99976915,0.02076894,0.00552778,0.99697995
0,1597518571083029000,1597518571082926000,0.02015939,0.99523139,-0.09543762,-0.09138441,-0.00748674,-0.09530411,-0.99542010,1.87606049,-0.99976885,0.02078155,0.00552980,0.99698114
0,1597518571092143100,1597518571092081600,0.02016357,0.99523169,-0.09543335,-0.09138167,-0.00747332,-0.09530009,-0.99542058,1.87606382,-0.99976891,0.02078441,0.00551613,0.99698949
0,1597518571100965900,1597518571100873500,0.02013034,0.99523187,-0.09543803,-0.09136784,-0.00750524,-0.09530430,-0.99541992,1.87606788,-0.99976933,0.02075440,0.00555098,0.99700665
0,1597518571110020000,1597518571109938200,0.02013859,0.99523354,-0.09541973,-0.09138870,-0.00749912,-0.09528607,-0.99542171,1.87608957,-0.99976915,0.02076197,0.00554448,0.99695897
0,1597518571118979400,1597518571118856400,0.02014932,0.99523246,-0.09542854,-0.09141111,-0.00749230,-0.09529497,-0.99542093,1.87609243,-0.99976903,0.02077201,0.00553649,0.99695182
0,1597518571127988700,1597518571127891400,0.02014887,0.99523515,-0.09540026,-0.09143758,-0.00751320,-0.09526625,-0.99542350,1.87600195,-0.99976891,0.02077341,0.00555793,0.99690223
0,1597518571136962000,1597518571136815700,0.02014288,0.99523616,-0.09539147,-0.09142208,-0.00751942,-0.09525736,-0.99542433,1.87599719,-0.99976897,0.02076796,0.00556487,0.99692678
0,1597518571145956700,1597518571145825600,0.02014178,0.99523628,-0.09538954,-0.09143651,-0.00750336,-0.09525578,-0.99542457,1.87598920,-0.99976909,0.02076533,0.00554903,0.99690437
0,1597518571154831300,1597518571154724500,0.02015170,0.99523830,-0.09536625,-0.09148526,-0.00749091,-0.09523269,-0.99542689,1.87601471,-0.99976897,0.02077392,0.00553617,0.99691820
0,1597518571163842700,1597518571163770400,0.02013856,0.99523938,-0.09535826,-0.09148943,-0.00749299,-0.09522472,-0.99542761,1.87601388,-0.99976921,0.02076095,0.00553967,0.99692202
0,1597518571172797200,1597518571172670600,0.02013808,0.99523908,-0.09536152,-0.09148943,-0.00751207,-0.09522760,-0.99542719,1.87601829,-0.99976909,0.02076232,0.00555864,0.99685311
0,1597518571181882600,1597518571181794700,0.02013215,0.99523622,-0.09539291,-0.09147704,-0.00751734,-0.09525891,-0.99542421,1.87601984,-0.99976921,0.02075708,0.00556380,0.99684691
0,1597518571190778600,1597518571190697300,0.02012622,0.99523878,-0.09536681,-0.09148240,-0.00750766,-0.09523303,-0.99542671,1.87599635,-0.99976939,0.02075014,0.00555527,0.99683356
0,1597518571199884000,1597518571199804800,0.02012348,0.99523854,-0.09537057,-0.09147263,-0.00751354,-0.09523669,-0.99542636,1.87599516,-0.99976939,0.02074799,0.00556130,0.99691415
0,1597518571208704300,1597518571208641200,0.02014378,0.99524021,-0.09534889,-0.09148908,-0.00750839,-0.09521501,-0.99542844,1.87599897,-0.99976897,0.02076757,0.00555470,0.99687839
0,1597518571217725200,1597518571217657000,0.02014279,0.99523568,-0.09539674,-0.09142840,-0.00750148,-0.09526301,-0.99542391,1.87600017,-0.99976909,0.02076620,0.00554691,0.99688292
0,1597518571226585100,1597518571226533500,0.02013791,0.99523640,-0.09539013,-0.09142601,-0.00751018,-0.09525625,-0.99542451,1.87598634,-0.99976915,0.02076218,0.00555618,0.99688077
0,1597518571235704000,1597518571235562700,0.02013174,0.99523777,-0.09537655,-0.09141052,-0.00751876,-0.09524252,-0.99542576,1.87598300,-0.99976921,0.02075675,0.00556559,0.99692607
0,1597518571244578500,1597518571244503100,0.02014744,0.99523789,-0.09537268,-0.09142518,-0.00752654,-0.09523840,-0.99542606,1.87598932,-0.99976879,0.02077302,0.00557193,0.99688888
0,1597518571253647300,1597518571253541300,0.02012995,0.99523669,-0.09538893,-0.09138834,-0.00750357,-0.09525523,-0.99542463,1.87598729,-0.99976933,0.02075356,0.00555038,0.99688745
0,1597518571262482400,1597518571262407100,0.02016327,0.99523735,-0.09537455,-0.09138465,-0.00750134,-0.09524070,-0.99542606,1.87597716,-0.99976873,0.02078643,0.00554528,0.99688816
0,1597518571271550900,1597518571271469200,0.02014410,0.99523735,-0.09537844,-0.09136832,-0.00751373,-0.09524444,-0.99542558,1.87597263,-0.99976897,0.02076855,0.00555936,0.99693298
0,1597518571280443800,1597518571280360400,0.02015844,0.99523687,-0.09538064,-0.09137809,-0.00749124,-0.09524704,-0.99542552,1.87597418,-0.99976885,0.02078071,0.00553556,0.99689674
0,1597518571289653400,1597518571289531900,0.02015075,0.99523646,-0.09538658,-0.09136021,-0.00748796,-0.09525309,-0.99542499,1.87600923,-0.99976909,0.02077278,0.00553290,0.99692965
0,1597518571298442700,1597518571298340800,0.02016497,0.99523604,-0.09538766,-0.09134364,-0.00750569,-0.09525372,-0.99542475,1.87600732,-0.99976861,0.02078861,0.00554918,0.99695826
0,1597518571307507100,1597518571307384300,0.02018133,0.99523562,-0.09538847,-0.09134340,-0.00747906,-0.09525499,-0.99542487,1.87599277,-0.99976850,0.02080238,0.00552109,0.99694705
0,1597518571316402400,1597518571316290800,0.02016318,0.99523902,-0.09535651,-0.09143221,-0.00748236,-0.09522305,-0.99542785,1.87598944,-0.99976879,0.02078444,0.00552677,0.99693584
0,1597518571325463000,1597518571325337700,0.02017128,0.99523789,-0.09536690,-0.09142590,-0.00748857,-0.09523328,-0.99542683,1.87600446,-0.99976861,0.02079317,0.00553196,0.99695349
0,1597518571334379200,1597518571334228900,0.02015355,0.99523616,-0.09538923,-0.09141719,-0.00749776,-0.09525552,-0.99542463,1.87600315,-0.99976891,0.02077654,0.00554234,0.99697518
0,1597518571343375800,1597518571343290300,0.02016053,0.99523455,-0.09540357,-0.09143877,-0.00748044,-0.09527019,-0.99542338,1.87601745,-0.99976885,0.02078190,0.00552413,0.99693036
0,1597518571352376600,1597518571352261900,0.02016777,0.99523377,-0.09541105,-0.09140360,-0.00748211,-0.09527759,-0.99542266,1.87601995,-0.99976873,0.02078927,0.00552495,0.99693179
0,1597518571361360000,1597518571361236200,0.02015468,0.99523342,-0.09541728,-0.09138787,-0.00747265,-0.09528408,-0.99542212,1.87605429,-0.99976903,0.02077538,0.00551664,0.99695945
0,1597518571370236900,1597518571370135300,0.02013046,0.99523365,-0.09542014,-0.09137583,-0.00749374,-0.09528664,-0.99542171,1.87605870,-0.99976945,0.02075329,0.00553989,0.99696708
0,1597518571379338100,1597518571379171200,0.02016547,0.99523360,-0.09541371,-0.09138167,-0.00748588,-0.09528019,-0.99542236,1.87604880,-0.99976873,0.02078739,0.00552887,0.99695206
0,1597518571388221300,1597518571388148500,0.02014384,0.99522990,-0.09545618,-0.09134328,-0.00747043,-0.09532311,-0.99541837,1.87610602,-0.99976927,0.02076459,0.00551466,0.99698853
0,1597518571397288100,1597518571397152300,0.02013800,0.99523038,-0.09545184,-0.09132624,-0.00749487,-0.09531829,-0.99541867,1.87611079,-0.99976927,0.02076113,0.00553963,0.99701190
0,1597518571406125200,1597518571406068600,0.02013391,0.99523044,-0.09545270,-0.09131885,-0.00749156,-0.09531923,-0.99541861,1.87611580,-0.99976933,0.02075672,0.00553672,0.99700952
0,1597518571415381000,1597518571415284000,0.02013102,0.99522918,-0.09546594,-0.09130418,-0.00747838,-0.09533276,-0.99541742,1.87612128,-0.99976951,0.02075270,0.00552358,0.99697709
0,1597518571424124200,1597518571424059800,0.02014825,0.99522746,-0.09548088,-0.09129822,-0.00749723,-0.09534723,-0.99541587,1.87610769,-0.99976903,0.02077168,0.00554041,0.99697161
0,1597518571433111900,1597518571433051800,0.02013406,0.99523014,-0.09545581,-0.09127820,-0.00750257,-0.09532212,-0.99541825,1.87611210,-0.99976927,0.02075791,0.00554760,0.99700809
0,1597518571442060100,1597518571441996700,0.02014861,0.99522889,-0.09546614,-0.09128559,-0.00749181,-0.09533259,-0.99541730,1.87611806,-0.99976909,0.02077144,0.00553528,0.99697137
0,1597518571451084700,1597518571451014600,0.02015671,0.99523407,-0.09541003,-0.09144056,-0.00747832,-0.09527672,-0.99542278,1.87611842,-0.99976897,0.02077794,0.00552224,0.99694467
0,1597518571460039900,1597518571459914400,0.02017087,0.99523276,-0.09542076,-0.09143150,-0.00747682,-0.09528739,-0.99542177,1.87615395,-0.99976873,0.02079192,0.00551918,0.99696898
0,1597518571469165700,1597518571469040200,0.02014345,0.99523342,-0.09541990,-0.09142053,-0.00745912,-0.09528705,-0.99542195,1.87615788,-0.99976939,0.02076295,0.00550419,0.99699211
0,1597518571478074700,1597518571477938000,0.02015677,0.99523157,-0.09543598,-0.09140921,-0.00744853,-0.09530327,-0.99542046,1.87610364,-0.99976921,0.02077529,0.00549204,0.99703026
0,1597518571486970600,1597518571486910000,0.02016726,0.99523389,-0.09540987,-0.09143496,-0.00745725,-0.09527693,-0.99542290,1.87610531,-0.99976891,0.02078640,0.00550027,0.99702573
0,1597518571495933100,1597518571495779500,0.02018803,0.99523449,-0.09539924,-0.09145164,-0.00746272,-0.09526606,-0.99542391,1.87604558,-0.99976844,0.02080756,0.00550396,0.99699712
0,1597518571504964600,1597518571504896600,0.02015290,0.99523520,-0.09539844,-0.09144187,-0.00748028,-0.09526510,-0.99542385,1.87604058,-0.99976909,0.02077425,0.00552481,0.99702358
0,1597518571513914100,1597518571513820300,0.02015293,0.99523419,-0.09540923,-0.09145916,-0.00747306,-0.09527604,-0.99542290,1.87603998,-0.99976909,0.02077362,0.00551739,0.99699330
0,1597518571522942600,1597518571522831400,0.02016672,0.99523628,-0.09538549,-0.09148681,-0.00746417,-0.09525241,-0.99542522,1.87603879,-0.99976891,0.02078637,0.00550772,0.99699569
0,1597518571531756100,1597518571531679200,0.02017099,0.99523586,-0.09538865,-0.09149003,-0.00748008,-0.09525520,-0.99542481,1.87603807,-0.99976867,0.02079219,0.00552309,0.99699783
0,1597518571540898400,1597518571540826400,0.02015850,0.99523836,-0.09536479,-0.09151733,-0.00749729,-0.09523105,-0.99542701,1.87608707,-0.99976879,0.02078125,0.00554191,0.99692225
0,1597518571549733300,1597518571549684500,0.02016559,0.99523407,-0.09540823,-0.09141207,-0.00751564,-0.09527408,-0.99542272,1.87609291,-0.99976850,0.02079028,0.00555859,0.99692988
0,1597518571558950200,1597518571558828000,0.02015844,0.99523592,-0.09538978,-0.09143031,-0.00753602,-0.09525525,-0.99542439,1.87601769,-0.99976856,0.02078500,0.00557996,0.99688196
0,1597518571567712700,1597518571567622000,0.02017340,0.99523360,-0.09541138,-0.09142077,-0.00755363,-0.09527639,-0.99542224,1.87601590,-0.99976808,0.02080172,0.00559561,0.99691606
0,1597518571576809000,1597518571576704500,0.02018225,0.99523419,-0.09540349,-0.09143519,-0.00754966,-0.09526854,-0.99542302,1.87602031,-0.99976796,0.02081013,0.00559098,0.99687433
0,1597518571585698500,1597518571585563700,0.02020156,0.99524009,-0.09533760,-0.09155762,-0.00754112,-0.09520271,-0.99542940,1.87601733,-0.99976766,0.02082819,0.00558202,0.99684477
0,1597518571594711400,1597518571594636000,0.02018949,0.99524093,-0.09533174,-0.09158468,-0.00756465,-0.09519642,-0.99542981,1.87594366,-0.99976766,0.02081829,0.00560672,0.99680042
0,1597518571603766300,1597518571603554100,0.02016354,0.99524194,-0.09532621,-0.09157574,-0.00757855,-0.09519075,-0.99543023,1.87593496,-0.99976814,0.02079380,0.00562314,0.99679732
0,1597518571612669500,1597518571612579200,0.02018392,0.99524081,-0.09533379,-0.09159672,-0.00757153,-0.09519836,-0.99542958,1.87593174,-0.99976772,0.02081352,0.00561405,0.99675846
0,1597518571621606200,1597518571621499800,0.02018669,0.99523622,-0.09538071,-0.09151649,-0.00756837,-0.09524534,-0.99542511,1.87598848,-0.99976772,0.02081621,0.00560966,0.99679422
0,1597518571630647800,1597518571630516100,0.02017945,0.99523473,-0.09539781,-0.09151900,-0.00756765,-0.09526251,-0.99542344,1.87598825,-0.99976790,0.02080902,0.00560928,0.99678421
0,1597518571639555100,1597518571639424200,0.02017567,0.99523741,-0.09537151,-0.09152675,-0.00754319,-0.09523672,-0.99542612,1.87599766,-0.99976808,0.02080280,0.00558583,0.99682093
0,1597518571648592100,1597518571648484700,0.02017105,0.99523443,-0.09540315,-0.09147418,-0.00754217,-0.09526841,-0.99542308,1.87600207,-0.99976820,0.02079824,0.00558460,0.99681711
0,1597518571657481700,1597518571657396200,0.02015266,0.99523532,-0.09539736,-0.09146249,-0.00755690,-0.09526243,-0.99542356,1.87604392,-0.99976850,0.02078128,0.00560114,0.99684381
0,1597518571666562100,1597518571666466900,0.02012879,0.99523377,-0.09541869,-0.09144747,-0.00756931,-0.09528363,-0.99542141,1.87605000,-0.99976885,0.02075887,0.00561532,0.99689698
0,1597518571675460900,1597518571675363500,0.02014467,0.99523318,-0.09542137,-0.09145224,-0.00754596,-0.09528671,-0.99542129,1.87604129,-0.99976873,0.02077246,0.00559050,0.99688721
0,1597518571684494800,1597518571684352300,0.02011085,0.99523246,-0.09543647,-0.09141660,-0.00754184,-0.09530209,-0.99541986,1.87605119,-0.99976945,0.02073845,0.00558931,0.99688673
0,1597518571693398600,1597518571693312000,0.02011198,0.99523413,-0.09541874,-0.09142530,-0.00754770,-0.09528424,-0.99542153,1.87601340,-0.99976933,0.02074009,0.00559541,0.99686432
0,1597518571702599900,1597518571702454800,0.02008954,0.99523300,-0.09543545,-0.09140861,-0.00754814,-0.09530105,-0.99541992,1.87602162,-0.99976981,0.02071783,0.00559764,0.99690580
0,1597518571711380100,1597518571711279600,0.02010816,0.99522895,-0.09547339,-0.09139824,-0.00753007,-0.09533928,-0.99541640,1.87598491,-0.99976963,0.02073491,0.00557708,0.99693251
0,1597518571720330900,1597518571720272600,0.02011588,0.99523050,-0.09545586,-0.09140658,-0.00753257,-0.09532165,-0.99541807,1.87599170,-0.99976939,0.02074274,0.00557920,0.99692678
0,1597518571729241200,1597518571729151100,0.02010277,0.99522966,-0.09546724,-0.09138882,-0.00751953,-0.09533336,-0.99541706,1.87604213,-0.99976981,0.02072841,0.00556724,0.99696374
0,1597518571738360400,1597518571738254500,0.02009487,0.99523008,-0.09546484,-0.09137499,-0.00753985,-0.09533060,-0.99541718,1.87604892,-0.99976975,0.02072254,0.00558826,0.99698997
0,1597518571747178200,1597518571747098200,0.02010077,0.99523401,-0.09542230,-0.09145379,-0.00753701,-0.09528808,-0.99542123,1.87606573,-0.99976969,0.02072790,0.00558575,0.99693894
0,1597518571756283300,1597518571756178600,0.02009612,0.99523503,-0.09541278,-0.09147227,-0.00754836,-0.09527834,-0.99542207,1.87602162,-0.99976969,0.02072430,0.00559771,0.99691677
0,1597518571765177900,1597518571765052900,0.02010307,0.99523616,-0.09539957,-0.09145927,-0.00755188,-0.09526502,-0.99542332,1.87602675,-0.99976951,0.02073145,0.00560082,0.99694204
0,1597518571774250900,1597518571774162000,0.02011117,0.99523592,-0.09540056,-0.09148061,-0.00753988,-0.09526622,-0.99542332,1.87604880,-0.99976945,0.02073842,0.00558808,0.99690318
0,1597518571783132400,1597518571783040100,0.02011499,0.99523544,-0.09540454,-0.09145439,-0.00752565,-0.09527047,-0.99542302,1.87605941,-0.99976945,0.02074084,0.00557346,0.99690270
0,1597518571792256200,1597518571792175000,0.02010131,0.99523789,-0.09538174,-0.09145391,-0.00752685,-0.09524771,-0.99542516,1.87605345,-0.99976969,0.02072722,0.00557644,0.99690223
0,1597518571801078300,1597518571801019700,0.02009556,0.99523729,-0.09538966,-0.09143722,-0.00754232,-0.09525535,-0.99542433,1.87606025,-0.99976975,0.02072302,0.00559223,0.99693060
0,1597518571810139300,1597518571810021400,0.02012146,0.99523753,-0.09538192,-0.09144235,-0.00750937,-0.09524814,-0.99542528,1.87605155,-0.99976945,0.02074564,0.00555710,0.99692464
0,1597518571819133500,1597518571819032400,0.02013505,0.99523556,-0.09539950,-0.09142923,-0.00749806,-0.09526590,-0.99542367,1.87605917,-0.99976927,0.02075815,0.00554419,0.99692464
0,1597518571828199600,1597518571828065300,0.02012616,0.99524087,-0.09534573,-0.09145749,-0.00750773,-0.09521195,-0.99542874,1.87595868,-0.99976933,0.02074996,0.00555579,0.99686503
0,1597518571837058300,1597518571836959800,0.02013689,0.99524075,-0.09534423,-0.09144080,-0.00752203,-0.09521010,-0.99542880,1.87596262,-0.99976909,0.02076197,0.00556903,0.99689817
0,1597518571846055800,1597518571845985800,0.02015257,0.99524170,-0.09533149,-0.09145749,-0.00751132,-0.09519749,-0.99543011,1.87597358,-0.99976879,0.02077651,0.00555714,0.99686003
0,1597518571854970500,1597518571854890400,0.02015239,0.99523771,-0.09537295,-0.09140372,-0.00751815,-0.09523881,-0.99542612,1.87598050,-0.99976879,0.02077726,0.00556309,0.99686289
0,1597518571863998100,1597518571863931300,0.02013239,0.99523658,-0.09538917,-0.09138262,-0.00750592,-0.09525540,-0.99542463,1.87604582,-0.99976927,0.02075624,0.00555248,0.99690413
0,1597518571872893200,1597518571872804200,0.02014324,0.99523556,-0.09539688,-0.09137285,-0.00751875,-0.09526280,-0.99542379,1.87604606,-0.99976897,0.02076828,0.00556406,0.99690914
0,1597518571882090300,1597518571881911800,0.02015916,0.99523795,-0.09536880,-0.09136283,-0.00750410,-0.09523491,-0.99542660,1.87605369,-0.99976879,0.02078256,0.00554855,0.99690509
0,1597518571890769400,1597518571890671500,0.02014455,0.99523479,-0.09540518,-0.09134746,-0.00752557,-0.09527095,-0.99542296,1.87607408,-0.99976885,0.02077025,0.00557055,0.99692202
0,1597518571899772900,1597518571899666900,0.02012885,0.99523145,-0.09544291,-0.09132802,-0.00755313,-0.09530819,-0.99541920,1.87607932,-0.99976897,0.02075750,0.00559870,0.99692822
0,1597518571908741400,1597518571908570300,0.02014771,0.99523312,-0.09542199,-0.09132302,-0.00754702,-0.09528729,-0.99542123,1.87607276,-0.99976867,0.02077559,0.00559126,0.99692082
0,1597518571917728900,1597518571917662700,0.02013952,0.99523675,-0.09538608,-0.09143722,-0.00753271,-0.09525172,-0.99542475,1.87608004,-0.99976891,0.02076587,0.00557854,0.99689960
0,1597518571926613500,1597518571926533600,0.02014840,0.99523813,-0.09536973,-0.09143126,-0.00755458,-0.09523486,-0.99542618,1.87609446,-0.99976856,0.02077669,0.00559981,0.99691176
0,1597518571935748200,1597518571935655400,0.02014765,0.99523461,-0.09540665,-0.09141684,-0.00756389,-0.09527160,-0.99542260,1.87610483,-0.99976850,0.02077705,0.00560838,0.99695396
