5,1597161938754597400,1597161938754248900,-0.76998657,-0.63755989,-0.02526372,0.00224972,-0.04048100,0.00929780,0.99913704,1.58264518,-0.63677478,0.77034485,-0.03296824,0.77846122
5,1597161938764181300,1597161938764141600,-0.76998198,-0.63756305,-0.02532406,0.00229967,-0.04049079,0.00921471,0.99913740,1.58266115,-0.63677967,0.77034318,-0.03291059,0.77848816
5,1597161938773106200,1597161938773063700,-0.76995134,-0.63759863,-0.02535867,0.00224543,-0.04053843,0.00921563,0.99913549,1.58257532,-0.63681370,0.77031374,-0.03294283,0.77845597
5,1597161938782521800,1597161938782484900,-0.76995361,-0.63759428,-0.02540030,0.00232315,-0.04062151,0.00925106,0.99913180,1.58265686,-0.63680565,0.77031690,-0.03302293,0.77834082
5,1597161938791195400,1597161938791152200,-0.76992989,-0.63762426,-0.02536351,0.00239551,-0.04056130,0.00923398,0.99913436,1.58267283,-0.63683814,0.77029222,-0.03297239,0.77833557
5,1597161938800156200,1597161938800089600,-0.76992369,-0.63763309,-0.02533268,0.00254118,-0.04057648,0.00930014,0.99913317,1.58269238,-0.63684475,0.77028418,-0.03303331,0.77833509
5,1597161938809217900,1597161938809025700,-0.76990271,-0.63766128,-0.02526093,0.00256145,-0.04029692,0.00907275,0.99914658,1.58274996,-0.63688791,0.77026355,-0.03268092,0.77847290
5,1597161938818224500,1597161938818183300,-0.76993412,-0.63762766,-0.02515266,0.00295401,-0.04031340,0.00926485,0.99914414,1.58277321,-0.63684893,0.77028912,-0.03283827,0.77843928
5,1597161938827256500,1597161938827209700,-0.77010047,-0.63742751,-0.02513316,0.00339139,-0.04031041,0.00930525,0.99914390,1.58280087,-0.63664788,0.77045429,-0.03286093,0.77848387
5,1597161938836099200,1597161938836041100,-0.77008057,-0.63743824,-0.02546793,0.00337934,-0.04062240,0.00915646,0.99913263,1.58290482,-0.63665211,0.77044713,-0.03294548,0.77858663
5,1597161938845064500,1597161938844975800,-0.77013028,-0.63739514,-0.02504012,0.00398088,-0.04027651,0.00941247,0.99914426,1.58281875,-0.63661397,0.77047974,-0.03292088,0.77860546
5,1597161938854022600,1597161938853958100,-0.77027571,-0.63722080,-0.02500314,0.00481880,-0.04037987,0.00960741,0.99913824,1.58281183,-0.63643146,0.77062154,-0.03313125,0.77870774
5,1597161938862941700,1597161938862883700,-0.77034950,-0.63714248,-0.02472410,0.00582540,-0.04013478,0.00975418,0.99914664,1.58282030,-0.63635761,0.77068436,-0.03308570,0.77881217
5,1597161938872096900,1597161938871945100,-0.77028048,-0.63720882,-0.02516294,0.00670457,-0.04018031,0.00911560,0.99915087,1.58273411,-0.63643831,0.77063739,-0.03262481,0.77937531
5,1597161938880927500,1597161938880896200,-0.77050781,-0.63694322,-0.02492471,0.00811863,-0.04026265,0.00960736,0.99914294,1.58280182,-0.63615787,0.77085090,-0.03304757,0.77921510
5,1597161938889944800,1597161938889874400,-0.77057302,-0.63685960,-0.02504464,0.00974190,-0.04028379,0.00945014,0.99914360,1.58278799,-0.63607752,0.77092195,-0.03293715,0.77927279
5,1597161938898858200,1597161938898838700,-0.77068669,-0.63669652,-0.02568485,0.01150370,-0.04073802,0.00900549,0.99912930,1.58281386,-0.63591093,0.77106196,-0.03287817,0.77937222
5,1597161938907872000,1597161938907809500,-0.77047306,-0.63693869,-0.02608550,0.01220322,-0.04106101,0.00875107,0.99911833,1.58298051,-0.63614893,0.77086484,-0.03289581,0.77952814
5,1597161938916777300,1597161938916740000,-0.77059484,-0.63678908,-0.02614100,0.01412439,-0.04117457,0.00881155,0.99911308,1.58303785,-0.63599396,0.77098775,-0.03300965,0.77965117
5,1597161938926064200,1597161938925978000,-0.77059102,-0.63680702,-0.02581540,0.01634610,-0.04093326,0.00902956,0.99912107,1.58305144,-0.63601422,0.77097046,-0.03302468,0.77973175
5,1597161938934706600,1597161938934656700,-0.77034485,-0.63708156,-0.02638125,0.01732695,-0.04118343,0.00842515,0.99911606,1.58306003,-0.63629621,0.77075040,-0.03272748,0.78057647
5,1597161938943844200,1597161938943800400,-0.77027941,-0.63715649,-0.02648164,0.01925635,-0.04150828,0.00865588,0.99910069,1.58353031,-0.63635427,0.77068591,-0.03311471,0.78006005
5,1597161938953161500,1597161938952825800,-0.77029866,-0.63714075,-0.02630245,0.02179813,-0.04131846,0.00870855,0.99910808,1.58367372,-0.63634342,0.77069837,-0.03303386,0.78024530
5,1597161938961767700,1597161938961722900,-0.77035499,-0.63708800,-0.02592681,0.02449334,-0.04107624,0.00900883,0.99911541,1.58371472,-0.63629091,0.77073848,-0.03310917,0.78046107
5,1597161938970674900,1597161938970630600,-0.76994717,-0.63755417,-0.02657255,0.02595496,-0.04137450,0.00832449,0.99910903,1.58381581,-0.63676488,0.77036065,-0.03278791,0.78175998
5,1597161938979736300,1597161938979693900,-0.76987165,-0.63764107,-0.02667758,0.02845693,-0.04157263,0.00839346,0.99910021,1.58427811,-0.63684344,0.77028799,-0.03297030,0.78131485
5,1597161938988641500,1597161938988547700,-0.76998204,-0.63750100,-0.02683824,0.03176665,-0.04208738,0.00877347,0.99907541,1.58443642,-0.63667613,0.77039969,-0.03358616,0.78156638
5,1597161938997717200,1597161938997595300,-0.76999879,-0.63749039,-0.02660682,0.03525031,-0.04164854,0.00860654,0.99909526,1.58463240,-0.63668466,0.77041030,-0.03317757,0.78190231
5,1597161939007019300,1597161939006865000,-0.76967180,-0.63785505,-0.02731813,0.03698123,-0.04209871,0.00800990,0.99908137,1.58460069,-0.63705027,0.77011484,-0.03301787,0.78309369
5,1597161939015592400,1597161939015572800,-0.76972216,-0.63777155,-0.02784683,0.04013145,-0.04273522,0.00795542,0.99905473,1.58509660,-0.63694710,0.77018464,-0.03337876,0.78282309
5,1597161939024546500,1597161939024443300,-0.76972073,-0.63778698,-0.02753175,0.04402971,-0.04255477,0.00823066,0.99906021,1.58532000,-0.63696098,0.77016896,-0.03347618,0.78321052
5,1597161939033727000,1597161939033650000,-0.76967281,-0.63785398,-0.02731624,0.04809678,-0.04226482,0.00821376,0.99907267,1.58556151,-0.63703817,0.77011359,-0.03328070,0.78370023
5,1597161939042580000,1597161939042489200,-0.76894826,-0.63870943,-0.02773155,0.04969990,-0.04307469,0.00848178,0.99903584,1.58594465,-0.63785833,0.76940143,-0.03403426,0.78439450
5,1597161939051615300,1597161939051525500,-0.76910079,-0.63851404,-0.02799881,0.05395854,-0.04341520,0.00848731,0.99902105,1.58640027,-0.63765126,0.76956350,-0.03424881,0.78495932
5,1597161939060131400,1597161939060082000,-0.76909494,-0.63853234,-0.02774011,0.05830038,-0.04316309,0.00858732,0.99903113,1.58674860,-0.63767546,0.76954710,-0.03416550,0.78552628
5,1597161939069207600,1597161939069076300,-0.76892149,-0.63876510,-0.02718649,0.06289685,-0.04298493,0.00922378,0.99903315,1.58721995,-0.63789666,0.76934665,-0.03454963,0.78619266
5,1597161939078186900,1597161939078105900,-0.76866156,-0.63906479,-0.02749031,0.06538486,-0.04368339,0.00956857,0.99899960,1.58717155,-0.63816243,0.76909345,-0.03527151,0.78641629
5,1597161939087256900,1597161939087232000,-0.76859671,-0.63906145,-0.02931941,0.07028866,-0.04445997,0.00763967,0.99898195,1.58770037,-0.63818693,0.76911777,-0.03428448,0.78733182
5,1597161939096199000,1597161939096126700,-0.76865298,-0.63903964,-0.02830433,0.07536304,-0.04404616,0.00873253,0.99899131,1.58815145,-0.63814789,0.76912439,-0.03485952,0.78796673
5,1597161939105068200,1597161939105039000,-0.76827013,-0.63949019,-0.02852270,0.07901347,-0.04387468,0.00815230,0.99900377,1.58779943,-0.63862062,0.76875615,-0.03432059,0.78868437
5,1597161939113973200,1597161939113921200,-0.76785219,-0.63992959,-0.02988859,0.08402169,-0.04623161,0.00881906,0.99889183,1.58858430,-0.63895684,0.76838303,-0.03635671,0.78893113
5,1597161939123098700,1597161939123036700,-0.76807785,-0.63966095,-0.02984007,0.08980846,-0.04485493,0.00725827,0.99896717,1.58920646,-0.63878369,0.76862299,-0.03426687,0.78993201
5,1597161939132086000,1597161939132008000,-0.76806730,-0.63972104,-0.02880530,0.09567189,-0.04440181,0.00832814,0.99897903,1.58969545,-0.63882792,0.76856220,-0.03480134,0.79084849
5,1597161939141120400,1597161939141026100,-0.76741338,-0.64045161,-0.02997622,0.09960318,-0.04470168,0.00680630,0.99897718,1.58956456,-0.63959253,0.76796854,-0.03385251,0.79204273
5,1597161939149938400,1597161939149906200,-0.76737010,-0.64055765,-0.02879506,0.10517693,-0.04507171,0.00908908,0.99894243,1.59023046,-0.63961840,0.76785642,-0.03584572,0.79248142
5,1597161939159123800,1597161939158915200,-0.76707292,-0.64086938,-0.02976045,0.11165464,-0.04475711,0.00718104,0.99897212,1.59114039,-0.63999695,0.76761639,-0.03419184,0.79386806
5,1597161939168011500,1597161939167958300,-0.76717365,-0.64076436,-0.02942547,0.11848593,-0.04475253,0.00770619,0.99896836,1.59192896,-0.63987654,0.76769900,-0.03458782,0.79530931
5,1597161939177044200,1597161939176959100,-0.76636362,-0.64166111,-0.03095070,0.12255418,-0.04695653,0.00790165,0.99886566,1.59012961,-0.64068866,0.76694769,-0.03618572,0.79345226
5,1597161939185825900,1597161939185732200,-0.76645106,-0.64156485,-0.03078180,0.12974453,-0.04701407,0.00824120,0.99886024,1.59035051,-0.64057994,0.76702464,-0.03647904,0.79463720
5,1597161939194781300,1597161939194731500,-0.76577872,-0.64227140,-0.03271924,0.13203275,-0.04816613,0.00654558,0.99881786,1.58991408,-0.64129800,0.76644945,-0.03594819,0.79574370
5,1597161939203833300,1597161939203774500,-0.76606548,-0.64197934,-0.03172508,0.13906372,-0.04664709,0.00630054,0.99889153,1.59028983,-0.64106780,0.76669621,-0.03477309,0.79768324
5,1597161939212848800,1597161939212800600,-0.76558113,-0.64253652,-0.03213159,0.14456093,-0.04668636,0.00567464,0.99889350,1.59094357,-0.64164323,0.76623416,-0.03434209,0.79728889
5,1597161939221881900,1597161939221833800,-0.76561004,-0.64249718,-0.03222973,0.15217924,-0.04719929,0.00613707,0.99886662,1.59147215,-0.64157122,0.76626354,-0.03502401,0.79901528
5,1597161939230918700,1597161939230839400,-0.76533127,-0.64268023,-0.03507598,0.15706944,-0.05051867,0.00565272,0.99870712,1.59064817,-0.64165103,0.76611376,-0.03679355,0.79987073
5,1597161939239852600,1597161939239805500,-0.76495147,-0.64313227,-0.03507610,0.16461623,-0.05068426,0.00581619,0.99869782,1.59123874,-0.64209068,0.76573312,-0.03704578,0.80223536
5,1597161939248917400,1597161939248778900,-0.76473397,-0.64339489,-0.03500127,0.17084217,-0.05118303,0.00650729,0.99866807,1.59316540,-0.64231014,0.76550692,-0.03790724,0.80169916
5,1597161939257690800,1597161939257635000,-0.76475561,-0.64339840,-0.03445895,0.17892623,-0.05055416,0.00660158,0.99869949,1.59379125,-0.64233422,0.76550305,-0.03757507,0.80399013
5,1597161939266730100,1597161939266649600,-0.76501751,-0.64304960,-0.03515079,0.18392622,-0.05126125,0.00639437,0.99866480,1.59227729,-0.64196622,0.76579797,-0.03785533,0.80336952
5,1597161939275692600,1597161939275599000,-0.76471221,-0.64352661,-0.03299905,0.18907213,-0.05072270,0.00906421,0.99867165,1.59324729,-0.64237267,0.76537025,-0.03957292,0.80235410
5,1597161939284648000,1597161939284598800,-0.76486969,-0.64344388,-0.03089510,0.19763350,-0.04923056,0.01056665,0.99873155,1.59394324,-0.64230126,0.76542044,-0.03975921,0.80459452
5,1597161939293665600,1597161939293586800,-0.76469004,-0.64333308,-0.03703752,0.20564640,-0.05301985,0.00553197,0.99857813,1.59587240,-0.64221346,0.76556653,-0.03833966,0.80599928
5,1597161939302526000,1597161939302487400,-0.76446271,-0.64360321,-0.03703904,0.21231520,-0.05362478,0.00622917,0.99854171,1.59308696,-0.64243394,0.76533407,-0.03927505,0.80326247
5,1597161939311646900,1597161939311572600,-0.76368183,-0.64455426,-0.03660660,0.21945393,-0.05300675,0.00609078,0.99857557,1.59422898,-0.64341319,0.76453447,-0.03881714,0.80259919
5,1597161939320636100,1597161939320584600,-0.76374555,-0.64452958,-0.03570011,0.22819185,-0.05123357,0.00539417,0.99867213,1.59401584,-0.64348114,0.76456046,-0.03714132,0.80446315
5,1597161939329576400,1597161939329499600,-0.76339805,-0.64492118,-0.03606028,0.23663461,-0.05402309,0.00811679,0.99850672,1.59403753,-0.64366537,0.76420617,-0.04103698,0.80575991
5,1597161939338519200,1597161939338469100,-0.76082861,-0.64780414,-0.03859738,0.24254668,-0.05198100,0.00154904,0.99864686,1.58320498,-0.64686781,0.76180542,-0.03485207,0.79348683
5,1597161939347485300,1597161939347453500,-0.76075673,-0.64797312,-0.03715124,0.25289035,-0.05096067,0.00257083,0.99869734,1.58184421,-0.64703345,0.76165903,-0.03497693,0.79379821
5,1597161939357113200,1597161939356680300,-0.76049352,-0.64828867,-0.03703592,0.26385021,-0.05118255,0.00298753,0.99868482,1.58133864,-0.64732546,0.76138890,-0.03545306,0.79313731
5,1597161939366210300,1597161939366067300,-0.76048100,-0.64835423,-0.03613279,0.27471411,-0.04989360,0.00286186,0.99875045,1.58045268,-0.64744067,0.76133358,-0.03452511,0.79347730
5,1597161939375544000,1597161939375452800,-0.75978053,-0.64915633,-0.03646616,0.28844488,-0.05131722,0.00396206,0.99867457,1.58111572,-0.64815140,0.76064479,-0.03632319,0.79606628
5,1597161939384069800,1597161939383998000,-0.75945580,-0.64948016,-0.03745179,0.29823053,-0.05118684,0.00226573,0.99868655,1.57986426,-0.64854217,0.76037526,-0.03496556,0.79700661
5,1597161939392953500,1597161939392901300,-0.75925124,-0.64986485,-0.03483303,0.30971646,-0.04873522,0.00340200,0.99880594,1.57918227,-0.64897037,0.76004231,-0.03425428,0.79743195
5,1597161939401957500,1597161939401921900,-0.75876307,-0.65019435,-0.03906373,0.32232344,-0.05361910,0.00257891,0.99855810,1.57817435,-0.64915615,0.75976360,-0.03681961,0.80011630
5,1597161939843976100,1597161939843923900,-0.75922489,-0.65025085,-0.02741429,0.70480978,-0.03836317,0.00266399,0.99926031,1.57176590,-0.64969689,0.75971496,-0.02696825,0.76796699
5,1597161939852858000,1597161939852774300,-0.75956368,-0.64980549,-0.02856413,0.71199262,-0.03542409,-0.00252268,0.99936920,1.56994343,-0.64946765,0.76009643,-0.02110264,0.76713562
5,1597161939861995400,1597161939861921500,-0.76005465,-0.64946026,-0.02276985,0.71956551,-0.03493659,0.00584818,0.99937242,1.56807923,-0.64891946,0.76037312,-0.02713486,0.76496959
5,1597161939870741000,1597161939870668500,-0.61658120,-0.76654673,0.17953791,0.72706687,0.37840602,-0.08857013,0.92139256,1.58802748,-0.69038874,0.63605154,0.34467655,0.74705648
5,1597161939880661300,1597161939880541000,-0.71276700,-0.69399005,0.10169166,0.72504389,0.36203006,-0.23983149,0.90078580,1.59680414,-0.60074753,0.67886579,0.42218921,0.72583032
5,1597161939889706600,1597161939889639600,-0.71233928,-0.69561827,0.09321018,0.72964835,0.35974175,-0.24785557,0.89952958,1.60563338,-0.60262656,0.67430186,0.42680022,0.71808457
5,1597161939898753700,1597161939898707600,-0.71186137,-0.69469035,0.10324183,0.73535717,0.36546138,-0.24087125,0.89912122,1.61749506,-0.59974289,0.67778057,0.42534941,0.70809913
5,1597161939907714000,1597161939907620900,-0.70739579,-0.70560509,0.04138648,0.76135242,0.33381566,-0.28190380,0.89949840,1.59895635,-0.62302357,0.65011686,0.43495956,0.73391891
5,1597161939916680300,1597161939916590800,-0.70795125,-0.70459968,0.04841960,0.76832891,0.33561012,-0.27529898,0.90087533,1.60498333,-0.62142652,0.65402591,0.43136904,0.72645473
5,1597161939925626100,1597161939925537800,-0.70641994,-0.70631492,0.04571893,0.77440751,0.33731636,-0.27917242,0.89904416,1.61329508,-0.62224489,0.65052444,0.43546456,0.71790409
5,1597161939934703600,1597161939934599500,-0.71662831,-0.69684339,0.02921064,0.77608180,0.32525095,-0.29685003,0.89782619,1.56622458,-0.61697310,0.65290844,0.43938011,0.69902515
5,1597161939943480900,1597161939943441700,-0.71580708,-0.69761783,0.03081773,0.78218091,0.32410237,-0.29281390,0.89956528,1.56299591,-0.61852896,0.65390325,0.43569785,0.68628383
5,1597161939952603800,1597161939952530300,-0.71602237,-0.69752604,0.02774173,0.78908074,0.32415333,-0.29702750,0.89816439,1.56372309,-0.61825299,0.65209830,0.43878371,0.67389202
5,1597161939961520200,1597161939961459800,-0.71350443,-0.69999838,0.03022991,0.79726589,0.32654023,-0.29404780,0.89828020,1.57517493,-0.61990565,0.65079820,0.43838203,0.68703413
5,1597161939970548000,1597161939970521000,-0.71416414,-0.69972855,0.01869771,0.80287027,0.31241673,-0.29473078,0.90306675,1.56558025,-0.62639081,0.65077937,0.42909306,0.67895317
5,1597161939979627300,1597161939979510800,-0.71436089,-0.69950312,0.01959790,0.80881858,0.31200650,-0.29331568,0.90366912,1.56459308,-0.62637097,0.65166056,0.42778277,0.66993666
5,1597161939988551700,1597161939988526300,-0.71479118,-0.69891107,0.02443521,0.81420803,0.31331858,-0.28880876,0.90466624,1.57381368,-0.62522411,0.65430343,0.42541978,0.67912269
5,1597161939997377900,1597161939997301100,-0.71444678,-0.69924217,0.02502711,0.81945312,0.31271446,-0.28710783,0.90541637,1.57355535,-0.62591982,0.65469813,0.42378640,0.67117715
5,1597161940006612200,1597161940006489000,-0.71923107,-0.69443899,0.02147844,0.82399070,0.30390361,-0.28665236,0.90855545,1.57025123,-0.62477946,0.65998870,0.41721177,0.66428304
5,1597161940015400700,1597161940015281300,-0.71894193,-0.69479203,0.01966639,0.82910025,0.30214685,-0.28691775,0.90905750,1.57009888,-0.62596321,0.65950167,0.41620642,0.65696573
5,1597161940024688600,1597161940024604900,-0.72003812,-0.69376546,0.01532537,0.83190000,0.29997399,-0.29126740,0.90839356,1.58042216,-0.62574822,0.65867519,0.41783521,0.66590762
5,1597161940033398500,1597161940033270800,-0.72372925,-0.68992603,0.01476684,0.83536780,0.29618144,-0.29122323,0.90965134,1.57638812,-0.62329179,0.66271496,0.41511008,0.65882421
5,1597161940042384300,1597161940042353700,-0.72356671,-0.69014025,0.01256235,0.83819067,0.29519618,-0.29293996,0.90942037,1.57390463,-0.62394756,0.66173470,0.41568837,0.65324473
5,1597161940051194000,1597161940051111900,-0.72323960,-0.69043642,0.01490635,0.84073365,0.29461721,-0.28894895,0.91088372,1.57193065,-0.62460011,0.66317886,0.41239375,0.64739442
5,1597161940060353800,1597161940060296500,-0.72409773,-0.68944764,0.01856019,0.84362686,0.29597837,-0.28632182,0.91127199,1.57451928,-0.62296015,0.66534340,0.41138661,0.64925623
5,1597161940069508600,1597161940069475600,-0.72427934,-0.68942058,0.01089667,0.84320867,0.28453270,-0.28444946,0.91549420,1.58277404,-0.62806112,0.66617399,0.40218359,0.64377713
5,1597161940078198300,1597161940078167100,-0.72448540,-0.68918782,0.01187928,0.84407794,0.28482321,-0.28362790,0.91565877,1.58122993,-0.62769163,0.66676497,0.40178099,0.63891363
5,1597161940087186700,1597161940087071700,-0.72478199,-0.68892223,0.00879200,0.84453881,0.28375071,-0.28684345,0.91498983,1.58006489,-0.62783492,0.66566288,0.40338114,0.63435602
5,1597161940096110800,1597161940096075400,-0.72249758,-0.69137061,-0.00200318,0.84646547,0.28036797,-0.29563671,0.91323203,1.57560420,-0.63197410,0.65924627,0.40743500,0.62658262
5,1597161940105150500,1597161940105129300,-0.72312760,-0.69071060,-0.00234865,0.84505975,0.27740440,-0.29353446,0.91481382,1.58440089,-0.63256097,0.66087556,0.40386900,0.62321877
5,1597161940114251700,1597161940114223300,-0.72318947,-0.69064265,0.00315379,0.84478104,0.27529886,-0.28407845,0.91842800,1.58325160,-0.63340968,0.66506565,0.39557567,0.61682487
5,1597161940123098600,1597161940123052400,-0.72364318,-0.69017327,-0.00124693,0.84400547,0.27578503,-0.29081446,0.91617113,1.58267069,-0.63267946,0.66263711,0.40078536,0.61264133
5,1597161940132133900,1597161940132098200,-0.72798282,-0.68552685,0.00969881,0.84352386,0.27955443,-0.28389123,0.91719961,1.59229934,-0.62601161,0.67041695,0.39831001,0.59636521
5,1597161940140954100,1597161940140888500,-0.72729254,-0.68621111,0.01265162,0.84280646,0.28179240,-0.28175259,0.91717422,1.59251702,-0.62581050,0.67061901,0.39828563,0.59029722
5,1597161940150311600,1597161940150149300,-0.72728586,-0.68627560,0.00901385,0.84184802,0.27962792,-0.28429291,0.91705275,1.59542930,-0.62678826,0.66948009,0.39866403,0.58351898
5,1597161940158990200,1597161940158930900,-0.72983730,-0.68352187,0.01164074,0.83502567,0.28018674,-0.28355336,0.91711116,1.59476781,-0.62356478,0.67260355,0.39846158,0.57838511
5,1597161940168002100,1597161940167939900,-0.72710174,-0.68649465,0.00694400,0.83374798,0.27101737,-0.27772588,0.92163873,1.60541224,-0.63077152,0.67200708,0.38798696,0.57823539
5,1597161940176970800,1597161940176879000,-0.72745860,-0.68614823,0.00219125,0.83080852,0.26866981,-0.28190398,0.92105734,1.60891795,-0.63136411,0.67061985,0.38942078,0.57432246
5,1597161940185984800,1597161940185863300,-0.72629821,-0.68737495,-0.00259160,0.82739103,0.26667655,-0.28524831,0.92060691,1.61154044,-0.63354135,0.66794407,0.39048213,0.57003689
5,1597161940194899900,1597161940194840800,-0.72986722,-0.68349636,0.01125354,0.82065070,0.27187625,-0.27513823,0.92216176,1.60850430,-0.62719792,0.67611527,0.38664079,0.56062889
5,1597161940204047400,1597161940203930500,-0.73260224,-0.68059903,0.00889461,0.81554997,0.26771340,-0.27610514,0.92309016,1.60154927,-0.62579846,0.67863911,0.38448071,0.55320787
5,1597161940212878200,1597161940212841400,-0.73256946,-0.68060446,0.01094387,0.81105959,0.26876339,-0.27443781,0.92328227,1.60259283,-0.62538660,0.67930973,0.38396627,0.54982972
5,1597161940221909200,1597161940221817800,-0.73255610,-0.68060535,0.01174995,0.80547273,0.26710308,-0.27152845,0.92462331,1.60216868,-0.62611318,0.68047690,0.38070160,0.54655313
5,1597161940230891100,1597161940230851700,-0.72998887,-0.68345904,-0.00041501,0.79772246,0.26273176,-0.28117898,0.92298990,1.59921491,-0.63094246,0.67366332,0.38482392,0.54307604
5,1597161940239890400,1597161940239796800,-0.73159540,-0.68173844,-0.00097874,0.79304409,0.25564906,-0.27567551,0.92663187,1.60157228,-0.63199031,0.67766941,0.37596872,0.53778958
5,1597161940248839200,1597161940248798200,-0.73120201,-0.68216050,-0.00088431,0.78694296,0.25629765,-0.27592412,0.92637867,1.60155940,-0.63218296,0.67714334,0.37659240,0.53620458
5,1597161940257998700,1597161940257961200,-0.73187983,-0.68142575,0.00332797,0.78063893,0.26146886,-0.27631187,0.92481661,1.59436750,-0.62927425,0.67772478,0.38039869,0.52161002
5,1597161940266749400,1597161940266721500,-0.73280728,-0.68043625,0.00045873,0.77260649,0.25501221,-0.27401456,0.92729974,1.59364569,-0.63084263,0.67964894,0.37431940,0.51100349
5,1597161940275870600,1597161940275785900,-0.73260128,-0.68065810,-0.00009243,0.76574874,0.25548631,-0.27510911,0.92684501,1.59379268,-0.63089001,0.67898422,0.37544411,0.50938392
5,1597161940284705300,1597161940284621700,-0.73262799,-0.68062896,-0.00080597,0.75899196,0.25555557,-0.27617675,0.92650837,1.59370685,-0.63083100,0.67857993,0.37627333,0.50821829
5,1597161940293704500,1597161940293640600,-0.73535025,-0.67765433,0.00669828,0.75283623,0.25818059,-0.27099624,0.92730999,1.58760250,-0.62658042,0.68362701,0.37423435,0.49482751
5,1597161940302738800,1597161940302705200,-0.73589921,-0.67707402,0.00481676,0.74485219,0.25351927,-0.26893502,0.92919421,1.58765411,-0.62783784,0.68501449,0.36956039,0.48664784
5,1597161940311658200,1597161940311605800,-0.73572874,-0.67725623,0.00524564,0.73768890,0.25387308,-0.26859483,0.92919606,1.58773017,-0.62789482,0.68496788,0.36955005,0.48518062
5,1597161940320567400,1597161940320531600,-0.73596328,-0.67700309,0.00500059,0.73065531,0.25310594,-0.26828334,0.92949528,1.58817148,-0.62792957,0.68534005,0.36880022,0.48396230
5,1597161940329852500,1597161940329769600,-0.73714149,-0.67569268,0.00787280,0.72461116,0.25536758,-0.26776671,0.92902553,1.58406723,-0.62562764,0.68683374,0.36993197,0.47551560
5,1597161940338550300,1597161940338478100,-0.73772323,-0.67508548,0.00491215,0.71609867,0.24883658,-0.26514661,0.93154585,1.58424687,-0.62757057,0.68844533,0.36359078,0.46839643
5,1597161940347498300,1597161940347457600,-0.73778635,-0.67500687,0.00609389,0.70859861,0.24942292,-0.26420975,0.93165523,1.58441818,-0.62726367,0.68888247,0.36329255,0.46742463
5,1597161940356384400,1597161940356337700,-0.73810542,-0.67465597,0.00630942,0.70119464,0.24882203,-0.26350677,0.93201488,1.58437634,-0.62712681,0.68949521,0.36236507,0.46661949
5,1597161940365726900,1597161940365632100,-0.73869407,-0.67398328,0.00882365,0.69442618,0.25064319,-0.26250902,0.93180847,1.58452582,-0.62570703,0.69053292,0.36284316,0.46365929
5,1597161940374490600,1597161940374454400,-0.73876750,-0.67393184,0.00621001,0.68605053,0.24479991,-0.25974321,0.93413407,1.58586824,-0.62792975,0.69162810,0.35686833,0.45929980
5,1597161940384013500,1597161940383526700,-0.73913842,-0.67352045,0.00668775,0.67833865,0.24564813,-0.26030874,0.93375391,1.58605039,-0.62716144,0.69181621,0.35785323,0.45866275
5,1597161940392615500,1597161940392455000,-0.73909497,-0.67358863,0.00413445,0.67074668,0.24272035,-0.26058927,0.93444103,1.58652449,-0.62835157,0.69164419,0.35609391,0.45842934
5,1597161940401470800,1597161940401352500,-0.73925430,-0.67338216,0.00772434,0.66274536,0.24284622,-0.25586858,0.93571204,1.58706951,-0.62811542,0.69360495,0.35268027,0.45581722
5,1597161940410341000,1597161940410197900,-0.73953676,-0.67305380,0.00917227,0.65522873,0.24389973,-0.25524136,0.93560928,1.58696985,-0.62737417,0.69415462,0.35291803,0.45609665
5,1597161940419455800,1597161940419370600,-0.73927176,-0.67335099,0.00871290,0.64753032,0.24309579,-0.25478402,0.93594313,1.58783960,-0.62799829,0.69403446,0.35204339,0.45540428
5,1597161940428404900,1597161940428347400,-0.74060625,-0.67185903,0.01039173,0.64006674,0.24266416,-0.25300896,0.93653649,1.58850265,-0.62659132,0.69612646,0.35041612,0.45446038
5,1597161940437283400,1597161940437239000,-0.74042964,-0.67206758,0.00944415,0.63366210,0.23883657,-0.24994485,0.93834144,1.58918977,-0.62826836,0.69703144,0.34558094,0.45424795
5,1597161940446251800,1597161940446146900,-0.74048567,-0.67201394,0.00884981,0.62652349,0.23806624,-0.24996328,0.93853229,1.59018970,-0.62849468,0.69707656,0.34507805,0.45474005
5,1597161940455282200,1597161940455232200,-0.74081868,-0.67164344,0.00910521,0.61891758,0.23989166,-0.25188902,0.93755209,1.59048080,-0.62740719,0.69674039,0.34772575,0.45565605
5,1597161940464147900,1597161940464091000,-0.74110210,-0.67129564,0.01139992,0.61051440,0.24017426,-0.24921708,0.93819356,1.59262419,-0.62696421,0.69803524,0.34592322,0.45598865
5,1597161940473342100,1597161940473229100,-0.74010676,-0.67237312,0.01251243,0.60279882,0.23871903,-0.24528180,0.93960100,1.59349132,-0.62869334,0.69839203,0.34204298,0.45656776
5,1597161940482144000,1597161940482093500,-0.74056137,-0.67189854,0.01101165,0.59542882,0.23691833,-0.24572499,0.93994093,1.59524786,-0.62883914,0.69869280,0.34115952,0.45745015
5,1597161940491118900,1597161940491077700,-0.74068415,-0.67180246,0.00827996,0.58764696,0.23546414,-0.24802507,0.93970221,1.59627795,-0.62924063,0.69797218,0.34189364,0.45834017
5,1597161940499941200,1597161940499910000,-0.74113494,-0.67113668,0.01716661,0.58130193,0.24096426,-0.24205613,0.93986440,1.59692454,-0.62662214,0.70070291,0.34111622,0.45937753
5,1597161940509092500,1597161940509052400,-0.73994482,-0.67255926,0.01207539,0.57399666,0.23411258,-0.24065676,0.94195306,1.59907484,-0.63061327,0.69982028,0.33552733,0.46113396
5,1597161940517970500,1597161940517944300,-0.74032974,-0.67211968,0.01292909,0.56738555,0.23314953,-0.23867674,0.94269544,1.60103381,-0.63051832,0.70091987,0.33340386,0.46247554
5,1597161940527107100,1597161940527006400,-0.74109024,-0.67132735,0.01024470,0.55926907,0.23443846,-0.24444234,0.94089669,1.60290086,-0.62914544,0.69969112,0.33853880,0.46278644
5,1597161940535908200,1597161940535853000,-0.73928487,-0.67316848,0.01738279,0.55311465,0.23449142,-0.23315267,0.94374448,1.60325193,-0.63124621,0.70177209,0.33021852,0.46635962
5,1597161940545031300,1597161940544963700,-0.73950076,-0.67297721,0.01550288,0.54624629,0.23339255,-0.23472565,0.94362694,1.60553718,-0.63140047,0.70143116,0.33064768,0.46830153
5,1597161940553929600,1597161940553895000,-0.73990214,-0.67263675,0.01023881,0.53948820,0.23248206,-0.24138924,0.94216949,1.60925984,-0.63126624,0.69949353,0.33498040,0.47056270
5,1597161940563048700,1597161940563019300,-0.74100614,-0.67129773,0.01641364,0.53191292,0.23609360,-0.23757146,0.94224179,1.61290455,-0.62862539,0.70208216,0.33453101,0.47458863
5,1597161940571964600,1597161940571886900,-0.73835683,-0.67419732,0.01694911,0.52725995,0.23244523,-0.23081309,0.94482511,1.61191511,-0.63308650,0.70155782,0.32713637,0.47779775
5,1597161940581043300,1597161940580895100,-0.73841739,-0.67409259,0.01841407,0.52035415,0.23509228,-0.23174024,0.94394284,1.61399198,-0.63203764,0.70135283,0.32959497,0.48058414
5,1597161940589937200,1597161940589807800,-0.73873115,-0.67374194,0.01865952,0.51373827,0.23531878,-0.23187733,0.94385272,1.61598527,-0.63158643,0.70164442,0.32983914,0.48350430
5,1597161940598918800,1597161940598834300,-0.74138832,-0.67083949,0.01782876,0.50509369,0.23712122,-0.23701948,0.94212276,1.61854768,-0.62778741,0.70270640,0.33479375,0.48481750
5,1597161940607893000,1597161940607863400,-0.73678136,-0.67577547,0.02193003,0.50054109,0.23465693,-0.22515298,0.94564384,1.61560452,-0.63410527,0.70187879,0.32446393,0.49145484
5,1597161940616841700,1597161940616815100,-0.73745203,-0.67502028,0.02263110,0.49442983,0.23465168,-0.22464606,0.94576567,1.61755657,-0.63332701,0.70276725,0.32406038,0.49455023
5,1597161940625924800,1597161940625829700,-0.73839086,-0.67411512,0.01865371,0.48181105,0.23474075,-0.23099522,0.94421291,1.61301708,-0.63219929,0.70157695,0.32880706,0.48822641
5,1597161940634842400,1597161940634699600,-0.73274696,-0.67995405,0.02728397,0.47710598,0.22890429,-0.20852274,0.95085281,1.61173582,-0.64084685,0.70297998,0.30843884,0.49297047
5,1597161940643776900,1597161940643716900,-0.73253691,-0.68035173,0.02261292,0.47021091,0.22864519,-0.21462251,0.94955701,1.61193836,-0.64117950,0.70075595,0.31277809,0.49649525
5,1597161940652650300,1597161940652604100,-0.73353994,-0.67917961,0.02518531,0.46397436,0.22907493,-0.21218172,0.95000190,1.61349177,-0.63987815,0.70263362,0.31122679,0.50017715
5,1597161940661674800,1597161940661647500,-0.73269117,-0.68018317,0.02268779,0.45100749,0.23176418,-0.21803398,0.94802243,1.60842597,-0.63988215,0.69986588,0.31739366,0.49291372
5,1597161940670755500,1597161940670629100,-0.72552395,-0.68779171,0.02361685,0.44227338,0.22383580,-0.20338625,0.95316923,1.60809231,-0.65077853,0.69683337,0.30151397,0.48979783
5,1597161940679584600,1597161940679541800,-0.72564232,-0.68764013,0.02437923,0.43607926,0.22266170,-0.20114729,0.95391905,1.60927200,-0.65104920,0.69763243,0.29907212,0.49245572
5,1597161940688670900,1597161940688563800,-0.72578394,-0.68746197,0.02517634,0.42866409,0.22500414,-0.20264398,0.95305222,1.61054504,-0.65008533,0.69737482,0.30175754,0.49668074
5,1597161940697634600,1597161940697558100,-0.72961801,-0.68332058,0.02703112,0.41613436,0.22467081,-0.20218480,0.95322835,1.60726988,-0.64589530,0.70156574,0.30103987,0.48680449
5,1597161940706937900,1597161940706738500,-0.72415966,-0.68895763,0.03050165,0.40566385,0.21772286,-0.18643284,0.95803940,1.60993195,-0.65436208,0.70041442,0.28500897,0.48544049
5,1597161940715475700,1597161940715437900,-0.72466898,-0.68847287,0.02933001,0.39870977,0.21654138,-0.18710616,0.95817596,1.61265278,-0.65419030,0.70071149,0.28467289,0.48868418
5,1597161940724705200,1597161940724554300,-0.72946566,-0.68256068,0.04461886,0.38915455,0.22267538,-0.17528749,0.95900470,1.60773015,-0.64675778,0.70949650,0.27985567,0.47924376
5,1597161940733465400,1597161940733430200,-0.72967875,-0.68227023,0.04556832,0.38269031,0.22365013,-0.17515308,0.95880240,1.61012530,-0.64618081,0.70980906,0.28039530,0.48126173
5,1597161940742515700,1597161940742410700,-0.72611964,-0.68618095,0.04365973,0.37447345,0.21497355,-0.16625340,0.96236491,1.61114550,-0.65309787,0.70817769,0.26823062,0.48158598
5,1597161940751455100,1597161940751379500,-0.72672820,-0.68570775,0.04087871,0.36806786,0.21358529,-0.16900079,0.96219546,1.61490846,-0.65287632,0.70798564,0.26927474,0.48446012
5,1597161940760646000,1597161940760486800,-0.72680640,-0.68517268,0.04786525,0.35876083,0.21919449,-0.16533960,0.96156985,1.61308694,-0.65092736,0.70936692,0.27035594,0.47701263
5,1597161940769283600,1597161940769247200,-0.72474867,-0.68739629,0.04717960,0.35270035,0.21605463,-0.16170610,0.96289748,1.61371744,-0.65426290,0.70805204,0.26571143,0.47917938
5,1597161940778740500,1597161940778515500,-0.72518671,-0.68600005,0.05923165,0.34735000,0.21806088,-0.14721583,0.96476781,1.61774015,-0.65311086,0.71255291,0.25634873,0.48079443
5,1597161940787534700,1597161940787461100,-0.72521710,-0.68656975,0.05179122,0.34112036,0.21473792,-0.15407313,0.96444237,1.62123191,-0.65417731,0.71055162,0.25916901,0.48307347
5,1597161940796806100,1597161940796692300,-0.72305906,-0.68853229,0.05575866,0.32676518,0.22216342,-0.15535453,0.96255308,1.62226033,-0.65408647,0.70837027,0.26529717,0.48112297
5,1597161940805346200,1597161940805307100,-0.71691072,-0.69534588,0.05033186,0.32001019,0.22436565,-0.16176404,0.96098512,1.61731911,-0.66007519,0.70023322,0.27198210,0.48609710
5,1597161940814519400,1597161940814432600,-0.71719605,-0.69516444,0.04874784,0.31225669,0.22115830,-0.16071463,0.96190429,1.62016249,-0.66084719,0.70065498,0.26900530,0.49056149
5,1597161940823509900,1597161940823443700,-0.71682107,-0.69521070,0.05338315,0.30570352,0.22441520,-0.15754698,0.96167392,1.62324107,-0.66015565,0.70132816,0.26894882,0.49424434
5,1597161940832422900,1597161940832310600,-0.72364002,-0.68730223,0.06293569,0.29611945,0.22313698,-0.14669031,0.96368659,1.61911988,-0.65311188,0.71140552,0.25951353,0.48370934
5,1597161940841242500,1597161940841166700,-0.72086847,-0.69036925,0.06114797,0.29189610,0.22033636,-0.14462931,0.96464205,1.61656964,-0.65711540,0.70885313,0.25637218,0.49135876
5,1597161940850429300,1597161940850397600,-0.72077537,-0.69034779,0.06247246,0.28500831,0.22242269,-0.14497976,0.96411049,1.61953425,-0.65651429,0.70880246,0.25804687,0.49555850
5,1597161940859217900,1597161940859186000,-0.72387898,-0.68653256,0.06835523,0.27536738,0.22326039,-0.13934956,0.96474683,1.61421251,-0.65280485,0.71362102,0.25414774,0.48223972
5,1597161940868425400,1597161940868388300,-0.72279704,-0.68788761,0.06614535,0.26926136,0.21662405,-0.13464054,0.96692604,1.61559439,-0.65623057,0.71321994,0.24633078,0.48668337
5,1597161940877288900,1597161940877246800,-0.72303641,-0.68750799,0.06746288,0.26326334,0.21749662,-0.13386360,0.96683800,1.61694598,-0.65567803,0.71373200,0.24631891,0.49007010
5,1597161940886466500,1597161940886340300,-0.72321177,-0.68709046,0.06979648,0.25738466,0.21728341,-0.13043991,0.96735376,1.61872804,-0.65555537,0.71476722,0.24362902,0.49333930
5,1597161940895136200,1597161940895063100,-0.72479749,-0.68447244,0.07852577,0.24954307,0.21747144,-0.11914212,0.96876794,1.61535311,-0.65373921,0.71923769,0.23520711,0.48592162
5,1597161940904364100,1597161940904223600,-0.72368181,-0.68621898,0.07340454,0.24358201,0.21495527,-0.12305391,0.96884054,1.61828017,-0.65580404,0.71691096,0.23655827,0.48923826
5,1597161940913246700,1597161940913093300,-0.72387433,-0.68618727,0.07178602,0.23763311,0.21265273,-0.12292123,0.96936536,1.62017298,-0.65634209,0.71696419,0.23489909,0.49269438
5,1597161940922212100,1597161940922144700,-0.72402000,-0.68548459,0.07685074,0.23220766,0.21606815,-0.11957541,0.96902853,1.62225246,-0.65506470,0.71820104,0.23468637,0.49593663
5,1597161940930964000,1597161940930935200,-0.72310209,-0.68691486,0.07260498,0.22685635,0.21551511,-0.12449754,0.96853167,1.61915433,-0.65625966,0.71599472,0.23806497,0.49110699
5,1597161940940397200,1597161940940266400,-0.72414768,-0.68619543,0.06889199,0.21888626,0.20704132,-0.12102522,0.97081757,1.62050414,-0.65783292,0.71727884,0.22971095,0.48945260
5,1597161940948920300,1597161940948893400,-0.72381276,-0.68650985,0.06927843,0.21416378,0.21068522,-0.12428493,0.96962106,1.62277913,-0.65704417,0.71642005,0.23459651,0.49207377
5,1597161940958089800,1597161940958010500,-0.72505581,-0.68504083,0.07080408,0.20757020,0.21490195,-0.12737453,0.96829379,1.62352300,-0.65430224,0.71728301,0.23957026,0.48620105
5,1597161940966876400,1597161940966825600,-0.72417510,-0.68628466,0.06770468,0.20067847,0.21225177,-0.12840010,0.96874279,1.62572360,-0.65614003,0.71590984,0.23864929,0.48496699
5,1597161940976005300,1597161940975913500,-0.72496235,-0.68516445,0.07056413,0.19660795,0.20997673,-0.12227116,0.97003067,1.62874460,-0.65600264,0.71805257,0.23251061,0.48637390
5,1597161940984923800,1597161940984776200,-0.72553968,-0.68451124,0.07097010,0.19265056,0.21121627,-0.12334547,0.96962547,1.63183522,-0.65496570,0.71849179,0.23407194,0.48818660
5,1597161940994075100,1597161940993961200,-0.72473443,-0.68563044,0.06834594,0.18518353,0.20967820,-0.12496884,0.96975142,1.63118505,-0.65634990,0.71714294,0.23433095,0.48257518
5,1597161941003000500,1597161941002814200,-0.72468263,-0.68559659,0.06922810,0.18066323,0.20480789,-0.11837496,0.97161776,1.62881494,-0.65794301,0.71829295,0.22619987,0.47794962
5,1597161941012017500,1597161941011913000,-0.72504723,-0.68512762,0.07004844,0.17763674,0.20529665,-0.11792380,0.97156948,1.63156509,-0.65738869,0.71881449,0.22615474,0.47858143
5,1597161941020856400,1597161941020793000,-0.72543073,-0.68468374,0.07041684,0.17511666,0.20472781,-0.11696552,0.97180533,1.63415527,-0.65714294,0.71939373,0.22502419,0.47884989
5,1597161941029943000,1597161941029906900,-0.72768807,-0.68237221,0.06955950,0.16406214,0.20441857,-0.11894809,0.97162974,1.63313913,-0.65473914,0.72126257,0.22604662,0.47245312
5,1597161941038785200,1597161941038703600,-0.72709143,-0.68296021,0.07002582,0.15845621,0.20194072,-0.11526715,0.97259110,1.62817335,-0.65616930,0.72130370,0.22172721,0.47048068
5,1597161941047988400,1597161941047895300,-0.72760642,-0.68261069,0.06805629,0.15465009,0.20064324,-0.11689433,0.97266543,1.62883687,-0.65599638,0.72137260,0.22201431,0.47145462
5,1597161941056782200,1597161941056678600,-0.72820258,-0.68223959,0.06534661,0.15247989,0.19696622,-0.11700094,0.97340387,1.63156629,-0.65644908,0.72170633,0.21957855,0.47170544
5,1597161941065921500,1597161941065858500,-0.72927833,-0.68106502,0.06560285,0.13894176,0.19164413,-0.11128197,0.97513533,1.62484586,-0.65683013,0.72371745,0.21167764,0.45970416
5,1597161941074678300,1597161941074590000,-0.72991025,-0.68040192,0.06545603,0.13626838,0.19204500,-0.11222688,0.97494811,1.62628055,-0.65601063,0.72419506,0.21258333,0.46037126
5,1597161941084164400,1597161941084097300,-0.72985733,-0.68047440,0.06529173,0.13339400,0.19134387,-0.11166397,0.97515059,1.62786674,-0.65627426,0.72421396,0.21170337,0.46046472
5,1597161941092620300,1597161941092537700,-0.73031247,-0.67980278,0.06717178,0.13132024,0.19172943,-0.10960410,0.97530854,1.62930870,-0.65565515,0.72515881,0.21038345,0.46057916
5,1597161941101802000,1597161941101717200,-0.73056865,-0.67981982,0.06414492,0.12917733,0.18866663,-0.11067981,0.97578424,1.63125515,-0.65625793,0.72497940,0.20911852,0.46060896
5,1597161941110649400,1597161941110608800,-0.73045301,-0.67979741,0.06568137,0.12024641,0.18791193,-0.10758750,0.97627562,1.62574947,-0.65660322,0.72546571,0.20632966,0.44322491
5,1597161941119694900,1597161941119655100,-0.73060709,-0.67955959,0.06642456,0.11850202,0.18749791,-0.10613161,0.97651452,1.62718463,-0.65655005,0.72590286,0.20495652,0.44163942
5,1597161941128527100,1597161941128480500,-0.73116201,-0.67907679,0.06524488,0.11126566,0.18586563,-0.10627066,0.97681141,1.62486637,-0.65639633,0.72633421,0.20391811,0.43236375
5,1597161941137541600,1597161941137503700,-0.73127460,-0.67911005,0.06361674,0.10996962,0.18589106,-0.10869093,0.97654021,1.62719798,-0.65626371,0.72594488,0.20572340,0.43050098
5,1597161941146483100,1597161941146416300,-0.73155046,-0.67874265,0.06436176,0.10585320,0.18213674,-0.10358740,0.97780156,1.62858391,-0.65700853,0.72703385,0.19940339,0.42361617
5,1597161941155906600,1597161941155852900,-0.73157108,-0.67888594,0.06259254,0.10491025,0.17964160,-0.10338598,0.97828436,1.63128066,-0.65767229,0.72692871,0.19759035,0.42061901
5,1597161941164451200,1597161941164395600,-0.73207378,-0.67835557,0.06246455,0.10478556,0.17807049,-0.10204966,0.97871178,1.63398743,-0.65754014,0.72761232,0.19550300,0.41716909
5,1597161941173589200,1597161941173542400,-0.73296833,-0.67739123,0.06243986,0.09666455,0.17753908,-0.10188022,0.97882599,1.63101244,-0.65668672,0.72853398,0.19493839,0.40392828
5,1597161941182436300,1597161941182389600,-0.73290980,-0.67729425,0.06415495,0.09392762,0.17519502,-0.09677523,0.97976589,1.63064694,-0.65738124,0.72931969,0.18958609,0.39676642
