0,1598333654485962200,1598333654485863300,-0.01896587,-0.99472070,0.10085242,-0.06917930,0.00473955,-0.10095890,-0.99487936,1.88411462,0.99980903,-0.01839074,0.00662933,1.01152062
0,1598333654495538700,1598333654495458100,-0.01894251,-0.99473172,0.10074811,-0.06725430,0.00471835,-0.10085402,-0.99489009,1.88414013,0.99980950,-0.01837042,0.00660395,1.01159406
0,1598333654504432300,1598333654504288200,-0.01892012,-0.99472558,0.10081258,-0.06540596,0.00471171,-0.10091823,-0.99488360,1.88419700,0.99980998,-0.01834840,0.00659628,1.01167917
0,1598333654513398000,1598333654513337200,-0.01887751,-0.99472624,0.10081452,-0.06359255,0.00478512,-0.10092124,-0.99488294,1.88424742,0.99981046,-0.01829854,0.00666505,1.01173162
0,1598333654522390700,1598333654522249300,-0.01857740,-0.99472839,0.10084891,-0.06183529,0.00473320,-0.10095269,-0.99488002,1.88430679,0.99981630,-0.01800498,0.00658372,1.01174855
0,1598333654531352600,1598333654531305100,-0.01855281,-0.99472821,0.10085522,-0.06009436,0.00476797,-0.10095946,-0.99487913,1.88434148,0.99981660,-0.01797697,0.00661595,1.01180482
0,1598333654540364400,1598333654540266600,-0.01853216,-0.99471974,0.10094239,-0.05832386,0.00474788,-0.10104616,-0.99487042,1.88435340,0.99981707,-0.01795787,0.00659544,1.01188231
0,1598333654549333500,1598333654549244500,-0.01845515,-0.99472475,0.10090750,-0.05654109,0.00465827,-0.10100915,-0.99487466,1.88437200,0.99981898,-0.01789051,0.00649787,1.01193619
0,1598333654558223900,1598333654558174200,-0.01838478,-0.99471438,0.10102280,-0.05476117,0.00462674,-0.10112346,-0.99486315,1.88439846,0.99982035,-0.01782295,0.00646146,1.01199126
0,1598333654567238800,1598333654567153200,-0.01835752,-0.99473095,0.10086417,-0.05292261,0.00464334,-0.10096491,-0.99487919,1.88444138,0.99982083,-0.01779521,0.00647237,1.01206493
0,1598333654576221500,1598333654576110700,-0.01831794,-0.99472034,0.10097582,-0.05113196,0.00465483,-0.10107653,-0.99486780,1.88452613,0.99982148,-0.01775396,0.00648180,1.01215601
0,1598333654585280000,1598333654585180700,-0.01825961,-0.99471736,0.10101511,-0.04933214,0.00462334,-0.10111489,-0.99486405,1.88457096,0.99982268,-0.01769885,0.00644527,1.01218700
0,1598333654594190500,1598333654594092900,-0.01824445,-0.99472702,0.10092342,-0.04753196,0.00453939,-0.10102161,-0.99487394,1.88458264,0.99982333,-0.01769280,0.00635857,1.01227093
0,1598333654603180500,1598333654603135200,-0.01824474,-0.99472654,0.10092769,-0.04563117,0.00451496,-0.10102543,-0.99487364,1.88463688,0.99982345,-0.01769558,0.00633436,1.01234961
0,1598333654612149000,1598333654612058900,-0.01830953,-0.99471384,0.10104130,-0.04388893,0.00457929,-0.10114063,-0.99486166,1.88454366,0.99982196,-0.01775274,0.00640695,1.01232219
0,1598333654621108400,1598333654621046700,-0.01826155,-0.99471378,0.10104989,-0.04210865,0.00457288,-0.10114879,-0.99486083,1.88458419,0.99982285,-0.01770565,0.00639587,1.01235080
0,1598333654630106700,1598333654630018000,-0.01824000,-0.99471039,0.10108790,-0.04036915,0.00451799,-0.10118570,-0.99485731,1.88464999,0.99982351,-0.01768953,0.00633975,1.01236725
0,1598333654639078200,1598333654639033800,-0.01824334,-0.99471271,0.10106444,-0.03856158,0.00454054,-0.10116266,-0.99485958,1.88475084,0.99982339,-0.01769072,0.00636211,1.01245356
0,1598333654648022400,1598333654647928500,-0.01821187,-0.99469930,0.10120219,-0.03680837,0.00451928,-0.10129985,-0.99484569,1.88478625,0.99982405,-0.01766068,0.00634022,1.01245403
0,1598333654657050200,1598333654656991200,-0.01824602,-0.99470633,0.10112656,-0.03499782,0.00451453,-0.10122434,-0.99485344,1.88482893,0.99982339,-0.01769561,0.00633760,1.01247787
0,1598333654665990500,1598333654665927600,-0.01830950,-0.99471265,0.10105335,-0.03311849,0.00452559,-0.10115171,-0.99486077,1.88488793,0.99982220,-0.01775810,0.00635373,1.01255202
0,1598333654675042300,1598333654674971700,-0.01836655,-0.99468714,0.10129359,-0.03135312,0.00459714,-0.10139365,-0.99483579,1.88482392,0.99982083,-0.01780608,0.00643500,1.01253057
0,1598333654683874600,1598333654683800700,-0.01839769,-0.99469274,0.10123344,-0.02959144,0.00452009,-0.10133230,-0.99484241,1.88483846,0.99982059,-0.01784521,0.00636041,1.01257706
0,1598333654692969200,1598333654692898200,-0.01847643,-0.99470550,0.10109294,-0.02776802,0.00443415,-0.10119074,-0.99485719,1.88484097,0.99981952,-0.01793319,0.00628035,1.01264858
0,1598333654701891100,1598333654701812600,-0.01850194,-0.99467015,0.10143580,-0.02606475,0.00445103,-0.10153412,-0.99482214,1.88487446,0.99981898,-0.01795468,0.00630592,1.01272368
0,1598333654710626300,1598333654710554800,-0.01861492,-0.99467391,0.10137805,-0.02429616,0.00444234,-0.10147691,-0.99482799,1.88492239,0.99981695,-0.01806831,0.00630770,1.01282310
0,1598333654719610000,1598333654719509900,-0.01863331,-0.99468243,0.10129111,-0.02252972,0.00441073,-0.10138950,-0.99483705,1.88495338,0.99981678,-0.01809037,0.00627653,1.01285100
0,1598333654728622200,1598333654728514800,-0.01874471,-0.99466193,0.10147165,-0.02078474,0.00439662,-0.10157051,-0.99481869,1.88503528,0.99981469,-0.01820147,0.00627710,1.01284313
0,1598333654737499600,1598333654737410500,-0.01877284,-0.99465919,0.10149361,-0.01895344,0.00438953,-0.10159252,-0.99481642,1.88506031,0.99981421,-0.01823002,0.00627330,1.01292300
0,1598333654746592000,1598333654746481500,-0.01874211,-0.99467164,0.10137694,-0.01711869,0.00437083,-0.10147530,-0.99482852,1.88507009,0.99981493,-0.01820213,0.00624943,1.01295567
0,1598333654755505100,1598333654755377400,-0.01875976,-0.99466038,0.10148373,-0.01536882,0.00437895,-0.10158238,-0.99481755,1.88513637,0.99981457,-0.01821816,0.00626126,1.01292777
0,1598333654764491600,1598333654764402300,-0.01880378,-0.99465144,0.10156357,-0.01349282,0.00447304,-0.10166422,-0.99480873,1.88519466,0.99981326,-0.01825187,0.00636082,1.01298046
0,1598333654773388200,1598333654773341000,-0.01875383,-0.99465662,0.10152177,-0.01168895,0.00439345,-0.10162064,-0.99481356,1.88524806,0.99981457,-0.01821053,0.00627578,1.01304865
0,1598333654782387700,1598333654782344200,-0.01872379,-0.99466622,0.10143351,-0.00990403,0.00444788,-0.10153317,-0.99482226,1.88532341,0.99981493,-0.01817575,0.00632528,1.01303124
0,1598333654791387700,1598333654791283200,-0.01874611,-0.99463671,0.10171805,-0.00816131,0.00444657,-0.10181787,-0.99479318,1.88540292,0.99981445,-0.01819625,0.00633144,1.01303267
0,1598333654800379900,1598333654800268400,-0.01874691,-0.99464214,0.10166530,-0.00623965,0.00444776,-0.10176513,-0.99479854,1.88546336,0.99981451,-0.01819727,0.00633175,1.01309276
0,1598333654809292000,1598333654809227000,-0.01875570,-0.99465925,0.10149621,-0.00444317,0.00446284,-0.10159636,-0.99481571,1.88549411,0.99981421,-0.01820555,0.00634455,1.01315641
0,1598333654818332100,1598333654818274400,-0.01870227,-0.99463588,0.10173451,-0.00265253,0.00440033,-0.10183322,-0.99479181,1.88551915,0.99981552,-0.01815727,0.00628127,1.01319551
0,1598333654827264700,1598333654827192100,-0.01877406,-0.99465227,0.10156090,-0.00085056,0.00438184,-0.10165969,-0.99480963,1.88551068,0.99981421,-0.01823163,0.00626700,1.01326799
0,1598333654836332600,1598333654836290300,-0.01875672,-0.99464601,0.10162533,0.00094819,0.00436012,-0.10172363,-0.99480319,1.88553357,0.99981463,-0.01821619,0.00624480,1.01336908
0,1598333654845175300,1598333654845101800,-0.01875049,-0.99463868,0.10169804,0.00269234,0.00431340,-0.10179546,-0.99479604,1.88549018,0.99981499,-0.01821426,0.00619902,1.01343513
0,1598333654854196300,1598333654854126700,-0.01866415,-0.99464184,0.10168283,0.00450289,0.00426392,-0.10177881,-0.99479795,1.88550484,0.99981678,-0.01813352,0.00614072,1.01348114
0,1598333654863129500,1598333654863083900,-0.01854572,-0.99464583,0.10166648,0.00628603,0.00423674,-0.10176124,-0.99479985,1.88555408,0.99981910,-0.01801854,0.00610132,1.01351094
0,1598333654872211400,1598333654872118600,-0.01854324,-0.99462622,0.10185836,0.00811088,0.00425944,-0.10195355,-0.99478006,1.88559580,0.99981904,-0.01801261,0.00612713,1.01357341
0,1598333654881137900,1598333654881068500,-0.01854777,-0.99464625,0.10166103,0.00989223,0.00425061,-0.10175606,-0.99480033,1.88563561,0.99981910,-0.01801926,0.00611523,1.01359749
0,1598333654890185800,1598333654890048500,-0.01857170,-0.99462688,0.10184568,0.01165318,0.00421171,-0.10194018,-0.99478167,1.88567805,0.99981880,-0.01804584,0.00608231,1.01361275
0,1598333654899174800,1598333654899061200,-0.01852828,-0.99462348,0.10188749,0.01342702,0.00422005,-0.10198189,-0.99477732,1.88573861,0.99981958,-0.01800156,0.00608694,1.01366043
0,1598333654908180700,1598333654908096300,-0.01852426,-0.99463308,0.10179468,0.01520157,0.00425280,-0.10188963,-0.99478668,1.88574648,0.99981946,-0.01799479,0.00611744,1.01369572
0,1598333654916996200,1598333654916924900,-0.01846108,-0.99461532,0.10197878,0.01693380,0.00420611,-0.10207252,-0.99476808,1.88577640,0.99982083,-0.01793560,0.00606786,1.01371408
0,1598333654926121000,1598333654926012400,-0.01850367,-0.99461961,0.10192950,0.01870668,0.00421638,-0.10202368,-0.99477309,1.88582587,0.99981999,-0.01797718,0.00608154,1.01369166
0,1598333654934977200,1598333654934893200,-0.01847765,-0.99461544,0.10197544,0.02056074,0.00421212,-0.10206940,-0.99476838,1.88585460,0.99982047,-0.01795152,0.00607547,1.01377130
0,1598333654944164100,1598333654944015700,-0.01846224,-0.99462032,0.10193011,0.02239096,0.00418745,-0.10202352,-0.99477321,1.88588464,0.99982089,-0.01793897,0.00604854,1.01384687
0,1598333654952884300,1598333654952819000,-0.01850668,-0.99461520,0.10197228,0.02412164,0.00419443,-0.10206611,-0.99476880,1.88589525,0.99982005,-0.01798218,0.00606078,1.01387548
0,1598333654961931700,1598333654961863900,-0.01857802,-0.99460900,0.10201971,0.02590847,0.00408968,-0.10211208,-0.99476451,1.88594031,0.99981916,-0.01806355,0.00596471,1.01389551
0,1598333654970884400,1598333654970804000,-0.01858002,-0.99461842,0.10192700,0.02780104,0.00414937,-0.10202044,-0.99477369,1.88599515,0.99981880,-0.01806000,0.00602262,1.01396132
0,1598333654979943200,1598333654979860100,-0.01860213,-0.99459660,0.10213564,0.02958739,0.00412358,-0.10222878,-0.99475241,1.88590145,0.99981856,-0.01808339,0.00600300,1.01395535
0,1598333654988809400,1598333654988760400,-0.01868472,-0.99461800,0.10191216,0.03133857,0.00406481,-0.10200468,-0.99477565,1.88595521,0.99981725,-0.01817289,0.00594889,1.01391888
0,1598333654997867400,1598333654997750800,-0.01862311,-0.99459815,0.10211712,0.03316677,0.00415297,-0.10221092,-0.99475414,1.88600659,0.99981809,-0.01810136,0.00603405,1.01396394
0,1598333655006862100,1598333655006726900,-0.01864120,-0.99460089,0.10208748,0.03500211,0.00412037,-0.10218078,-0.99475735,1.88610721,0.99981791,-0.01812285,0.00600292,1.01405406
0,1598333655015924700,1598333655015850400,-0.01860869,-0.99460411,0.10206164,0.03682458,0.00414174,-0.10215515,-0.99475992,1.88614333,0.99981838,-0.01808852,0.00602039,1.01405931
0,1598333655024878500,1598333655024736700,-0.01867616,-0.99460244,0.10206561,0.03858316,0.00406743,-0.10215816,-0.99475992,1.88621497,0.99981737,-0.01816317,0.00595343,1.01402783
0,1598333655033789400,1598333655033687700,-0.01876834,-0.99459374,0.10213359,0.04049551,0.00410589,-0.10222741,-0.99475265,1.88625252,0.99981558,-0.01825055,0.00600236,1.01408362
0,1598333655042771700,1598333655042671800,-0.01879561,-0.99459034,0.10216179,0.04232979,0.00405995,-0.10225494,-0.99474996,1.88630760,0.99981523,-0.01828218,0.00595996,1.01418495
0,1598333655051683400,1598333655051601500,-0.01883596,-0.99460208,0.10203906,0.04410446,0.00399644,-0.10213126,-0.99476296,1.88634324,0.99981469,-0.01832956,0.00589864,1.01420879
0,1598333655060659600,1598333655060600900,-0.01895705,-0.99457783,0.10225363,0.04587638,0.00402490,-0.10234710,-0.99474066,1.88637710,0.99981225,-0.01844576,0.00594330,1.01423335
0,1598333655069706300,1598333655069617900,-0.01897937,-0.99457502,0.10227638,0.04759121,0.00398499,-0.10236926,-0.99473852,1.88638544,0.99981201,-0.01847190,0.00590630,1.01432323
0,1598333655078646200,1598333655078540600,-0.01897141,-0.99458873,0.10214531,0.04937661,0.00396719,-0.10223779,-0.99475211,1.88639271,0.99981225,-0.01846665,0.00588535,1.01438689
0,1598333655087618900,1598333655087552600,-0.01905370,-0.99457067,0.10230520,0.05113184,0.00396156,-0.10239809,-0.99473566,1.88642740,0.99981070,-0.01854813,0.00589114,1.01441431
0,1598333655096530000,1598333655096448200,-0.01905012,-0.99456155,0.10239445,0.05285716,0.00391540,-0.10248647,-0.99472672,1.88646972,0.99981093,-0.01854879,0.00584652,1.01438022
0,1598333655105522600,1598333655105457000,-0.01904339,-0.99459261,0.10209380,0.05467236,0.00393150,-0.10218604,-0.99475759,1.88635778,0.99981105,-0.01854220,0.00585625,1.01432681
0,1598333655114553900,1598333655114454500,-0.01904333,-0.99454975,0.10251023,0.05643737,0.00393331,-0.10260256,-0.99471468,1.88639760,0.99981099,-0.01853952,0.00586579,1.01436090
0,1598333655123580200,1598333655123477300,-0.01902565,-0.99456269,0.10238831,0.05824959,0.00389439,-0.10247979,-0.99472749,1.88642013,0.99981153,-0.01852667,0.00582299,1.01435924
0,1598333655132445600,1598333655132385100,-0.01902682,-0.99457389,0.10227922,0.05999196,0.00384622,-0.10236982,-0.99473900,1.88645077,0.99981171,-0.01853338,0.00577316,1.01441240
0,1598333655141447800,1598333655141400300,-0.01904893,-0.99455309,0.10247643,0.06178176,0.00393953,-0.10256889,-0.99471813,1.88650966,0.99981087,-0.01854467,0.00587193,1.01444316
0,1598333655150371000,1598333655150321700,-0.01904818,-0.99453712,0.10263193,0.06355953,0.00390821,-0.10272384,-0.99470228,1.88655293,0.99981105,-0.01854619,0.00584360,1.01447153
0,1598333655159397500,1598333655159330700,-0.01904908,-0.99457204,0.10229278,0.06532609,0.00387301,-0.10238399,-0.99473745,1.88659632,0.99981117,-0.01855269,0.00580234,1.01444650
0,1598333655168324500,1598333655168247500,-0.01893258,-0.99454445,0.10258193,0.06712639,0.00391818,-0.10267336,-0.99470747,1.88663924,0.99981320,-0.01843050,0.00584071,1.01450968
0,1598333655177416500,1598333655177308000,-0.01881051,-0.99455237,0.10252748,0.06897748,0.00385585,-0.10261703,-0.99471349,1.88670778,0.99981570,-0.01831582,0.00576516,1.01463771
0,1598333655186274600,1598333655186184000,-0.01878908,-0.99457777,0.10228530,0.07073796,0.00380073,-0.10237369,-0.99473876,1.88673401,0.99981636,-0.01830152,0.00570366,1.01466036
0,1598333655195305600,1598333655195257100,-0.01874682,-0.99454451,0.10261579,0.07250369,0.00375157,-0.10270308,-0.99470502,1.88677895,0.99981725,-0.01826262,0.00565650,1.01465917
0,1598333655204342900,1598333655204274500,-0.01847929,-0.99457514,0.10236702,0.07449806,0.00374132,-0.10245258,-0.99473089,1.88680863,0.99982232,-0.01799896,0.00561431,1.01473165
0,1598333655213198100,1598333655213149200,-0.01852101,-0.99458432,0.10227062,0.07630062,0.00375415,-0.10235664,-0.99474072,1.88692164,0.99982148,-0.01803970,0.00562960,1.01483631
0,1598333655222246500,1598333655222159200,-0.01856473,-0.99454743,0.10262075,0.07803106,0.00368277,-0.10270578,-0.99470502,1.88697159,0.99982095,-0.01808855,0.00556944,1.01486158
0,1598333655231172000,1598333655231122800,-0.01842001,-0.99456853,0.10244223,0.07987177,0.00367730,-0.10252631,-0.99472356,1.88701224,0.99982363,-0.01794615,0.00554589,1.01492858
0,1598333655240152100,1598333655240087000,-0.01833144,-0.99458414,0.10230587,0.08165693,0.00371755,-0.10239018,-0.99473739,1.88705015,0.99982512,-0.01785469,0.00557441,1.01497054
0,1598333655249139200,1598333655249062600,-0.01838002,-0.99454695,0.10265829,0.08343124,0.00363125,-0.10274136,-0.99470150,1.88709712,0.99982458,-0.01790982,0.00549987,1.01499176
0,1598333655258205500,1598333655258092300,-0.01837745,-0.99457812,0.10235636,0.08522618,0.00366763,-0.10244003,-0.99473244,1.88713384,0.99982452,-0.01790527,0.00553036,1.01499915
0,1598333655267178000,1598333655267094700,-0.01826105,-0.99456316,0.10252259,0.08700943,0.00365258,-0.10260538,-0.99471545,1.88718057,0.99982667,-0.01779008,0.00550643,1.01506972
0,1598333655276047100,1598333655275949400,-0.01824158,-0.99455523,0.10260242,0.08879030,0.00367417,-0.10268550,-0.99470711,1.88715076,0.99982703,-0.01776809,0.00552734,1.01507497
0,1598333655285092500,1598333655285028800,-0.01828742,-0.99457371,0.10241581,0.09056318,0.00369831,-0.10249954,-0.99472624,1.88720977,0.99982601,-0.01781222,0.00555272,1.01508665
0,1598333655294039800,1598333655293956200,-0.01827586,-0.99453461,0.10279661,0.09231758,0.00366506,-0.10287974,-0.99468708,1.88727903,0.99982637,-0.01780206,0.00552528,1.01509523
0,1598333655303201300,1598333655303044700,-0.01827073,-0.99455857,0.10256482,0.09419453,0.00369764,-0.10264847,-0.99471086,1.88732982,0.99982631,-0.01779488,0.00555301,1.01516151
0,1598333655311981800,1598333655311912900,-0.01818907,-0.99455488,0.10261574,0.09595311,0.00371308,-0.10269921,-0.99470556,1.88731039,0.99982774,-0.01771176,0.00556090,1.01516223
0,1598333655321036200,1598333655320984300,-0.01830229,-0.99453592,0.10277855,0.09773648,0.00360338,-0.10286072,-0.99468929,1.88733160,0.99982607,-0.01783478,0.00546631,1.01515937
0,1598333655329903400,1598333655329850200,-0.01830792,-0.99456859,0.10246130,0.09949756,0.00366942,-0.10254464,-0.99472165,1.88735700,0.99982572,-0.01783535,0.00552690,1.01521683
0,1598333655338990300,1598333655338918600,-0.01825786,-0.99452960,0.10284801,0.10126030,0.00359339,-0.10292977,-0.99468219,1.88725448,0.99982691,-0.01779121,0.00545305,1.01518583
0,1598333655347957200,1598333655347868900,-0.01827618,-0.99454725,0.10267387,0.10305572,0.00363684,-0.10275649,-0.99469995,1.88727427,0.99982643,-0.01780593,0.00549503,1.01521564
0,1598333655356884000,1598333655356818500,-0.01834041,-0.99454629,0.10267234,0.10479510,0.00355025,-0.10275376,-0.99470055,1.88731933,0.99982560,-0.01787871,0.00541547,1.01523876
0,1598333655365858900,1598333655365783100,-0.01837757,-0.99451184,0.10299823,0.10661674,0.00349991,-0.10307900,-0.99466705,1.88734627,0.99982512,-0.01791915,0.00537508,1.01531076
0,1598333655374786200,1598333655374731000,-0.01842219,-0.99454820,0.10263814,0.10845494,0.00357538,-0.10272045,-0.99470389,1.88746881,0.99982405,-0.01795772,0.00544826,1.01543784
0,1598333655383829200,1598333655383781100,-0.01842266,-0.99452341,0.10287887,0.11026180,0.00346212,-0.10295918,-0.99467957,1.88748240,0.99982440,-0.01796854,0.00533998,1.01550436
0,1598333655392897300,1598333655392780900,-0.01854524,-0.99453396,0.10275478,0.11204767,0.00344122,-0.10283535,-0.99469250,1.88750887,0.99982214,-0.01809323,0.00532955,1.01552105
0,1598333655401825400,1598333655401735100,-0.01859316,-0.99452442,0.10283823,0.11385572,0.00343933,-0.10291903,-0.99468380,1.88752425,0.99982131,-0.01814064,0.00533412,1.01560879
0,1598333655411002400,1598333655410958900,-0.01868692,-0.99453294,0.10273860,0.11569822,0.00339327,-0.10281905,-0.99469435,1.88755345,0.99981976,-0.01823917,0.00529613,1.01568913
0,1598333655419629200,1598333655419565900,-0.01874742,-0.99452102,0.10284321,0.11739802,0.00342569,-0.10292459,-0.99468333,1.88759458,0.99981844,-0.01829547,0.00533653,1.01572180
0,1598333655428675200,1598333655428633800,-0.01885152,-0.99451584,0.10287414,0.11918437,0.00338466,-0.10295533,-0.99468029,1.88762403,0.99981666,-0.01840308,0.00530700,1.01575565
0,1598333655437618800,1598333655437557500,-0.01883587,-0.99452573,0.10278127,0.12111413,0.00342015,-0.10286301,-0.99468970,1.88768840,0.99981683,-0.01838440,0.00533898,1.01580358
0,1598333655446768500,1598333655446691200,-0.01885062,-0.99450994,0.10293130,0.12291753,0.00342363,-0.10301321,-0.99467415,1.88767588,0.99981654,-0.01839787,0.00534673,1.01582670
0,1598333655455594300,1598333655455537800,-0.01887152,-0.99452978,0.10273530,0.12460744,0.00348823,-0.10281847,-0.99469405,1.88776827,0.99981594,-0.01841301,0.00540952,1.01575470
0,1598333655464613900,1598333655464529600,-0.01882452,-0.99449885,0.10304308,0.12650502,0.00349254,-0.10312613,-0.99466217,1.88781691,0.99981678,-0.01836416,0.00541465,1.01583242
0,1598333655473602200,1598333655473506100,-0.01891723,-0.99452502,0.10277358,0.12828505,0.00355543,-0.10285826,-0.99468970,1.88783741,0.99981487,-0.01845139,0.00548179,1.01585150
0,1598333655482533900,1598333655482454900,-0.01891330,-0.99450386,0.10297875,0.13004088,0.00354874,-0.10306331,-0.99466848,1.88788068,0.99981487,-0.01844707,0.00547854,1.01589179
0,1598333655491534200,1598333655491466700,-0.01896363,-0.99449635,0.10304166,0.13179421,0.00352687,-0.10312611,-0.99466205,1.88792980,0.99981403,-0.01849908,0.00546314,1.01588702
0,1598333655500509500,1598333655500457700,-0.01893780,-0.99449515,0.10305803,0.13355792,0.00355959,-0.10314294,-0.99466020,1.88794720,0.99981439,-0.01846987,0.00549332,1.01596332
0,1598333655509515700,1598333655509396100,-0.01897112,-0.99451119,0.10289683,0.13535094,0.00353306,-0.10298140,-0.99467707,1.88799536,0.99981385,-0.01850662,0.00546738,1.01605058
0,1598333655518456700,1598333655518395100,-0.01898006,-0.99448198,0.10317741,0.13713706,0.00349335,-0.10326135,-0.99464816,1.88802028,0.99981385,-0.01851806,0.00543401,1.01613498
0,1598333655527330200,1598333655527258400,-0.01902825,-0.99449593,0.10303375,0.13888955,0.00350974,-0.10311823,-0.99466294,1.88807106,0.99981290,-0.01856512,0.00545261,1.01615095
0,1598333655536423100,1598333655536331800,-0.01898399,-0.99448472,0.10315007,0.14074636,0.00351204,-0.10323437,-0.99465090,1.88810217,0.99981374,-0.01852021,0.00545250,1.01622462
0,1598333655545368100,1598333655545255900,-0.01904273,-0.99449492,0.10304090,0.14251041,0.00350310,-0.10312533,-0.99466223,1.88808858,0.99981266,-0.01858014,0.00544763,1.01624560
0,1598333655554391200,1598333655554277200,-0.01882064,-0.99448401,0.10318729,0.14425576,0.00354787,-0.10327137,-0.99464691,1.88813925,0.99981666,-0.01835385,0.00547197,1.01620793
0,1598333655563229300,1598333655563168400,-0.01883447,-0.99448937,0.10313237,0.14618289,0.00348685,-0.10321540,-0.99465293,1.88818812,0.99981666,-0.01837423,0.00541168,1.01628637
0,1598333655572269900,1598333655572193200,-0.01889881,-0.99448955,0.10311890,0.14799917,0.00353446,-0.10320313,-0.99465406,1.88822150,0.99981523,-0.01843339,0.00546543,1.01630807
0,1598333655581239400,1598333655581167200,-0.01883423,-0.99448872,0.10313903,0.14980245,0.00346429,-0.10322163,-0.99465239,1.88826537,0.99981672,-0.01837626,0.00538934,1.01637506
0,1598333655590232100,1598333655590159200,-0.01880991,-0.99448770,0.10315321,0.15156555,0.00352318,-0.10323676,-0.99465060,1.88832283,0.99981695,-0.01834589,0.00544566,1.01635790
0,1598333655599215400,1598333655599127100,-0.01874357,-0.99447489,0.10328899,0.15339816,0.00351231,-0.10337200,-0.99463660,1.88836384,0.99981821,-0.01828030,0.00543049,1.01643872
0,1598333655608246000,1598333655608171500,-0.01873419,-0.99450004,0.10304793,0.15517998,0.00352433,-0.10313107,-0.99466157,1.88834739,0.99981838,-0.01827100,0.00543705,1.01644850
0,1598333655617245700,1598333655617101300,-0.01862061,-0.99447137,0.10334447,0.15695047,0.00353237,-0.10342719,-0.99463081,1.88837600,0.99982047,-0.01815563,0.00543875,1.01652384
0,1598333655626242300,1598333655626133300,-0.01865456,-0.99448341,0.10322359,0.15873194,0.00351944,-0.10330624,-0.99464339,1.88841319,0.99981987,-0.01819137,0.00542719,1.01653075
0,1598333655635131200,1598333655635067000,-0.01860279,-0.99448282,0.10323749,0.16048658,0.00350922,-0.10331968,-0.99464202,1.88845003,0.99982089,-0.01814085,0.00541193,1.01661229
0,1598333655644287600,1598333655644158500,-0.01859173,-0.99448091,0.10325827,0.16231573,0.00353782,-0.10334092,-0.99463975,1.88854706,0.99982101,-0.01812679,0.00543962,1.01670647
0,1598333655653010400,1598333655652960800,-0.01853701,-0.99447674,0.10330834,0.16407120,0.00358084,-0.10339148,-0.99463433,1.88859284,0.99982184,-0.01806766,0.00547766,1.01675272
0,1598333655662089000,1598333655662031000,-0.01856485,-0.99448681,0.10320614,0.16598117,0.00358950,-0.10328957,-0.99464488,1.88861108,0.99982131,-0.01809499,0.00548730,1.01680923
0,1598333655671057300,1598333655670981500,-0.01855293,-0.99448055,0.10326873,0.16773736,0.00361351,-0.10335253,-0.99463826,1.88858557,0.99982142,-0.01808032,0.00551109,1.01681066
0,1598333655680056300,1598333655679985900,-0.01848760,-0.99448001,0.10328606,0.16953325,0.00359064,-0.10336910,-0.99463660,1.88862133,0.99982274,-0.01801759,0.00548190,1.01686382
0,1598333655689081300,1598333655689010800,-0.01853213,-0.99447721,0.10330437,0.17127645,0.00357375,-0.10338736,-0.99463481,1.88870573,0.99982202,-0.01806355,0.00547004,1.01683187
0,1598333655697990300,1598333655697948100,-0.01844689,-0.99447131,0.10337674,0.17318654,0.00365318,-0.10346069,-0.99462688,1.88876903,0.99982327,-0.01797017,0.00554155,1.01688051
0,1598333655706990700,1598333655706910800,-0.01847571,-0.99447358,0.10334985,0.17495966,0.00360947,-0.10343318,-0.99462992,1.88869941,0.99982291,-0.01800349,0.00550056,1.01684999
0,1598333655715913000,1598333655715809200,-0.01846117,-0.99447548,0.10333395,0.17674279,0.00362423,-0.10341746,-0.99463147,1.88873339,0.99982309,-0.01798755,0.00551344,1.01689553
0,1598333655724911300,1598333655724831100,-0.01850212,-0.99446201,0.10345632,0.17850935,0.00363481,-0.10354026,-0.99461865,1.88878250,0.99982226,-0.01802653,0.00553043,1.01687932
0,1598333655733851300,1598333655733794300,-0.01852009,-0.99446118,0.10346112,0.18041015,0.00362374,-0.10354497,-0.99461824,1.88882446,0.99982202,-0.01804557,0.00552136,1.01693320
0,1598333655742854300,1598333655742739800,-0.01859426,-0.99447501,0.10331474,0.18218529,0.00363595,-0.10339919,-0.99463332,1.88885355,0.99982053,-0.01811883,0.00553852,1.01698208
0,1598333655751857600,1598333655751793300,-0.01862529,-0.99444735,0.10357485,0.18396676,0.00367280,-0.10366017,-0.99460602,1.88889647,0.99981993,-0.01814446,0.00558314,1.01707315
0,1598333655760891100,1598333655760849200,-0.01871812,-0.99444103,0.10361914,0.18575251,0.00360356,-0.10370374,-0.99460173,1.88892484,0.99981838,-0.01824367,0.00552469,1.01707363
0,1598333655769803600,1598333655769732900,-0.01873669,-0.99445820,0.10345072,0.18756640,0.00357943,-0.10353494,-0.99461943,1.88896918,0.99981815,-0.01826563,0.00549953,1.01712823
0,1598333655778715100,1598333655778655600,-0.01875085,-0.99443728,0.10364924,0.18935072,0.00367699,-0.10373536,-0.99459815,1.88900745,0.99981749,-0.01826844,0.00560169,1.01716137
0,1598333655787800300,1598333655787715400,-0.01882097,-0.99444282,0.10358339,0.19111609,0.00360270,-0.10366853,-0.99460542,1.88906002,0.99981654,-0.01834628,0.00553386,1.01715946
0,1598333655796712000,1598333655796600200,-0.01881918,-0.99443036,0.10370315,0.19289279,0.00366549,-0.10378945,-0.99459255,1.88910723,0.99981630,-0.01833737,0.00559834,1.01718950
0,1598333655805686400,1598333655805578800,-0.01870465,-0.99442261,0.10379830,0.19455922,0.00362499,-0.10388325,-0.99458295,1.88915980,0.99981856,-0.01822710,0.00554790,1.01730180
0,1598333655814683000,1598333655814614500,-0.01867312,-0.99444664,0.10357341,0.19635797,0.00362425,-0.10365813,-0.99460644,1.88918865,0.99981922,-0.01819706,0.00553977,1.01735449
0,1598333655823442800,1598333655823335600,-0.01868147,-0.99441242,0.10389996,0.19807291,0.00357932,-0.10398395,-0.99457258,1.88921404,0.99981916,-0.01820824,0.00550192,1.01739049
0,1598333655832429200,1598333655832356600,-0.01866791,-0.99442661,0.10376578,0.19980407,0.00359059,-0.10384989,-0.99458653,1.88924325,0.99981940,-0.01819429,0.00550926,1.01747489
0,1598333655841303600,1598333655841237400,-0.01863596,-0.99442691,0.10376907,0.20158064,0.00364994,-0.10385408,-0.99458587,1.88927197,0.99981976,-0.01815635,0.00556505,1.01752090
0,1598333655850319000,1598333655850245300,-0.01854873,-0.99441445,0.10390407,0.20337999,0.00350009,-0.10398591,-0.99457264,1.88930047,0.99982196,-0.01808441,0.00540937,1.01757240
0,1598333655859369500,1598333655859318500,-0.01855218,-0.99442405,0.10381153,0.20516789,0.00358694,-0.10389495,-0.99458182,1.88932621,0.99982154,-0.01807931,0.00549445,1.01757264
0,1598333655868303500,1598333655868228400,-0.01853028,-0.99442339,0.10382181,0.20711899,0.00345885,-0.10390279,-0.99458146,1.88935840,0.99982238,-0.01807082,0.00536495,1.01764417
0,1598333655877296300,1598333655877205400,-0.01851892,-0.99443185,0.10374245,0.20892382,0.00348675,-0.10382387,-0.99458963,1.88940096,0.99982256,-0.01805705,0.00539008,1.01774883
0,1598333655886289900,1598333655886209800,-0.01836142,-0.99441761,0.10390729,0.21071565,0.00347155,-0.10398760,-0.99457258,1.88941836,0.99982548,-0.01790103,0.00536156,1.01776695
0,1598333655895286000,1598333655895211800,-0.01828361,-0.99442071,0.10389118,0.21251810,0.00336665,-0.10396921,-0.99457484,1.88939881,0.99982727,-0.01783472,0.00524883,1.01783442
0,1598333655904229300,1598333655904143900,-0.01809159,-0.99443996,0.10374060,0.21442795,0.00345475,-0.10381916,-0.99459022,1.88941991,0.99983048,-0.01763535,0.00531383,1.01790667
0,1598333655913190500,1598333655913122900,-0.01795638,-0.99442470,0.10390984,0.21620882,0.00342440,-0.10398717,-0.99457276,1.88938749,0.99983299,-0.01750311,0.00527257,1.01789641
0,1598333655921702200,1598333655921647000,-0.01756638,-0.99445087,0.10372655,0.21788061,0.00355574,-0.10380404,-0.99459147,1.88942027,0.99983948,-0.01710263,0.00535950,1.01791596
0,1598333655930768400,1598333655930677900,-0.01756278,-0.99442893,0.10393713,0.21964347,0.00357225,-0.10401492,-0.99456936,1.88953650,0.99983948,-0.01709616,0.00537918,1.01781750
0,1598333655939662600,1598333655939578900,-0.01758417,-0.99441934,0.10402560,0.22141397,0.00357248,-0.10410353,-0.99456006,1.88953543,0.99983907,-0.01711690,0.00538315,1.01784587
0,1598333655948772800,1598333655948668400,-0.01745731,-0.99443978,0.10385059,0.22320974,0.00358283,-0.10392798,-0.99457842,1.88954902,0.99984127,-0.01699060,0.00537724,1.01785493
0,1598333655957619300,1598333655957558200,-0.01745677,-0.99440563,0.10417733,0.22492898,0.00348018,-0.10425301,-0.99454474,1.88960087,0.99984169,-0.01699904,0.00528066,1.01782584
0,1598333655966568600,1598333655966526400,-0.01737225,-0.99441808,0.10407273,0.22669017,0.00354695,-0.10414909,-0.99455541,1.88962269,0.99984288,-0.01690856,0.00533649,1.01789904
0,1598333655975607800,1598333655975552900,-0.01727831,-0.99442875,0.10398588,0.22848773,0.00353686,-0.10406155,-0.99456459,1.88959086,0.99984455,-0.01681665,0.00531520,1.01791906
0,1598333655984586400,1598333655984533300,-0.01728740,-0.99441624,0.10410399,0.23025692,0.00338311,-0.10417715,-0.99455303,1.88960528,0.99984497,-0.01684108,0.00516520,1.01795769
0,1598333655993662800,1598333655993585500,-0.01727095,-0.99441487,0.10412030,0.23201227,0.00348907,-0.10419515,-0.99455076,1.88964081,0.99984485,-0.01681361,0.00526917,1.01792860
0,1598333656002501400,1598333656002458300,-0.01720256,-0.99441731,0.10410833,0.23388314,0.00348342,-0.10418273,-0.99455214,1.88966513,0.99984598,-0.01674619,0.00525621,1.01797700
0,1598333656011530200,1598333656011430200,-0.01720712,-0.99442273,0.10405590,0.23568070,0.00348431,-0.10413033,-0.99455762,1.88973713,0.99984598,-0.01675090,0.00525669,1.01807022
0,1598333656020535100,1598333656020473100,-0.01722765,-0.99440801,0.10419303,0.23747170,0.00352527,-0.10426827,-0.99454302,1.88975096,0.99984545,-0.01676634,0.00530189,1.01809812
0,1598333656029470500,1598333656029394800,-0.01727477,-0.99441022,0.10416381,0.23923135,0.00343688,-0.10423780,-0.99454647,1.88976204,0.99984503,-0.01682258,0.00521839,1.01807642
0,1598333656038480800,1598333656038399100,-0.01718730,-0.99441147,0.10416666,0.24107814,0.00348248,-0.10424097,-0.99454600,1.88979077,0.99984634,-0.01673087,0.00525467,1.01812291
0,1598333656047438300,1598333656047349900,-0.01718819,-0.99439907,0.10428475,0.24283683,0.00345912,-0.10435869,-0.99453372,1.88982630,0.99984634,-0.01673356,0.00523351,1.01815605
0,1598333656056457700,1598333656056415100,-0.01718500,-0.99440110,0.10426538,0.24460781,0.00344269,-0.10433902,-0.99453586,1.88985860,0.99984652,-0.01673219,0.00521652,1.01813149
0,1598333656065349600,1598333656065293200,-0.01718229,-0.99440861,0.10419466,0.24635875,0.00342332,-0.10426795,-0.99454337,1.88989544,0.99984658,-0.01673186,0.00519578,1.01819468
0,1598333656074363600,1598333656074287700,-0.01720443,-0.99439228,0.10434687,0.24812818,0.00342671,-0.10442035,-0.99452740,1.88993907,0.99984616,-0.01675275,0.00520402,1.01825070
0,1598333656083293100,1598333656083238600,-0.01720905,-0.99439561,0.10431372,0.24987841,0.00344851,-0.10438758,-0.99453074,1.88998485,0.99984610,-0.01675522,0.00522562,1.01826668
0,1598333656092283700,1598333656092214200,-0.01725173,-0.99438739,0.10438521,0.25160706,0.00343334,-0.10445905,-0.99452329,1.89001584,0.99984539,-0.01679888,0.00521620,1.01826477
0,1598333656101291600,1598333656101188700,-0.01731247,-0.99437559,0.10448702,0.25344622,0.00346560,-0.10456175,-0.99451238,1.89004266,0.99984425,-0.01685539,0.00525636,1.01832056
0,1598333656110267900,1598333656110169700,-0.01733276,-0.99439037,0.10434377,0.25526547,0.00345077,-0.10441834,-0.99452752,1.89011991,0.99984390,-0.01687786,0.00524130,1.01841569
0,1598333656118764200,1598333656118677800,-0.01737276,-0.99438369,0.10440043,0.25692928,0.00343152,-0.10447487,-0.99452162,1.89015424,0.99984330,-0.01691934,0.00522730,1.01844430
0,1598333656127782000,1598333656127715200,-0.01741627,-0.99435711,0.10464591,0.25868261,0.00343631,-0.10472070,-0.99449575,1.89021790,0.99984252,-0.01696089,0.00524080,1.01840019
0,1598333656136654000,1598333656136589600,-0.01746505,-0.99437392,0.10447775,0.26048279,0.00344265,-0.10455289,-0.99451339,1.89022040,0.99984163,-0.01700956,0.00524933,1.01847148
0,1598333656145728100,1598333656145641700,-0.01751909,-0.99437761,0.10443401,0.26231217,0.00337371,-0.10450824,-0.99451834,1.89030695,0.99984092,-0.01707071,0.00518566,1.01849270
0,1598333656154592200,1598333656154544800,-0.01757583,-0.99435633,0.10462670,0.26407802,0.00334387,-0.10470074,-0.99449819,1.89034593,0.99984002,-0.01712930,0.00516523,1.01852131
0,1598333656163682900,1598333656163636500,-0.01755616,-0.99437535,0.10444976,0.26595771,0.00337081,-0.10452414,-0.99451667,1.89038706,0.99984032,-0.01710784,0.00518692,1.01856446
0,1598333656172664200,1598333656172579400,-0.01754621,-0.99436176,0.10458060,0.26777101,0.00330127,-0.10465376,-0.99450326,1.89046872,0.99984074,-0.01710454,0.00511897,1.01863217
0,1598333656181567500,1598333656181496300,-0.01757815,-0.99436033,0.10458898,0.26955450,0.00328683,-0.10466205,-0.99450243,1.89050519,0.99984020,-0.01713777,0.00510810,1.01865077
0,1598333656190489800,1598333656190447800,-0.01761529,-0.99436146,0.10457173,0.27133381,0.00327877,-0.10464486,-0.99450427,1.89052713,0.99983954,-0.01717564,0.00510366,1.01866031
0,1598333656199520600,1598333656199476700,-0.01755804,-0.99434906,0.10469945,0.27316213,0.00328954,-0.10477249,-0.99449080,1.89056087,0.99984050,-0.01711690,0.00511058,1.01872492
0,1598333656208577800,1598333656208500900,-0.01753181,-0.99435258,0.10467038,0.27498519,0.00326477,-0.10474285,-0.99449402,1.89059067,0.99984103,-0.01709357,0.00508269,1.01878214
0,1598333656217527400,1598333656217425300,-0.01761523,-0.99436110,0.10457487,0.27673912,0.00324033,-0.10464733,-0.99450415,1.89062095,0.99983966,-0.01717961,0.00506549,1.01885843
0,1598333656226105900,1598333656226025200,-0.01768306,-0.99433237,0.10483634,0.27841783,0.00323390,-0.10490908,-0.99447662,1.89067101,0.99983847,-0.01724640,0.00507072,1.01886272
0,1598333656235171500,1598333656235082500,-0.01768076,-0.99433911,0.10477285,0.28028035,0.00326562,-0.10484611,-0.99448311,1.89072096,0.99983841,-0.01724109,0.00510093,1.01891613
0,1598333656244182500,1598333656244052400,-0.01763442,-0.99434221,0.10475133,0.28207529,0.00325086,-0.10482410,-0.99448550,1.89077413,0.99983931,-0.01719669,0.00508101,1.01899385
0,1598333656253118200,1598333656253068800,-0.01770088,-0.99434119,0.10474993,0.28387535,0.00316604,-0.10482157,-0.99448603,1.89081085,0.99983841,-0.01727164,0.00500359,1.01905394
0,1598333656262074200,1598333656261963100,-0.01771516,-0.99433219,0.10483295,0.28562784,0.00320851,-0.10490541,-0.99447709,1.89083672,0.99983799,-0.01728100,0.00504877,1.01908088
0,1598333656271081900,1598333656270985400,-0.01769653,-0.99433321,0.10482629,0.28755558,0.00317004,-0.10489798,-0.99447799,1.89086056,0.99983853,-0.01726657,0.00500844,1.01911902
0,1598333656280015300,1598333656279934700,-0.01773828,-0.99433899,0.10476462,0.28933406,0.00314991,-0.10483617,-0.99448454,1.89088190,0.99983776,-0.01731047,0.00499173,1.01919079
0,1598333656289027700,1598333656288978300,-0.01775420,-0.99432504,0.10489403,0.29110122,0.00314411,-0.10496558,-0.99447089,1.89093900,0.99983752,-0.01732624,0.00498987,1.01918817
0,1598333656298010500,1598333656297895200,-0.01777464,-0.99431705,0.10496587,0.29291344,0.00317497,-0.10503806,-0.99446315,1.89099419,0.99983704,-0.01734298,0.00502397,1.01926112
0,1598333656307014700,1598333656306934900,-0.01769617,-0.99432337,0.10491918,0.29469585,0.00318971,-0.10499124,-0.99446809,1.89096677,0.99983835,-0.01726368,0.00502958,1.01925468
0,1598333656315936000,1598333656315825300,-0.01779926,-0.99432051,0.10492890,0.29646719,0.00314559,-0.10500070,-0.99446720,1.89099705,0.99983674,-0.01737076,0.00499669,1.01931977
0,1598333656324533500,1598333656324454600,-0.01776341,-0.99430448,0.10508708,0.29816687,0.00312290,-0.10515834,-0.99445063,1.89102829,0.99983740,-0.01733667,0.00497311,1.01932836
0,1598333656333461600,1598333656333407300,-0.01772612,-0.99431276,0.10501482,0.29997420,0.00312044,-0.10508584,-0.99445832,1.89106607,0.99983811,-0.01730022,0.00496549,1.01941419
0,1598333656342530100,1598333656342450900,-0.01769888,-0.99430478,0.10509498,0.30175364,0.00308229,-0.10516521,-0.99445003,1.89104605,0.99983871,-0.01727673,0.00492608,1.01946259
0,1598333656351368200,1598333656351305400,-0.01775691,-0.99431109,0.10502570,0.30353105,0.00309456,-0.10509643,-0.99445724,1.89106488,0.99983764,-0.01733348,0.00494317,1.01954436
0,1598333656360388800,1598333656360306600,-0.01776177,-0.99428898,0.10523362,0.30529058,0.00300723,-0.10530289,-0.99443567,1.89110708,0.99983788,-0.01734653,0.00486046,1.01957059
0,1598333656369364500,1598333656369292700,-0.01773119,-0.99429303,0.10520120,0.30707932,0.00310576,-0.10527201,-0.99443865,1.89114499,0.99983805,-0.01730588,0.00495466,1.01966286
0,1598333656378366200,1598333656378294500,-0.01770034,-0.99429828,0.10515654,0.30887282,0.00307097,-0.10522660,-0.99444354,1.89114738,0.99983871,-0.01727909,0.00491603,1.01971769
0,1598333656387264300,1598333656387197400,-0.01779714,-0.99429899,0.10513289,0.31065571,0.00302754,-0.10520267,-0.99444622,1.89117312,0.99983710,-0.01738003,0.00488262,1.01981544
0,1598333656396321100,1598333656396246200,-0.01775694,-0.99428290,0.10529216,0.31247783,0.00304039,-0.10536199,-0.99442935,1.89123154,0.99983776,-0.01733792,0.00489394,1.01983118
0,1598333656405241100,1598333656405187900,-0.01775607,-0.99427360,0.10537957,0.31428337,0.00297482,-0.10544828,-0.99442035,1.89127707,0.99983799,-0.01734355,0.00483017,1.01991630
0,1598333656414302400,1598333656414216100,-0.01785320,-0.99429250,0.10518544,0.31609094,0.00291984,-0.10525362,-0.99444115,1.89132392,0.99983644,-0.01744688,0.00478232,1.02000952
0,1598333656423165000,1598333656423110800,-0.01783386,-0.99426603,0.10543854,0.31784081,0.00293691,-0.10550696,-0.99441427,1.89136493,0.99983674,-0.01742464,0.00480170,1.02005100
0,1598333656432353300,1598333656432228400,-0.01782909,-0.99426866,0.10541452,0.31973934,0.00295378,-0.10548321,-0.99441671,1.89140499,0.99983680,-0.01741821,0.00481756,1.02011323
0,1598333656441265200,1598333656441194700,-0.01780099,-0.99428242,0.10528950,0.32151985,0.00295506,-0.10535805,-0.99443001,1.89138818,0.99983728,-0.01739076,0.00481367,1.02010751
0,1598333656450363000,1598333656450193700,-0.01788616,-0.99426872,0.10540417,0.32333755,0.00297705,-0.10547355,-0.99441767,1.89143932,0.99983567,-0.01747257,0.00484654,1.02019501
0,1598333656459101700,1598333656459015500,-0.01788068,-0.99425936,0.10549312,0.32507181,0.00291302,-0.10556135,-0.99440855,1.89150786,0.99983597,-0.01747346,0.00478384,1.02019691
0,1598333656468137800,1598333656468050100,-0.01777819,-0.99425656,0.10553670,0.32683372,0.00291582,-0.10560450,-0.99440396,1.89153171,0.99983782,-0.01737097,0.00477656,1.02029896
0,1598333656477054600,1598333656476971800,-0.01784381,-0.99427176,0.10538276,0.32863307,0.00287152,-0.10545007,-0.99442047,1.89157104,0.99983680,-0.01744163,0.00473674,1.02037334
