1,1595941293581809700,1595941293581728200,-0.07955060,-0.23240717,-0.96935982,-0.08072269,0.02744416,0.97156250,-0.23518747,0.22513461,0.99645293,-0.04531256,-0.07091016,-0.88574398
2,1595941293581886000,1595941293581797900,0.20898370,-0.22981116,-0.95053279,-0.05988455,-0.05835917,0.96733218,-0.24670359,0.21869040,0.97617614,0.10702935,0.18874508,-0.70202112
1,1595941293591153900,1595941293591047700,-0.07953616,-0.23241253,-0.96935976,-0.08073866,0.02744584,0.97156125,-0.23519230,0.22513914,0.99645400,-0.04531118,-0.07089549,-0.88574600
2,1595941293591287400,1595941293591146900,0.20895618,-0.22967751,-0.95057112,-0.05986428,-0.05836433,0.96736705,-0.24656551,0.21867561,0.97618175,0.10700085,0.18873236,-0.70202732
1,1595941293600397100,1595941293600319800,-0.07986896,-0.23204917,-0.96941942,-0.08044273,0.02735947,0.97164965,-0.23483710,0.22511673,0.99642980,-0.04527899,-0.07125590,-0.88563663
2,1595941293600494500,1595941293600433600,0.20894489,-0.22949861,-0.95061684,-0.05998230,-0.05844817,0.96740460,-0.24639839,0.21886706,0.97617912,0.10704552,0.18872046,-0.70217335
1,1595941293609058600,1595941293608982100,-0.07972619,-0.23195533,-0.96945363,-0.08041757,0.02755831,0.97166485,-0.23475073,0.22504473,0.99643570,-0.04543228,-0.07107484,-0.88578570
2,1595941293609142000,1595941293609082500,0.20890330,-0.22941034,-0.95064729,-0.05994534,-0.05844087,0.96742946,-0.24630250,0.21881700,0.97618848,0.10701007,0.18869226,-0.70217049
1,1595941293618419900,1595941293618337100,-0.07963007,-0.23216720,-0.96941084,-0.08044869,0.02748899,0.97161776,-0.23495376,0.22493982,0.99644536,-0.04535750,-0.07098795,-0.88574600
2,1595941293618529800,1595941293618461500,0.20896862,-0.22962846,-0.95058024,-0.06018925,-0.05851006,0.96736348,-0.24654515,0.21881652,0.97617036,0.10713872,0.18871303,-0.70198369
1,1595941293627010800,1595941293626918000,-0.07982475,-0.23209606,-0.96941185,-0.08051372,0.02742719,0.97163570,-0.23488693,0.22491097,0.99643147,-0.04533802,-0.07119483,-0.88574946
2,1595941293627184100,1595941293627092900,0.20882224,-0.22945443,-0.95065445,-0.06008208,-0.05852966,0.96741056,-0.24635549,0.21875429,0.97620046,0.10708600,0.18858695,-0.70193815
1,1595941293636427200,1595941293636360700,-0.07969813,-0.23198569,-0.96944869,-0.08040726,0.02763237,0.97165447,-0.23478515,0.22485042,0.99643594,-0.04550010,-0.07102872,-0.88578188
2,1595941293636547600,1595941293636464000,0.20892736,-0.22933623,-0.95065987,-0.06010383,-0.05836036,0.96745676,-0.24621421,0.21872330,0.97618812,0.10692175,0.18874405,-0.70216417
1,1595941293644923600,1595941293644871400,-0.07961740,-0.23208009,-0.96943271,-0.08045238,0.02758874,0.97163445,-0.23487298,0.22486711,0.99644357,-0.04544539,-0.07095620,-0.88578612
2,1595941293644987500,1595941293644943300,0.20897928,-0.22932534,-0.95065111,-0.06012082,-0.05841013,0.96745270,-0.24621853,0.21872592,0.97617406,0.10698224,0.18878263,-0.70218730
1,1595941293654230400,1595941293654141500,-0.07958355,-0.23220213,-0.96940625,-0.08040673,0.02745154,0.97161150,-0.23498398,0.22482991,0.99645007,-0.04531255,-0.07094999,-0.88578933
2,1595941293654338600,1595941293654264300,0.20899460,-0.22928891,-0.95065653,-0.06019908,-0.05857827,0.96744323,-0.24621569,0.21867847,0.97616071,0.10714558,0.18875906,-0.70203531
1,1595941293663055600,1595941293662943100,-0.07977036,-0.23209281,-0.96941710,-0.08042818,0.02740517,0.97163808,-0.23487963,0.22485113,0.99643642,-0.04530346,-0.07114737,-0.88579774
2,1595941293663110900,1595941293663056500,0.20871463,-0.22906518,-0.95077193,-0.06001925,-0.05869767,0.96749598,-0.24597982,0.21860266,0.97621340,0.10714771,0.18848498,-0.70193267
1,1595941293672196000,1595941293672124100,-0.07966524,-0.23201151,-0.96944523,-0.08045918,0.02758507,0.97165072,-0.23480618,0.22476268,0.99643987,-0.04544810,-0.07100672,-0.88587004
2,1595941293672304700,1595941293672245500,0.20885773,-0.22892468,-0.95077437,-0.05999196,-0.05860501,0.96753848,-0.24583492,0.21853685,0.97618836,0.10706468,0.18866175,-0.70220590
1,1595941293680882600,1595941293680839400,-0.07963246,-0.23221490,-0.96939921,-0.08057302,0.02756565,0.97160268,-0.23500714,0.22477508,0.99644303,-0.04543631,-0.07096995,-0.88584012
2,1595941293681041000,1595941293680901700,0.20884885,-0.22900468,-0.95075703,-0.05999905,-0.05860880,0.96751761,-0.24591607,0.21853328,0.97619003,0.10708204,0.18864325,-0.70219684
1,1595941293690372200,1595941293690297000,-0.07963966,-0.23232271,-0.96937275,-0.08063203,0.02747675,0.97158051,-0.23510920,0.22456217,0.99644488,-0.04535922,-0.07099286,-0.88579130
2,1595941293690469300,1595941293690409500,0.20870507,-0.22892012,-0.95080900,-0.05993009,-0.05858139,0.96754652,-0.24580868,0.21819353,0.97622246,0.10700125,0.18852141,-0.70197642
1,1595941293700196500,1595941293700080700,-0.07974250,-0.23203896,-0.96943229,-0.08052653,0.02748008,0.97164798,-0.23482972,0.22451615,0.99643660,-0.04536598,-0.07110519,-0.88582063
2,1595941293700363400,1595941293700213000,0.20879580,-0.22877441,-0.95082414,-0.05997765,-0.05856650,0.96758324,-0.24566765,0.21799922,0.97620392,0.10698084,0.18862881,-0.70213377
1,1595941293708808200,1595941293708753600,-0.07974728,-0.23205373,-0.96942836,-0.08053541,0.02749579,0.97164369,-0.23484586,0.22451711,0.99643576,-0.04538351,-0.07110544,-0.88582122
2,1595941293708900500,1595941293708824200,0.20878683,-0.22879238,-0.95082176,-0.05998164,-0.05856967,0.96757853,-0.24568555,0.21797919,0.97620565,0.10698524,0.18861736,-0.70212460
1,1595941293718110400,1595941293718006200,-0.07965364,-0.23228899,-0.96937972,-0.08052850,0.02756619,0.97158444,-0.23508240,0.22470808,0.99644130,-0.04544726,-0.07098690,-0.88595104
2,1595941293718346500,1595941293718108500,0.20889916,-0.22896841,-0.95075470,-0.05997020,-0.05846999,0.96754074,-0.24585795,0.21806431,0.97618759,0.10695015,0.18873067,-0.70220768
1,1595941293726709000,1595941293726652300,-0.07964976,-0.23225898,-0.96938723,-0.08052528,0.02759192,0.97159058,-0.23505399,0.22470856,0.99644089,-0.04546924,-0.07097849,-0.88595152
2,1595941293726788100,1595941293726745000,0.20870484,-0.22867735,-0.95086747,-0.05984008,-0.05850737,0.96761739,-0.24554731,0.21799517,0.97622693,0.10687968,0.18856713,-0.70216155
1,1595941293735987100,1595941293735916300,-0.07979776,-0.23193605,-0.96945238,-0.08041519,0.02760826,0.97166646,-0.23473826,0.22474980,0.99642861,-0.04549647,-0.07113346,-0.88585079
2,1595941293736076600,1595941293736016800,0.20881449,-0.22862679,-0.95085555,-0.05985576,-0.05849833,0.96762830,-0.24550633,0.21822977,0.97620404,0.10688876,0.18868053,-0.70222104
1,1595941293744683900,1595941293744622600,-0.07979776,-0.23193605,-0.96945238,-0.08041519,0.02760826,0.97166646,-0.23473826,0.22474980,0.99642861,-0.04549647,-0.07113346,-0.88585079
2,1595941293744784800,1595941293744724400,0.20879839,-0.22880100,-0.95081717,-0.05991632,-0.05854943,0.96757817,-0.24569169,0.21800995,0.97620440,0.10696985,0.18863261,-0.70217323
1,1595941293753848200,1595941293753782000,-0.07970730,-0.23224519,-0.96938580,-0.08044052,0.02749791,0.97159761,-0.23503609,0.22486806,0.99643892,-0.04539017,-0.07105716,-0.88587070
2,1595941293753976300,1595941293753865100,0.20880657,-0.22885978,-0.95080119,-0.05990356,-0.05841631,0.96757734,-0.24572670,0.21818829,0.97621059,0.10685167,0.18866737,-0.70221555
1,1595941293762629400,1595941293762570900,-0.07991828,-0.23200910,-0.96942496,-0.08037710,0.02748652,0.97165298,-0.23480828,0.22486496,0.99642235,-0.04541159,-0.07127571,-0.88585216
2,1595941293762726700,1595941293762662200,0.20863315,-0.22878465,-0.95085734,-0.05982506,-0.05843280,0.96759987,-0.24563412,0.21820307,0.97624671,0.10680869,0.18850489,-0.70219111
1,1595941293771818200,1595941293771756300,-0.07981902,-0.23199888,-0.96943557,-0.08031404,0.02751965,0.97165507,-0.23479587,0.22483706,0.99642938,-0.04541969,-0.07117202,-0.88584709
2,1595941293771860300,1595941293771821700,0.20867945,-0.22872153,-0.95086241,-0.05986315,-0.05844053,0.96761400,-0.24557653,0.21818352,0.97623634,0.10681569,0.18855456,-0.70221674
1,1595941293780725600,1595941293780621000,-0.07982549,-0.23215547,-0.96939754,-0.08046114,0.02750936,0.97161752,-0.23495238,0.22480822,0.99642915,-0.04542268,-0.07117339,-0.88580066
2,1595941293780799100,1595941293780715400,0.20875563,-0.22886363,-0.95081151,-0.05990684,-0.05837660,0.96758217,-0.24571726,0.21813703,0.97622389,0.10680002,0.18862793,-0.70219731
1,1595941293789850600,1595941293789729800,-0.07978793,-0.23224646,-0.96937883,-0.08044744,0.02751951,0.97159541,-0.23504259,0.22492909,0.99643189,-0.04543038,-0.07113028,-0.88579774
2,1595941293789887200,1595941293789823800,0.20867623,-0.22885434,-0.95083112,-0.05994195,-0.05832347,0.96759260,-0.24568872,0.21818018,0.97624403,0.10672519,0.18856600,-0.70217609
1,1595941293798710700,1595941293798564300,-0.07996613,-0.23216204,-0.96938437,-0.08049983,0.02747165,0.97161609,-0.23496269,0.22489357,0.99641889,-0.04541964,-0.07131850,-0.88582242
2,1595941293798868900,1595941293798688200,0.20865478,-0.22879916,-0.95084912,-0.05992633,-0.05834433,0.96760517,-0.24563421,0.21818161,0.97624737,0.10672943,0.18854631,-0.70217943
1,1595941293807842200,1595941293807777800,-0.07984608,-0.23205681,-0.96941948,-0.08046937,0.02760083,0.97163701,-0.23486097,0.22492647,0.99642497,-0.04550950,-0.07117644,-0.88583857
2,1595941293807925500,1595941293807856300,0.20875964,-0.22874591,-0.95083892,-0.05998224,-0.05833738,0.96761674,-0.24559034,0.21816468,0.97622538,0.10673882,0.18865488,-0.70222187
1,1595941293816519300,1595941293816451100,-0.07974394,-0.23216830,-0.96940118,-0.08041275,0.02755872,0.97161305,-0.23496504,0.22493863,0.99643427,-0.04545249,-0.07108199,-0.88585883
2,1595941293816573000,1595941293816532600,0.20875964,-0.22874591,-0.95083892,-0.05998224,-0.05833738,0.96761674,-0.24559034,0.21816468,0.97622538,0.10673882,0.18865488,-0.70222187
1,1595941293825881600,1595941293825770500,-0.07992806,-0.23212221,-0.96939707,-0.08049178,0.02740017,0.97162944,-0.23491593,0.22497869,0.99642390,-0.04533802,-0.07130027,-0.88583386
2,1595941293826002100,1595941293825895300,0.20857148,-0.22870700,-0.95088959,-0.05995196,-0.05837370,0.96762812,-0.24553682,0.21810603,0.97626340,0.10671894,0.18846914,-0.70214069
1,1595941293834638000,1595941293834516400,-0.07994363,-0.23213083,-0.96939373,-0.08049315,0.02743106,0.97162575,-0.23492748,0.22498369,0.99642181,-0.04537244,-0.07130770,-0.88583332
2,1595941293834797600,1595941293834663800,0.20871548,-0.22862369,-0.95087802,-0.05981123,-0.05836858,0.96764612,-0.24546708,0.21827579,0.97623295,0.10673419,0.18861829,-0.70218372
1,1595941293843648000,1595941293843603500,-0.07980333,-0.23221034,-0.96938622,-0.08050102,0.02756128,0.97160208,-0.23501007,0.22494054,0.99642944,-0.04547210,-0.07113706,-0.88578135
2,1595941293843705800,1595941293843666900,0.20873091,-0.22881575,-0.95082843,-0.05982900,-0.05835350,0.96759772,-0.24566132,0.21842790,0.97623056,0.10676129,0.18861535,-0.70219505
1,1595941293852425800,1595941293852366300,-0.07975914,-0.23229374,-0.96936989,-0.08049804,0.02745826,0.97158706,-0.23508430,0.22493482,0.99643588,-0.04536732,-0.07111456,-0.88577920
2,1595941293852477000,1595941293852429700,0.20878251,-0.22884555,-0.95080996,-0.05990934,-0.05835203,0.96758872,-0.24569711,0.21821499,0.97621959,0.10677896,0.18866199,-0.70211685
1,1595941293861597700,1595941293861488500,-0.07992136,-0.23212461,-0.96939707,-0.08045536,0.02743256,0.97162741,-0.23492034,0.22490597,0.99642354,-0.04536819,-0.07128602,-0.88572913
2,1595941293861646100,1595941293861603700,0.20865367,-0.22864580,-0.95088625,-0.05975562,-0.05835499,0.96764362,-0.24548008,0.21834135,0.97624695,0.10670930,0.18855977,-0.70213652
1,1595941293870394100,1595941293870309700,-0.07982838,-0.23207536,-0.96941650,-0.08046097,0.02749852,0.97163743,-0.23487145,0.22495818,0.99642920,-0.04540692,-0.07118251,-0.88570434
2,1595941293870486300,1595941293870433000,0.20866351,-0.22866476,-0.95087957,-0.05979919,-0.05848297,0.96762449,-0.24552518,0.21833491,0.97623724,0.10684242,0.18853493,-0.70206726
1,1595941293879756700,1595941293879663500,-0.07972740,-0.23210369,-0.96941805,-0.08038843,0.02743250,0.97163463,-0.23489052,0.22495103,0.99643910,-0.04532076,-0.07109872,-0.88570040
2,1595941293879878000,1595941293879813900,0.20880492,-0.22871287,-0.95083696,-0.05974513,-0.05859690,0.96759558,-0.24561192,0.21835637,0.97620016,0.10700110,0.18863685,-0.70204628
1,1595941293888459300,1595941293888385900,-0.07967956,-0.23225169,-0.96938652,-0.08040094,0.02733819,0.97160357,-0.23502994,0.22502112,0.99644554,-0.04522834,-0.07106760,-0.88569695
2,1595941293888563800,1595941293888462100,0.20878302,-0.22871917,-0.95084023,-0.05976397,-0.05856698,0.96759784,-0.24561012,0.21835136,0.97620666,0.10696708,0.18862261,-0.70203304
1,1595941293897510500,1595941293897401900,-0.07981473,-0.23224279,-0.96937752,-0.08043325,0.02737746,0.97160250,-0.23503000,0.22492623,0.99643362,-0.04529794,-0.07118997,-0.88570231
2,1595941293897552900,1595941293897511900,0.20880240,-0.22877136,-0.95082343,-0.05974406,-0.05859265,0.96758097,-0.24567033,0.21831512,0.97620094,0.10700784,0.18862893,-0.70218921
1,1595941293906239200,1595941293906187800,-0.07969548,-0.23210910,-0.96941936,-0.08042985,0.02755857,0.97162795,-0.23490347,0.22488570,0.99643821,-0.04543655,-0.07103775,-0.88582522
2,1595941293906308100,1595941293906260200,0.20880930,-0.22862630,-0.95085680,-0.05974388,-0.05854795,0.96762317,-0.24551484,0.21831489,0.97620213,0.10693651,0.18866313,-0.70219696
1,1595941293915629500,1595941293915516000,-0.07957178,-0.23227431,-0.96938992,-0.08039188,0.02750443,0.97159171,-0.23505956,0.22495198,0.99644959,-0.04536662,-0.07092271,-0.88583815
2,1595941293915695200,1595941293915610700,0.20886682,-0.22860108,-0.95085019,-0.05974549,-0.05844503,0.96763933,-0.24547571,0.21827364,0.97619599,0.10684422,0.18874715,-0.70214260
1,1595941293924264300,1595941293924201400,-0.07957442,-0.23228297,-0.96938765,-0.08038223,0.02748750,0.97159040,-0.23506714,0.22494483,0.99644983,-0.04535136,-0.07092886,-0.88583690
2,1595941293924377800,1595941293924308400,0.20887326,-0.22875658,-0.95081139,-0.05974197,-0.05852639,0.96759009,-0.24565038,0.21831489,0.97618979,0.10695738,0.18871540,-0.70214641
1,1595941293933707300,1595941293933629600,-0.07970762,-0.23212422,-0.96941471,-0.08028579,0.02748762,0.97162741,-0.23491414,0.22495890,0.99643916,-0.04537134,-0.07106556,-0.88580704
2,1595941293933798900,1595941293933734000,0.20876062,-0.22857709,-0.95087934,-0.05964452,-0.05861782,0.96762961,-0.24547285,0.21870303,0.97620839,0.10698355,0.18860425,-0.70216596
1,1595941293942206900,1595941293942128600,-0.07960124,-0.23221888,-0.96940082,-0.08030075,0.02748721,0.97160566,-0.23500411,0.22502351,0.99644768,-0.04535273,-0.07095797,-0.88583785
2,1595941293942269900,1595941293942219900,0.20879513,-0.22868820,-0.95084500,-0.05962968,-0.05860827,0.96760100,-0.24558790,0.21868086,0.97620153,0.10700496,0.18862736,-0.70218706
1,1595941293951533200,1595941293951408000,-0.07955605,-0.23234999,-0.96937311,-0.08021659,0.02750363,0.97157359,-0.23513463,0.22508669,0.99645084,-0.04536765,-0.07090409,-0.88585824
2,1595941293951617100,1595941293951514100,0.20885091,-0.22861175,-0.95085114,-0.05964357,-0.05866642,0.96761274,-0.24552758,0.21875286,0.97618616,0.10706171,0.18867497,-0.70212281
1,1595941293960094500,1595941293960041500,-0.07957103,-0.23225598,-0.96939439,-0.08022124,0.02749944,0.97159642,-0.23504080,0.22509050,0.99644977,-0.04536023,-0.07092401,-0.88585573
2,1595941293960147900,1595941293960102800,0.20885091,-0.22861175,-0.95085114,-0.05964357,-0.05866642,0.96761274,-0.24552758,0.21875286,0.97618616,0.10706171,0.18867497,-0.70212281
1,1595941293969393900,1595941293969281500,-0.07964394,-0.23214504,-0.96941501,-0.08021539,0.02764894,0.97161567,-0.23494357,0.22505617,0.99643981,-0.04551512,-0.07096474,-0.88599032
2,1595941293969509200,1595941293969419600,0.20885839,-0.22867830,-0.95083350,-0.05951816,-0.05853428,0.96760982,-0.24557060,0.21873498,0.97619247,0.10694585,0.18870790,-0.70237994
1,1595941293978330800,1595941293978196000,-0.07959140,-0.23225714,-0.96939242,-0.08030832,0.02759373,0.97159159,-0.23504961,0.22511101,0.99644554,-0.04545707,-0.07092150,-0.88594168
2,1595941293978422100,1595941293978359300,0.20885873,-0.22859421,-0.95085365,-0.05958956,-0.05856490,0.96762818,-0.24549098,0.21869516,0.97619057,0.10695960,0.18870999,-0.70233190
1,1595941293987372600,1595941293987252900,-0.07955563,-0.23234975,-0.96937317,-0.08022594,0.02743931,0.97157657,-0.23512980,0.22497225,0.99645263,-0.04530482,-0.07091887,-0.88582164
2,1595941293987437200,1595941293987367300,0.20892081,-0.22848216,-0.95086694,-0.05958235,-0.05854930,0.96765709,-0.24538085,0.21896911,0.97617823,0.10693777,0.18878622,-0.70215857
1,1595941293996054200,1595941293995972500,-0.07973418,-0.23241420,-0.96934307,-0.08036661,0.02746357,0.97155786,-0.23520426,0.22492552,0.99643773,-0.04537543,-0.07108345,-0.88590765
2,1595941293996103100,1595941293996037000,0.20877925,-0.22888543,-0.95080101,-0.05978686,-0.05858262,0.96755326,-0.24578188,0.21879172,0.97620648,0.10701459,0.18859634,-0.70216608
1,1595941294005241800,1595941294005181300,-0.07965686,-0.23228619,-0.96938014,-0.08042169,0.02741597,0.97159195,-0.23506904,0.22497392,0.99644518,-0.04530135,-0.07102562,-0.88582569
2,1595941294005333600,1595941294005275200,0.20883603,-0.22872770,-0.95082653,-0.05967283,-0.05863962,0.96758616,-0.24563873,0.21885538,0.97619092,0.10705434,0.18865435,-0.70222688
1,1595941294014061600,1595941294013959900,-0.07960712,-0.23244575,-0.96934593,-0.08045197,0.02739271,0.97155482,-0.23522504,0.22496176,0.99644983,-0.04527860,-0.07097536,-0.88579214
2,1595941294014099000,1595941294014054600,0.20888273,-0.22895895,-0.95076060,-0.05967927,-0.05860674,0.96752870,-0.24587291,0.21886802,0.97618294,0.10707960,0.18868150,-0.70223033
1,1595941294023231800,1595941294023130100,-0.07953839,-0.23282504,-0.96926057,-0.08049345,0.02740866,0.97146279,-0.23560320,0.22532344,0.99645483,-0.04530563,-0.07088716,-0.88570756
2,1595941294023304900,1595941294023227100,0.20886905,-0.22920203,-0.95070505,-0.05974585,-0.05876060,0.96744931,-0.24614848,0.21870279,0.97617662,0.10727681,0.18860216,-0.70202017
1,1595941294032436000,1595941294032259700,-0.07975862,-0.23249149,-0.96932250,-0.08045006,0.02738372,0.97154248,-0.23527715,0.22530317,0.99643797,-0.04530903,-0.07112241,-0.88570666
2,1595941294032588900,1595941294032539900,0.20875390,-0.22861190,-0.95087242,-0.05968517,-0.05868353,0.96761358,-0.24552020,0.21860552,0.97620589,0.10705386,0.18857735,-0.70201361
1,1595941294042434200,1595941294042269700,-0.07960667,-0.23264854,-0.96929735,-0.08052033,0.02741020,0.97150481,-0.23542953,0.22550774,0.99644935,-0.04531039,-0.07096132,-0.88557410
2,1595941294042539900,1595941294042476800,0.20892535,-0.22917251,-0.95069981,-0.05980116,-0.05861854,0.96747094,-0.24609728,0.21884036,0.97617310,0.10714461,0.18869545,-0.70199263
1,1595941294051990300,1595941294051909700,-0.07960771,-0.23267201,-0.96929163,-0.08053082,0.02723647,0.97150701,-0.23544072,0.22531843,0.99645406,-0.04514297,-0.07100228,-0.88542944
2,1595941294052022700,1595941294051978200,0.20892295,-0.22897984,-0.95074672,-0.05975592,-0.05858972,0.96752399,-0.24589539,0.21834898,0.97617531,0.10707720,0.18872212,-0.70186388
1,1595941294060933600,1595941294060849300,-0.07960758,-0.23268826,-0.96928775,-0.08053237,0.02723641,0.97150308,-0.23545699,0.22533989,0.99645406,-0.04514407,-0.07100141,-0.88542724
2,1595941294061050700,1595941294060964100,0.20892295,-0.22897984,-0.95074672,-0.05975592,-0.05858972,0.96752399,-0.24589539,0.21834898,0.97617531,0.10707720,0.18872212,-0.70186388
1,1595941294070003300,1595941294069942600,-0.07967337,-0.23230071,-0.96937525,-0.08047849,0.02751025,0.97158396,-0.23509108,0.22528577,0.99644130,-0.04539825,-0.07101871,-0.88562477
2,1595941294070087500,1595941294070007000,0.20886050,-0.22877172,-0.95081055,-0.05975837,-0.05851289,0.96758801,-0.24566177,0.21807885,0.97619331,0.10694373,0.18870482,-0.70195282
1,1595941294078914900,1595941294078835300,-0.07956783,-0.23251109,-0.96933353,-0.08045018,0.02748417,0.97153527,-0.23529525,0.22542548,0.99645042,-0.04536325,-0.07091258,-0.88562334
2,1595941294079006800,1595941294078941800,0.20886156,-0.22906618,-0.95073944,-0.05979753,-0.05857049,0.96750551,-0.24597266,0.21812582,0.97618961,0.10705952,0.18865819,-0.70192707
1,1595941294088282100,1595941294088204200,-0.07950393,-0.23251972,-0.96933669,-0.08037120,0.02740853,0.97153729,-0.23529561,0.22516847,0.99645764,-0.04527501,-0.07086801,-0.88544607
2,1595941294088379900,1595941294088320100,0.20886870,-0.22883120,-0.95079446,-0.05961001,-0.05854698,0.96756864,-0.24572980,0.21803403,0.97618949,0.10699142,0.18869744,-0.70184135
1,1595941294096854200,1595941294096747600,-0.07970679,-0.23245442,-0.96933568,-0.08050030,0.02742843,0.97155005,-0.23524082,0.22511554,0.99644089,-0.04533764,-0.07106327,-0.88551688
2,1595941294096983200,1595941294096877300,0.20884705,-0.22907807,-0.95073974,-0.05981904,-0.05842175,0.96751916,-0.24595441,0.21760488,0.97620165,0.10691075,0.18868038,-0.70191836
1,1595941294105893500,1595941294105852300,-0.07958652,-0.23234764,-0.96937114,-0.08040446,0.02772010,0.97156394,-0.23514907,0.22495389,0.99644238,-0.04558576,-0.07088269,-0.88577849
2,1595941294105987200,1595941294105913800,0.20885882,-0.22880876,-0.95080203,-0.05984175,-0.05839435,0.96759146,-0.24567635,0.21718621,0.97620076,0.10683316,0.18872887,-0.70195138
1,1595941294114554500,1595941294114390400,-0.07953833,-0.23249425,-0.96933997,-0.08043838,0.02767602,0.97153091,-0.23529066,0.22491097,0.99644750,-0.04554209,-0.07083943,-0.88576323
2,1595941294114672100,1595941294114596500,0.20892996,-0.22907624,-0.95072198,-0.05981505,-0.05836780,0.96752322,-0.24595134,0.21717310,0.97618711,0.10687818,0.18877390,-0.70195580
1,1595941294123571600,1595941294123511000,-0.07952186,-0.23269044,-0.96929425,-0.08041459,0.02745394,0.97149360,-0.23547076,0.22502232,0.99645495,-0.04533602,-0.07086671,-0.88579774
2,1595941294123630300,1595941294123587800,0.20898321,-0.22936621,-0.95064038,-0.05978954,-0.05826803,0.96745753,-0.24623309,0.21727920,0.97618169,0.10685054,0.18881768,-0.70215094
1,1595941294132564900,1595941294132438300,-0.07973096,-0.23243791,-0.96933764,-0.08043605,0.02747589,0.97155160,-0.23522876,0.22496557,0.99643761,-0.04538842,-0.07107630,-0.88580602
2,1595941294132599900,1595941294132542500,0.20883307,-0.22899880,-0.95076191,-0.05988157,-0.05824153,0.96755975,-0.24583733,0.21727276,0.97621542,0.10671281,0.18872124,-0.70216858
1,1595941294142457700,1595941294142358800,-0.07962262,-0.23230411,-0.96937865,-0.08025450,0.02777410,0.97157162,-0.23511094,0.22475576,0.99643803,-0.04564376,-0.07090703,-0.88595212
2,1595941294142596700,1595941294142488200,0.20890373,-0.22917977,-0.95070279,-0.05985957,-0.05845197,0.96748793,-0.24607006,0.21669102,0.97618771,0.10697541,0.18871583,-0.70202529
1,1595941294151645100,1595941294151569800,-0.07956225,-0.23269133,-0.96929073,-0.08028382,0.02763964,0.97148448,-0.23548670,0.22459769,0.99644661,-0.04552669,-0.07086198,-0.88585645
2,1595941294151891600,1595941294151762100,0.20900740,-0.22940969,-0.95062453,-0.05970293,-0.05823255,0.96744949,-0.24627316,0.21685553,0.97617865,0.10683022,0.18884499,-0.70217586
1,1595941294161460700,1595941294161278200,-0.07956849,-0.23263821,-0.96930295,-0.08029246,0.02760359,0.97149897,-0.23543119,0.22459912,0.99644709,-0.04548914,-0.07087905,-0.88585532
2,1595941294161876400,1595941294161766700,0.20883222,-0.22909310,-0.95073938,-0.05971098,-0.05834743,0.96752381,-0.24595368,0.21631861,0.97620928,0.10683627,0.18868315,-0.70220244
1,1595941294170341900,1595941294170228500,-0.07968561,-0.23243643,-0.96934175,-0.08029139,0.02763038,0.97154540,-0.23523621,0.22455478,0.99643695,-0.04552821,-0.07099589,-0.88589346
2,1595941294170512700,1595941294170386100,0.20892882,-0.22894304,-0.95075434,-0.05979615,-0.05846936,0.96754658,-0.24583530,0.21665835,0.97618127,0.10695209,0.18876222,-0.70190024
1,1595941294179433600,1595941294179388200,-0.07962903,-0.23269294,-0.96928483,-0.08038521,0.02753560,0.97148806,-0.23548396,0.22454929,0.99644411,-0.04544119,-0.07095131,-0.88591707
2,1595941294179531300,1595941294179460900,0.20898484,-0.22930986,-0.95065361,-0.05975229,-0.05848417,0.96744841,-0.24621771,0.21625948,0.97616839,0.10705397,0.18877105,-0.70186591
1,1595941294188264900,1595941294188153800,-0.07960544,-0.23274618,-0.96927398,-0.08035237,0.02751683,0.97147626,-0.23553492,0.22472787,0.99644655,-0.04542121,-0.07093035,-0.88599694
2,1595941294188392000,1595941294188268600,0.20897685,-0.22926623,-0.95066589,-0.05988783,-0.05826439,0.96748400,-0.24612992,0.21717310,0.97618330,0.10682543,0.18882370,-0.70214450
1,1595941294197300100,1595941294197200700,-0.07977536,-0.23260053,-0.96929497,-0.08042288,0.02750457,0.97151029,-0.23539582,0.22473454,0.99643326,-0.04543882,-0.07110501,-0.88605154
2,1595941294197385700,1595941294197300400,0.20888634,-0.22917812,-0.95070702,-0.05988842,-0.05829728,0.96750581,-0.24603653,0.21730328,0.97620070,0.10681732,0.18873829,-0.70226002
1,1595941294206550500,1595941294206415100,-0.07968818,-0.23255439,-0.96931320,-0.08045870,0.02741005,0.97152680,-0.23533885,0.22490692,0.99644285,-0.04532264,-0.07104487,-0.88583010
2,1595941294206661900,1595941294206561400,0.20888120,-0.22911768,-0.95072269,-0.05995452,-0.05867908,0.96747971,-0.24604826,0.21732950,0.97617888,0.10718241,0.18864392,-0.70178318
1,1595941294215517100,1595941294215460800,-0.07956629,-0.23273458,-0.96928000,-0.08041072,0.02736448,0.97148645,-0.23551066,0.22472405,0.99645388,-0.04526254,-0.07092891,-0.88576466
2,1595941294215574000,1595941294215535500,0.20898037,-0.22917116,-0.95068800,-0.05994171,-0.05848869,0.96748394,-0.24607694,0.21767545,0.97616911,0.10702977,0.18878123,-0.70187390
1,1595941294224700200,1595941294224573900,-0.07956351,-0.23274602,-0.96927750,-0.08045518,0.02731508,0.97148591,-0.23551849,0.22476006,0.99645543,-0.04521456,-0.07093736,-0.88576794
2,1595941294224834700,1595941294224714400,0.20896667,-0.22914402,-0.95069760,-0.05994141,-0.05850222,0.96748990,-0.24605042,0.21765852,0.97617120,0.10703427,0.18876770,-0.70187044
1,1595941294233625100,1595941294233560500,-0.07967453,-0.23255582,-0.96931398,-0.08035672,0.02733902,0.97152984,-0.23533460,0.22469640,0.99644589,-0.04525026,-0.07104832,-0.88576281
2,1595941294233682800,1595941294233636500,0.20895283,-0.22904542,-0.95072436,-0.05990809,-0.05851629,0.96751428,-0.24595127,0.21757245,0.97617334,0.10702509,0.18876196,-0.70185566
1,1595941294242463700,1595941294242337100,-0.07968148,-0.23250788,-0.96932495,-0.08035368,0.02732657,0.97154194,-0.23528600,0.22469711,0.99644572,-0.04523625,-0.07106026,-0.88576239
2,1595941294242581500,1595941294242477700,0.20900284,-0.22906566,-0.95070851,-0.05994803,-0.05856834,0.96750188,-0.24598749,0.21766353,0.97615951,0.10709351,0.18879464,-0.70186913
1,1595941294251892900,1595941294251808300,-0.07960500,-0.23266515,-0.96929348,-0.08035439,0.02727800,0.97150683,-0.23543668,0.22477388,0.99645311,-0.04518232,-0.07099015,-0.88582194
2,1595941294251971000,1595941294251911700,0.20906907,-0.22912563,-0.95067948,-0.05989462,-0.05844394,0.96749812,-0.24603187,0.21797323,0.97615278,0.10699912,0.18888293,-0.70197690
1,1595941294261451800,1595941294261379400,-0.07974067,-0.23264521,-0.96928710,-0.08045930,0.02725359,0.97151124,-0.23542112,0.22474384,0.99644297,-0.04518919,-0.07112853,-0.88587129
2,1595941294261546800,1595941294261485700,0.20887040,-0.22906268,-0.95073831,-0.05988461,-0.05856942,0.96750629,-0.24596988,0.21799135,0.97618783,0.10706004,0.18866736,-0.70198512
1,1595941294270256000,1595941294270182000,-0.07965697,-0.23258498,-0.96930844,-0.08043921,0.02731114,0.97152418,-0.23536104,0.22482514,0.99644810,-0.04522106,-0.07103650,-0.88576764
2,1595941294270362500,1595941294270300600,0.20896727,-0.22896585,-0.95074040,-0.05988240,-0.05857686,0.96752781,-0.24588360,0.21803737,0.97616661,0.10707303,0.18876953,-0.70194006
1,1595941294279486700,1595941294279422800,-0.07962235,-0.23269844,-0.96928406,-0.08046150,0.02727635,0.97149861,-0.23547071,0.22472453,0.99645180,-0.04518726,-0.07100584,-0.88575584
2,1595941294279571100,1595941294279512800,0.20898631,-0.22909227,-0.95070571,-0.05983776,-0.05871990,0.96747881,-0.24604203,0.21818089,0.97615397,0.10724478,0.18873756,-0.70193708
1,1595941294288304300,1595941294288242600,-0.07958055,-0.23279470,-0.96926439,-0.08046043,0.02722896,0.97147781,-0.23556192,0.22466278,0.99645644,-0.04513820,-0.07097198,-0.88572592
2,1595941294288365100,1595941294288322600,0.20902063,-0.22907725,-0.95070183,-0.05988657,-0.05868242,0.96748585,-0.24602334,0.21800232,0.97614884,0.10721346,0.18878169,-0.70186079
1,1595941294297261500,1595941294297186500,-0.07982551,-0.23264523,-0.96928012,-0.08041215,0.02702629,0.97152060,-0.23540874,0.22455573,0.99644238,-0.04498766,-0.07126458,-0.88567954
2,1595941294297336100,1595941294297273100,0.20883343,-0.22900745,-0.95075977,-0.05974597,-0.05874068,0.96750283,-0.24594264,0.21828175,0.97618544,0.10720934,0.18859488,-0.70182514
1,1595941294306339700,1595941294306207000,-0.07968206,-0.23254856,-0.96931511,-0.08040607,0.02728923,0.97153378,-0.23532411,0.22452664,0.99644667,-0.04520297,-0.07106774,-0.88576949
2,1595941294306422700,1595941294306337500,0.20892857,-0.22888507,-0.95076835,-0.05974805,-0.05858996,0.96754831,-0.24579960,0.21809363,0.97617412,0.10706005,0.18873814,-0.70204008
1,1595941294315270000,1595941294315188700,-0.07959162,-0.23271687,-0.96928215,-0.08031780,0.02733316,0.97149187,-0.23549184,0.22476125,0.99645269,-0.04523671,-0.07096172,-0.88593006
2,1595941294315320500,1595941294315281600,0.20895807,-0.22901978,-0.95072943,-0.05968553,-0.05856905,0.96751493,-0.24593595,0.21823120,0.97616905,0.10707363,0.18875659,-0.70206559
1,1595941294324184900,1595941294324113500,-0.07957702,-0.23270921,-0.96928519,-0.08031327,0.02733786,0.97149372,-0.23548384,0.22475910,0.99645370,-0.04523728,-0.07094681,-0.88593018
2,1595941294324274500,1595941294324211200,0.20900668,-0.22905095,-0.95071119,-0.05969971,-0.05853754,0.96750897,-0.24596699,0.21820855,0.97616053,0.10706105,0.18880777,-0.70205367
1,1595941294333288200,1595941294333194700,-0.07963344,-0.23244986,-0.96934283,-0.08022469,0.02738345,0.97155398,-0.23522970,0.22476935,0.99644798,-0.04527609,-0.07100290,-0.88590789
2,1595941294333433100,1595941294333322500,0.20898667,-0.22892088,-0.95074695,-0.05963838,-0.05840830,0.96755731,-0.24580739,0.21833205,0.97617257,0.10690200,0.18883570,-0.70222342
1,1595941294342161100,1595941294342075800,-0.07964000,-0.23250088,-0.96933001,-0.08024049,0.02733971,0.97154349,-0.23527801,0.22477579,0.99644864,-0.04523873,-0.07101722,-0.88590652
2,1595941294342335000,1595941294342200300,0.20898758,-0.22910830,-0.95070159,-0.05969334,-0.05849560,0.96749926,-0.24601512,0.21824765,0.97616714,0.10702598,0.18879351,-0.70218289
1,1595941294351374700,1595941294351280300,-0.07957783,-0.23276162,-0.96927255,-0.08027995,0.02728208,0.97148347,-0.23553242,0.22462964,0.99645519,-0.04518692,-0.07095832,-0.88585711
2,1595941294351471100,1595941294351402700,0.20900346,-0.22918713,-0.95067912,-0.05969703,-0.05848264,0.96747983,-0.24609460,0.21801162,0.97616452,0.10703287,0.18880317,-0.70203722
1,1595941294360074400,1595941294359972400,-0.07956849,-0.23276393,-0.96927279,-0.08028126,0.02725241,0.97148436,-0.23553219,0.22462988,0.99645674,-0.04515595,-0.07095616,-0.88585842
2,1595941294360189700,1595941294360125700,0.20886768,-0.22914620,-0.95071882,-0.05974209,-0.05849503,0.96749294,-0.24604020,0.21800113,0.97619283,0.10700218,0.18867409,-0.70203817
1,1595941294369369100,1595941294369302100,-0.07965921,-0.23257785,-0.96930999,-0.08032286,0.02713768,0.97153378,-0.23534162,0.22471595,0.99645263,-0.04505194,-0.07107998,-0.88569456
2,1595941294369424000,1595941294369378800,0.20895208,-0.22907758,-0.95071679,-0.05969125,-0.05856369,0.96750075,-0.24599305,0.21815491,0.97617066,0.10707827,0.18874566,-0.70198619
1,1595941294378025600,1595941294377980500,-0.07962105,-0.23277196,-0.96926653,-0.08040041,0.02711030,0.97148830,-0.23553251,0.22469616,0.99645644,-0.04503044,-0.07104040,-0.88565940
2,1595941294378113800,1595941294378040700,0.20896696,-0.22928976,-0.95066237,-0.05978465,-0.05855814,0.96744603,-0.24620956,0.21811676,0.97616780,0.10711870,0.18873747,-0.70193601
1,1595941294387075300,1595941294387028900,-0.07960548,-0.23284970,-0.96924913,-0.08034021,0.02725516,0.97146302,-0.23562004,0.22479606,0.99645370,-0.04517368,-0.07098743,-0.88569623
2,1595941294387173200,1595941294387088000,0.20901188,-0.22932783,-0.95064330,-0.05978191,-0.05849766,0.96744150,-0.24624163,0.21806335,0.97616184,0.10707785,0.18879163,-0.70186341
1,1595941294395983400,1595941294395866500,-0.07977445,-0.23270684,-0.96926957,-0.08037895,0.02717629,0.97149944,-0.23547889,0.22479439,0.99644238,-0.04512634,-0.07117672,-0.88570207
2,1595941294396028700,1595941294395935000,0.20885788,-0.22934212,-0.95067370,-0.05980951,-0.05852919,0.96743876,-0.24624507,0.21806598,0.97619289,0.10707241,0.18863399,-0.70185900
1,1595941294405676600,1595941294405535600,-0.07970133,-0.23265542,-0.96928793,-0.08037490,0.02725803,0.97150904,-0.23542988,0.22478938,0.99644595,-0.04518494,-0.07108884,-0.88573164
2,1595941294405812700,1595941294405725600,0.20895231,-0.22919372,-0.95068878,-0.05975783,-0.05851292,0.96747625,-0.24610147,0.21801043,0.97617364,0.10705106,0.18874560,-0.70200813
1,1595941294415176900,1595941294415067100,-0.07962163,-0.23279297,-0.96926141,-0.08035672,0.02725353,0.97147667,-0.23556380,0.22477269,0.99645245,-0.04517176,-0.07100612,-0.88571858
2,1595941294415270700,1595941294415165600,0.20898798,-0.22932926,-0.95064825,-0.05976039,-0.05851995,0.96743935,-0.24624473,0.21808100,0.97616559,0.10709409,0.18876287,-0.70199895
1,1595941294423832800,1595941294423754600,-0.07961787,-0.23287284,-0.96924257,-0.08035225,0.02724916,0.97145748,-0.23564337,0.22487092,0.99645287,-0.04517247,-0.07099979,-0.88576132
2,1595941294423933300,1595941294423865800,0.20902856,-0.22938611,-0.95062560,-0.05978298,-0.05846334,0.96742970,-0.24629617,0.21799207,0.97616029,0.10705969,0.18880977,-0.70195842
1,1595941294433083900,1595941294433040000,-0.07966463,-0.23264375,-0.96929371,-0.08035553,0.02728764,0.97151089,-0.23541862,0.22491884,0.99644810,-0.04520427,-0.07104675,-0.88576460
2,1595941294433197500,1595941294433106100,0.20897289,-0.22922859,-0.95067585,-0.05977648,-0.05849555,0.96746856,-0.24613588,0.21810222,0.97617030,0.10704605,0.18876584,-0.70197225
1,1595941294441911000,1595941294441836400,-0.07965852,-0.23268262,-0.96928489,-0.08036417,0.02726912,0.97150236,-0.23545599,0.22492242,0.99644911,-0.04518761,-0.07104339,-0.88576680
2,1595941294442001400,1595941294441952800,0.20898871,-0.22940488,-0.95062983,-0.05979609,-0.05849358,0.96742266,-0.24631669,0.21800661,0.97616702,0.10708316,0.18876170,-0.70195234
1,1595941294451023100,1595941294450935000,-0.07957333,-0.23288058,-0.96924436,-0.08035100,0.02725998,0.97145563,-0.23564987,0.22500801,0.99645615,-0.04517302,-0.07095363,-0.88578206
2,1595941294451107600,1595941294451020000,0.20900963,-0.22943541,-0.95061785,-0.05978125,-0.05842485,0.96742171,-0.24633679,0.21803570,0.97616667,0.10702649,0.18879572,-0.70193386
1,1595941294459767600,1595941294459693900,-0.07956362,-0.23291038,-0.96923798,-0.08035594,0.02725496,0.97144872,-0.23567894,0.22501183,0.99645704,-0.04516801,-0.07094401,-0.88578284
2,1595941294459832400,1595941294459787000,0.20901696,-0.22944303,-0.95061439,-0.05978304,-0.05842248,0.96741974,-0.24634491,0.21803975,0.97616524,0.10702753,0.18880251,-0.70193434
1,1595941294468960200,1595941294468892400,-0.07965852,-0.23274687,-0.96926945,-0.08038288,0.02737018,0.97148216,-0.23552759,0.22501969,0.99644631,-0.04529085,-0.07101650,-0.88586551
2,1595941294469049300,1595941294468989600,0.20893644,-0.22932735,-0.95065999,-0.05985713,-0.05844663,0.96744937,-0.24622287,0.21803856,0.97618103,0.10700782,0.18873201,-0.70204222
1,1595941294477796000,1595941294477689000,-0.07959818,-0.23290627,-0.96923614,-0.08041549,0.02732682,0.97144610,-0.23568152,0.22501278,0.99645233,-0.04524596,-0.07096075,-0.88585126
2,1595941294477829800,1595941294477788800,0.20900184,-0.22945972,-0.95061368,-0.05987632,-0.05845904,0.96741188,-0.24636728,0.21802235,0.97616625,0.10706320,0.18877687,-0.70203137
1,1595941294486858400,1595941294486720000,-0.07959650,-0.23299569,-0.96921480,-0.08043766,0.02726665,0.97142708,-0.23576678,0.22506428,0.99645412,-0.04519344,-0.07096919,-0.88585931
2,1595941294486968600,1595941294486862800,0.20902377,-0.22945076,-0.95061105,-0.05989951,-0.05846202,0.96741325,-0.24636118,0.21799064,0.97616142,0.10707000,0.18879820,-0.70199943
1,1595941294495847300,1595941294495744100,-0.07982934,-0.23277988,-0.96924746,-0.08038366,0.02722165,0.97147900,-0.23555784,0.22506905,0.99643672,-0.04518894,-0.07121588,-0.88583982
2,1595941294496009800,1595941294495894600,0.20883447,-0.22934848,-0.95067734,-0.05983609,-0.05851694,0.96743912,-0.24624658,0.21797919,0.97619861,0.10705552,0.18861386,-0.70197678
1,1595941294504913700,1595941294504864400,-0.07971039,-0.23269436,-0.96927780,-0.08037508,0.02736472,0.97149462,-0.23547693,0.22504973,0.99644232,-0.04529396,-0.07107059,-0.88593912
2,1595941294505024100,1595941294504935200,0.20892386,-0.22917388,-0.95069981,-0.05984414,-0.05863249,0.96746910,-0.24610122,0.21793485,0.97617257,0.10715833,0.18869035,-0.70207703
1,1595941294513637800,1595941294513580800,-0.07963710,-0.23275179,-0.96927005,-0.08032459,0.02736334,0.97148156,-0.23553105,0.22506380,0.99644822,-0.04527947,-0.07099710,-0.88595593
2,1595941294513759200,1595941294513668500,0.20897557,-0.22928289,-0.95066214,-0.05979741,-0.05861082,0.96744180,-0.24621372,0.21794295,0.97616279,0.10717175,0.18873324,-0.70209014
1,1595941294522844000,1595941294522760200,-0.07957599,-0.23285049,-0.96925133,-0.08032799,0.02730938,0.97146064,-0.23562336,0.22505474,0.99645460,-0.04521961,-0.07094594,-0.88596141
2,1595941294522986600,1595941294522878800,0.20897786,-0.22934172,-0.95064747,-0.05980748,-0.05863319,0.96742398,-0.24627818,0.21794820,0.97616094,0.10720620,0.18872316,-0.70209730
1,1595941294531649400,1595941294531545800,-0.07976185,-0.23278292,-0.96925229,-0.08042514,0.02732972,0.97147411,-0.23556554,0.22505403,0.99643916,-0.04527853,-0.07112467,-0.88599312
2,1595941294531705700,1595941294531643700,0.20888017,-0.22935635,-0.95066541,-0.05993146,-0.05861344,0.96742517,-0.24627833,0.21793318,0.97618306,0.10716444,0.18863256,-0.70211971
1,1595941294541005000,1595941294540917400,-0.07958633,-0.23276907,-0.96927005,-0.08038998,0.02735235,0.97147840,-0.23554528,0.22518945,0.99645257,-0.04525799,-0.07094961,-0.88592762
2,1595941294541176800,1595941294541038200,0.20902088,-0.22936310,-0.95063281,-0.05993003,-0.05874224,0.96740526,-0.24632584,0.21806169,0.97614521,0.10732956,0.18873461,-0.70205534
1,1595941294551007500,1595941294550925800,-0.07958069,-0.23289013,-0.96924144,-0.08040464,0.02719453,0.97145617,-0.23565513,0.22510648,0.99645734,-0.04511165,-0.07097580,-0.88587433
2,1595941294551097900,1595941294551025600,0.20902371,-0.22941871,-0.95061880,-0.05994695,-0.05869104,0.96739638,-0.24637283,0.21798944,0.97614765,0.10729059,0.18874398,-0.70200408
2,1595941294560909100,1595941294560846600,0.20886138,-0.22929956,-0.95068324,-0.05995405,-0.05867805,0.96743333,-0.24623093,0.21797895,0.97618318,0.10721238,0.18860461,-0.70198607
2,1595941294569686300,1595941294569571700,0.20894529,-0.22921513,-0.95068514,-0.05994481,-0.05876187,0.96744359,-0.24617058,0.21802735,0.97616023,0.10730024,0.18867368,-0.70194936
2,1595941294578820500,1595941294578712700,0.20901604,-0.22938076,-0.95062965,-0.06000489,-0.05869981,0.96740550,-0.24633506,0.21803308,0.97614878,0.10728978,0.18873866,-0.70191503
2,1595941294587590600,1595941294587540600,0.20903681,-0.22939956,-0.95062053,-0.06002420,-0.05870000,0.96740001,-0.24635655,0.21794343,0.97614431,0.10729902,0.18875645,-0.70187175
2,1595941294597034600,1595941294596934700,0.20887999,-0.22933276,-0.95067114,-0.06004792,-0.05868390,0.96742356,-0.24626793,0.21793985,0.97617888,0.10722955,0.18861729,-0.70181811
