3,1595941293581914600,1595941293581897800,0.76813430,-0.06939730,-0.63651669,0.53920722,-0.59194636,-0.45590630,-0.66464186,1.54720247,-0.24406768,0.88731802,-0.39127690,0.17976320
3,1595941293591422300,1595941293591389100,0.77469146,-0.07667486,-0.62767339,0.54016846,-0.57625443,-0.49429622,-0.65084702,1.54264641,-0.26035303,0.86590528,-0.42711148,0.19038475
3,1595941293600603400,1595941293600528300,0.78080261,-0.08091960,-0.61951518,0.54330802,-0.56370455,-0.51882684,-0.64269412,1.54377627,-0.26941460,0.85104084,-0.45071629,0.20576799
3,1595941293609190400,1595941293609169200,0.78609580,-0.08949428,-0.61159134,0.54406643,-0.55012101,-0.55242997,-0.62624902,1.53956819,-0.28181574,0.82874101,-0.48349571,0.21310532
3,1595941293618591000,1595941293618559000,0.79412395,-0.10349414,-0.59887880,0.54488283,-0.52952921,-0.60143131,-0.59822994,1.53301239,-0.29827124,0.79219264,-0.53241432,0.22729957
3,1595941293627331600,1595941293627276000,0.79950958,-0.10936410,-0.59061295,0.54365808,-0.51676297,-0.62644833,-0.58353949,1.52684581,-0.30617028,0.77175242,-0.55736697,0.22801554
3,1595941293636612100,1595941293636582600,0.80565625,-0.12061768,-0.57997340,0.54323280,-0.49957204,-0.66448623,-0.55577481,1.52067065,-0.31834808,0.73750204,-0.59560490,0.23046410
3,1595941293645046000,1595941293645019900,0.81862485,-0.13713029,-0.55771714,0.54460305,-0.46302328,-0.73211139,-0.49962202,1.51678491,-0.33979777,0.66723907,-0.66281933,0.24496949
3,1595941293654398300,1595941293654366900,0.82518929,-0.14310876,-0.54642683,0.54498720,-0.44586280,-0.75894988,-0.47455370,1.51026726,-0.34679785,0.63522810,-0.69008440,0.24775636
3,1595941293663192000,1595941293663130600,0.82953817,-0.14177789,-0.54015297,0.54534668,-0.43682000,-0.76734585,-0.46943411,1.50611603,-0.34792879,0.62536317,-0.69847435,0.25065029
3,1595941293672342400,1595941293672322100,0.83895534,-0.14907829,-0.52338260,0.54353034,-0.40988398,-0.80574399,-0.42751786,1.49678373,-0.35797882,0.57319456,-0.73708826,0.25806558
3,1595941293681064300,1595941293680982000,0.84669679,-0.15444630,-0.50916660,0.54318744,-0.38738111,-0.83493733,-0.39091602,1.48999095,-0.36474672,0.52822888,-0.76676857,0.25943148
3,1595941293690575800,1595941293690505900,0.85378778,-0.15871999,-0.49583688,0.54338658,-0.36561391,-0.86081839,-0.35400271,1.48182058,-0.37063825,0.48352811,-0.79298669,0.26616061
3,1595941293700397800,1595941293700375200,0.86092651,-0.16011995,-0.48287359,0.54234165,-0.34337148,-0.88324958,-0.31932116,1.47580504,-0.37536827,0.44071713,-0.81539381,0.26815927
3,1595941293708953400,1595941293708881300,0.86807400,-0.16301811,-0.46890554,0.54175788,-0.32273251,-0.90302694,-0.28352398,1.46568012,-0.37721485,0.39745089,-0.83650565,0.27083528
3,1595941293718380400,1595941293718294200,0.87869471,-0.16474599,-0.44805595,0.54128909,-0.29032588,-0.92946440,-0.22761065,1.45332158,-0.37895414,0.33008257,-0.86454570,0.27429664
3,1595941293726836400,1595941293726806300,0.88256389,-0.16247664,-0.44122788,0.54099023,-0.27898398,-0.93631870,-0.21324870,1.44848812,-0.37848204,0.31130114,-0.87168968,0.27498209
3,1595941293736125200,1595941293736102900,0.89294225,-0.16281502,-0.41969657,0.54021525,-0.24653408,-0.95693326,-0.15329552,1.43653429,-0.37666282,0.24035357,-0.89462578,0.27958190
3,1595941293744852800,1595941293744820500,0.90000403,-0.16057889,-0.40522456,0.54022664,-0.22599633,-0.96685672,-0.11880039,1.42861819,-0.37271729,0.19850013,-0.90646541,0.28095925
3,1595941293754012900,1595941293753972600,0.90908194,-0.15823108,-0.38539952,0.53916562,-0.19245994,-0.97994471,-0.05164550,1.41479874,-0.36949834,0.12112396,-0.92130339,0.28150451
3,1595941293762757000,1595941293762718100,0.91850251,-0.15514666,-0.36370644,0.53915417,-0.16086140,-0.98686695,0.01473028,1.40258408,-0.36121526,0.04497653,-0.93139714,0.28209698
3,1595941293771913200,1595941293771875500,0.92180604,-0.15251954,-0.35638624,0.54020715,-0.15119891,-0.98799348,0.03174150,1.39920878,-0.35694852,0.02462571,-0.93379939,0.28318250
3,1595941293780924100,1595941293780830200,0.92794824,-0.14710240,-0.34245107,0.54056430,-0.12792353,-0.98870653,0.07806864,1.39264107,-0.35006773,-0.02863611,-0.93628657,0.28418028
3,1595941293789927900,1595941293789898100,0.93583864,-0.13942279,-0.32367754,0.53984571,-0.09802810,-0.98515487,0.14092596,1.37799978,-0.33852082,-0.10015447,-0.93561357,0.28074753
3,1595941293798923200,1595941293798879800,0.94150400,-0.13500099,-0.30877942,0.53972775,-0.07982875,-0.97951961,0.18484724,1.36954069,-0.32741010,-0.14938496,-0.93299878,0.27818286
3,1595941293807970500,1595941293807915100,0.94624037,-0.12682053,-0.29756594,0.54020727,-0.05884296,-0.97207457,0.22717467,1.35966730,-0.31806672,-0.19745222,-0.92727888,0.27686155
3,1595941293816654700,1595941293816591700,0.95223123,-0.11818107,-0.28158247,0.54061449,-0.04015825,-0.96253288,0.26817450,1.35157156,-0.30272558,-0.24405630,-0.92129999,0.27487862
3,1595941293826035800,1595941293826012700,0.95828646,-0.10683702,-0.26508993,0.54054618,-0.01333344,-0.94320834,0.33193383,1.33896327,-0.28549787,-0.31455317,-0.90528846,0.27074897
3,1595941293834847700,1595941293834802100,0.96204686,-0.09775236,-0.25477451,0.54200214,0.00316048,-0.92958319,0.36859849,1.33239079,-0.27286550,-0.35541427,-0.89399391,0.26559675
3,1595941293843742400,1595941293843721900,0.96675640,-0.08611795,-0.24076012,0.54266506,0.02119128,-0.91135442,0.41107637,1.32362711,-0.25481889,-0.40251282,-0.87923306,0.26363456
3,1595941293852515300,1595941293852495400,0.97166413,-0.07062813,-0.22556654,0.54406536,0.04537669,-0.88082308,0.47126582,1.31090188,-0.23196886,-0.46814761,-0.85265952,0.25764692
3,1595941293861678200,1595941293861660000,0.97435635,-0.05902833,-0.21712914,0.54515582,0.06058647,-0.86051112,0.50581580,1.30438519,-0.21669954,-0.50600004,-0.83486837,0.25412953
3,1595941293870543500,1595941293870518500,0.97777927,-0.04730199,-0.20423035,0.54747832,0.07488155,-0.83113521,0.55100524,1.29801929,-0.19580671,-0.55405462,-0.80912495,0.25008476
3,1595941293879991600,1595941293879927700,0.98122531,-0.02663323,-0.19101685,0.54961729,0.09543725,-0.79360718,0.60089868,1.29013324,-0.16759622,-0.60784715,-0.77616578,0.24251616
3,1595941293888646200,1595941293888586700,0.98202157,-0.02206883,-0.18747364,0.54934287,0.10063162,-0.77904886,0.61883438,1.28515422,-0.15970810,-0.62657458,-0.76282215,0.23873770
3,1595941293897620200,1595941293897573400,0.98455328,-0.00116451,-0.17508085,0.55170166,0.11854753,-0.73145312,0.67150772,1.27510166,-0.12884544,-0.68189061,-0.72001672,0.23033535
3,1595941293906345400,1595941293906321300,0.98584527,0.01375555,-0.16709189,0.55245852,0.12897758,-0.69896501,0.70342910,1.26716006,-0.10711535,-0.71502340,-0.69084573,0.22428024
3,1595941293915717500,1595941293915698700,0.98673820,0.02621913,-0.16018757,0.55407763,0.13634253,-0.66939229,0.73029071,1.26615298,-0.08808075,-0.74244618,-0.66408992,0.21494329
3,1595941293924457100,1595941293924427300,0.98725772,0.04188561,-0.15351741,0.55541229,0.14513841,-0.63256884,0.76078337,1.26103806,-0.06524447,-0.77337062,-0.63058788,0.21017969
3,1595941293933848800,1595941293933811600,0.98720104,0.06401390,-0.14606903,0.55775559,0.15609761,-0.57548821,0.80277437,1.25251746,-0.03267230,-0.81530076,-0.57811517,0.19683373
3,1595941293942330300,1595941293942304800,0.98662621,0.08468284,-0.13927412,0.56301928,0.16299808,-0.51415128,0.84206885,1.24675858,-0.00029920,-0.85350871,-0.52107847,0.18208969
3,1595941293951687100,1595941293951637400,0.98584104,0.10122100,-0.13368446,0.56196517,0.16627391,-0.48700514,0.85742569,1.24440753,0.02168446,-0.86751378,-0.49694023,0.17249310
3,1595941293960205700,1595941293960178400,0.98433059,0.11771515,-0.13128662,0.56419504,0.17025860,-0.44075602,0.88133192,1.24046087,0.04588075,-0.88987476,-0.45389181,0.17059505
3,1595941293969539400,1595941293969509400,0.98128927,0.14049160,-0.13165556,0.56810105,0.17543669,-0.37069714,0.91203368,1.23148072,0.07932872,-0.91806620,-0.38840866,0.16337895
3,1595941293978498500,1595941293978445100,0.97897846,0.15667574,-0.13058965,0.57242823,0.17564191,-0.32210737,0.93026698,1.22713101,0.10368637,-0.93364841,-0.34285516,0.15561712
3,1595941293987459500,1595941293987428900,0.97625577,0.17289336,-0.13050786,0.57580853,0.17419797,-0.26847821,0.94740403,1.22477090,0.12876135,-0.94764292,-0.29222122,0.14427793
3,1595941293996126000,1595941293996107500,0.97332019,0.18746203,-0.13230827,0.57911032,0.17244764,-0.21727441,0.96075672,1.22395897,0.15135822,-0.95794028,-0.24380511,0.13493693
3,1595941294005393300,1595941294005366900,0.96786761,0.21175294,-0.13561980,0.58409369,0.16843513,-0.14547424,0.97491884,1.22271836,0.18671274,-0.96643567,-0.17646658,0.11996782
3,1595941294014142000,1595941294014118200,0.96437311,0.22612618,-0.13730006,0.58604938,0.16208921,-0.09489382,0.98220271,1.22226596,0.20907281,-0.96946484,-0.12816580,0.11164737
3,1595941294023367400,1595941294023342400,0.96075737,0.23927188,-0.14033563,0.59020019,0.15883462,-0.05977124,0.98549420,1.22588921,0.22741301,-0.96911108,-0.09543044,0.10218740
3,1595941294032661000,1595941294032633900,0.95775425,0.24907157,-0.14377050,0.59108531,0.15467869,-0.02468500,0.98765635,1.22072685,0.24244814,-0.96817040,-0.06216834,0.10073912
3,1595941294042621600,1595941294042582400,0.95206481,0.26981512,-0.14412574,0.59824109,0.14174430,0.02839749,0.98949581,1.22914207,0.27107376,-0.96249330,-0.01120862,0.08567047
3,1595941294052048300,1595941294052031900,0.94526601,0.29121807,-0.14718701,0.60439861,0.12766661,0.08504302,0.98816437,1.23725247,0.30028856,-0.95286918,0.04320934,0.07171357
3,1595941294061100300,1595941294061046100,0.93781573,0.30815884,-0.15981121,0.60823488,0.11412271,0.16108595,0.98031998,1.22456300,0.32783762,-0.93759763,0.11590091,0.06517661
3,1595941294070118600,1595941294070064300,0.93144447,0.31968981,-0.17380841,0.61073112,0.10557587,0.21967794,0.96984291,1.22472692,0.34823078,-0.92170489,0.17086619,0.05661273
3,1595941294079054300,1595941294079031500,0.92414576,0.34044248,-0.17335896,0.62076348,0.08303011,0.26394644,0.96095693,1.23861265,0.37290806,-0.90245837,0.21565792,0.03699183
3,1595941294088462100,1595941294088416000,0.92105007,0.34530762,-0.18008107,0.62251562,0.08101472,0.28240135,0.95586926,1.24354374,0.38092408,-0.89499277,0.23213071,0.03564215
3,1595941294097013400,1595941294096986100,0.90711015,0.37113184,-0.19852485,0.63373601,0.04502475,0.38340378,0.92248267,1.23487353,0.41847783,-0.84573203,0.33107927,0.01892495
3,1595941294106019700,1595941294105969600,0.89937204,0.37958193,-0.21690384,0.63858944,0.03224483,0.43719351,0.89878923,1.24487150,0.43599308,-0.81534004,0.38095999,0.00895178
3,1595941294114732700,1595941294114699200,0.89331436,0.39073581,-0.22206932,0.64449745,0.01936889,0.46018124,0.88761365,1.24825895,0.44901457,-0.79721934,0.40351832,0.00094211
3,1595941294123676200,1595941294123658400,0.88890022,0.39991495,-0.22343718,0.64790148,-0.00020457,0.48809350,0.87279129,1.25732625,0.45810053,-0.77577877,0.43394816,-0.00466847
3,1595941294132685200,1595941294132614000,0.87540078,0.41173294,-0.25327685,0.65635973,-0.02572815,0.56289351,0.82612890,1.27273154,0.48271242,-0.71667761,0.50335056,-0.01745272
3,1595941294142632700,1595941294142596900,0.87101924,0.42353579,-0.24888280,0.66391826,-0.04906431,0.57910317,0.81377649,1.27964365,0.48879233,-0.69660378,0.52519053,-0.01730645
3,1595941294151973300,1595941294151940900,0.86343825,0.42860502,-0.26602980,0.67217898,-0.07179141,0.62639791,0.77619046,1.27455294,0.49931964,-0.65109402,0.57162607,-0.02898741
3,1595941294161909200,1595941294161876300,0.85208422,0.43927118,-0.28459275,0.67662269,-0.10165397,0.67226857,0.73329490,1.28090608,0.51343811,-0.59589916,0.61748308,-0.03923130
3,1595941294170559700,1595941294170515200,0.84446841,0.44712898,-0.29487038,0.67956579,-0.12820664,0.70327967,0.69925725,1.29183209,0.52003455,-0.55269641,0.65122241,-0.04564703
3,1595941294179582600,1595941294179534600,0.83442193,0.44773653,-0.32135928,0.68665981,-0.15084298,0.74636805,0.64821374,1.30639863,0.53008127,-0.49240908,0.69032377,-0.04890907
3,1595941294188507400,1595941294188403400,1.00000000,0.00000000,0.00000000,0.00000000,0.00000000,1.00000000,0.00000000,0.00000000,0.00000000,0.00000000,1.00000000,0.00000000
3,1595941294197431000,1595941294197361700,1.00000000,0.00000000,0.00000000,0.00000000,0.00000000,1.00000000,0.00000000,0.00000000,0.00000000,0.00000000,1.00000000,0.00000000
3,1595941294206693900,1595941294206633600,1.00000000,0.00000000,0.00000000,0.00000000,0.00000000,1.00000000,0.00000000,0.00000000,0.00000000,0.00000000,1.00000000,0.00000000
3,1595941294215631000,1595941294215586300,1.00000000,0.00000000,0.00000000,0.00000000,0.00000000,1.00000000,0.00000000,0.00000000,0.00000000,0.00000000,1.00000000,0.00000000
3,1595941294224867100,1595941294224829000,1.00000000,0.00000000,0.00000000,0.00000000,0.00000000,1.00000000,0.00000000,0.00000000,0.00000000,0.00000000,1.00000000,0.00000000
3,1595941294233737200,1595941294233686600,1.00000000,0.00000000,0.00000000,0.00000000,0.00000000,1.00000000,0.00000000,0.00000000,0.00000000,0.00000000,1.00000000,0.00000000
3,1595941294242614100,1595941294242554500,1.00000000,0.00000000,0.00000000,0.00000000,0.00000000,1.00000000,0.00000000,0.00000000,0.00000000,0.00000000,1.00000000,0.00000000
3,1595941294252041100,1595941294251987100,1.00000000,0.00000000,0.00000000,0.00000000,0.00000000,1.00000000,0.00000000,0.00000000,0.00000000,0.00000000,1.00000000,0.00000000
3,1595941294261617900,1595941294261579900,1.00000000,0.00000000,0.00000000,0.00000000,0.00000000,1.00000000,0.00000000,0.00000000,0.00000000,0.00000000,1.00000000,0.00000000
3,1595941294270413200,1595941294270388600,1.00000000,0.00000000,0.00000000,0.00000000,0.00000000,1.00000000,0.00000000,0.00000000,0.00000000,0.00000000,1.00000000,0.00000000
3,1595941294279616900,1595941294279594000,1.00000000,0.00000000,0.00000000,0.00000000,0.00000000,1.00000000,0.00000000,0.00000000,0.00000000,0.00000000,1.00000000,0.00000000
3,1595941294288439500,1595941294288379100,1.00000000,0.00000000,0.00000000,0.00000000,0.00000000,1.00000000,0.00000000,0.00000000,0.00000000,0.00000000,1.00000000,0.00000000
3,1595941294297358200,1595941294297341600,1.00000000,0.00000000,0.00000000,0.00000000,0.00000000,1.00000000,0.00000000,0.00000000,0.00000000,0.00000000,1.00000000,0.00000000
3,1595941294306493300,1595941294306450600,0.71934855,0.39797327,-0.56934589,0.78043020,-0.50964588,0.85929543,-0.04327159,1.45181000,0.47201535,0.32129216,0.82095832,-0.08317399
3,1595941294315359700,1595941294315339100,0.71397197,0.38911018,-0.58209717,0.78378654,-0.52918124,0.84427029,-0.08470485,1.45597720,0.45848781,0.36851180,0.80869508,-0.07702029
3,1595941294324351200,1595941294324315400,0.71114939,0.37928551,-0.59195340,0.78595608,-0.54488921,0.82941163,-0.12317494,1.45940447,0.44425458,0.41014484,0.79650414,-0.06829548
3,1595941294333467500,1595941294333441800,0.70788258,0.36989412,-0.60173112,0.78918630,-0.56107783,0.81196934,-0.16092674,1.46412337,0.42906135,0.45153528,0.78231841,-0.05851340
3,1595941294342407400,1595941294342376300,0.59635180,0.36170855,-0.71661091,0.78354752,-0.60206884,0.79199553,-0.10127301,1.49736369,0.53092128,0.49184349,0.69008142,-0.13606393
3,1595941294351596000,1595941294351500200,0.59789717,0.33193147,-0.72961652,0.78213447,-0.63284367,0.75412446,-0.17551392,1.49229646,0.49196309,0.56667250,0.66094959,-0.13597560
3,1595941294360221600,1595941294360198700,0.59837019,0.31912363,-0.73492384,0.78480703,-0.64388996,0.73740739,-0.20404902,1.49524677,0.47682139,0.59530699,0.64672309,-0.12851298
3,1595941294369493500,1595941294369461000,0.61998451,0.31722391,-0.71762663,0.79664874,-0.65117067,0.71827763,-0.24505909,1.50104880,0.43771657,0.61923027,0.65188789,-0.11980987
3,1595941294378164700,1595941294378097000,0.62142926,0.28373548,-0.73028731,0.80234820,-0.66812998,0.67873418,-0.30483150,1.51520228,0.40917945,0.67735815,0.61135745,-0.10113525
3,1595941294387222200,1595941294387176800,0.62162220,0.27388349,-0.73387563,0.80610228,-0.67762011,0.65801597,-0.32839900,1.51659000,0.39295882,0.70142907,0.59462631,-0.09762669
3,1595941294396149800,1595941294396053600,0.63371295,0.25943676,-0.72876632,0.81894338,-0.68777943,0.62016696,-0.37729609,1.52195263,0.35407230,0.74032789,0.57144308,-0.08158672
3,1595941294405889500,1595941294405854900,0.63467765,0.23922963,-0.73481518,0.82406121,-0.69599169,0.59017926,-0.40900359,1.53105485,0.33582687,0.77101070,0.54107541,-0.05700982
3,1595941294415294400,1595941294415234800,0.63618165,0.22985196,-0.73650581,0.82680005,-0.70224893,0.56788534,-0.42936304,1.53259659,0.31956089,0.79036337,0.52269149,-0.04786050
3,1595941294424000700,1595941294423959400,0.63644105,0.21853878,-0.73971850,0.83083856,-0.70889723,0.54368663,-0.44929892,1.53413367,0.30398580,0.81033671,0.50094599,-0.04229009
3,1595941294433274800,1595941294433199000,0.63676167,0.20008205,-0.74464864,0.83496910,-0.71601468,0.51178366,-0.47476351,1.53493547,0.28610733,0.83549058,0.46914589,-0.03718519
3,1595941294442042200,1595941294442021600,0.64593989,0.18901969,-0.73961681,0.83727843,-0.71963596,0.47406057,-0.50733680,1.53612447,0.25472650,0.85996401,0.44223994,-0.01363218
3,1595941294451140600,1595941294451099000,0.64884919,0.18204565,-0.73881930,0.84167397,-0.72257411,0.45174417,-0.52327222,1.53714740,0.23849782,0.87337655,0.42465526,-0.00953960
3,1595941294459875400,1595941294459847000,0.64930242,0.16402623,-0.74263155,0.84183818,-0.72705716,0.42037725,-0.54283589,1.53641725,0.22314605,0.89240032,0.39220834,0.00007212
3,1595941294469097900,1595941294469075500,0.65489107,0.16340977,-0.73784471,0.84588009,-0.72803658,0.39827114,-0.55798095,1.53857172,0.20268269,0.90259475,0.37979245,0.00378132
3,1595941294477861200,1595941294477844600,0.65835744,0.14193413,-0.73920220,0.84817463,-0.73086870,0.35537562,-0.58269978,1.53727698,0.17998943,0.92388463,0.33769935,0.02012265
3,1595941294487014100,1595941294486970800,0.66029352,0.13503863,-0.73876709,0.85062355,-0.73217946,0.33463734,-0.59323770,1.53802896,0.16710901,0.93262124,0.31983137,0.02617562
3,1595941294496096300,1595941294496052100,0.66228813,0.12436638,-0.73885530,0.85219270,-0.73331356,0.30989429,-0.60515839,1.53891098,0.15370564,0.94260198,0.29643881,0.03332973
3,1595941294505055900,1595941294505004800,0.66579962,0.11844248,-0.73666954,0.85388112,-0.73360127,0.28409147,-0.61735004,1.53947258,0.13616103,0.95145327,0.27603751,0.03709626
3,1595941294513818900,1595941294513761900,0.67001522,0.10412442,-0.73500848,0.85720468,-0.73288894,0.25033003,-0.63262039,1.53910995,0.11812343,0.96254504,0.24403650,0.04973817
3,1595941294523021900,1595941294523003700,0.67206478,0.09589054,-0.73425722,0.85823202,-0.73281968,0.22849970,-0.64090806,1.53894413,0.10632051,0.96881002,0.22383699,0.05627632
3,1595941294531813100,1595941294531747300,0.67387563,0.08799539,-0.73358583,0.86005104,-0.73269618,0.20741479,-0.64817846,1.53952789,0.09511981,0.97428733,0.20424558,0.06200731
3,1595941294541218000,1595941294541192500,0.67912322,0.08171482,-0.72946155,0.86171407,-0.72997367,0.17944276,-0.65949875,1.53938437,0.07700573,0.98036879,0.18151332,0.07074499
3,1595941294551153200,1595941294551126400,0.67983037,0.07534210,-0.72948891,0.86298579,-0.73024893,0.16120623,-0.66388929,1.53927994,0.06757930,0.98404068,0.16461129,0.07597268
3,1595941294560976700,1595941294560944100,0.68188584,0.06921586,-0.72817630,0.86428165,-0.72912824,0.14371958,-0.66911632,1.53900886,0.05833970,0.98719490,0.14846750,0.08016002
3,1595941294569733200,1595941294569686200,0.68512553,0.06488816,-0.72552902,0.86536026,-0.72711515,0.12062299,-0.67583543,1.53928387,0.04366171,0.99057537,0.12982297,0.08460867
3,1595941294578844400,1595941294578767500,0.68651849,0.06036853,-0.72460181,0.86644554,-0.72618306,0.10728926,-0.67907816,1.53905940,0.03674700,0.99239337,0.11749458,0.08894193
3,1595941294587636300,1595941294587616800,0.68889874,0.05311197,-0.72290903,0.86754215,-0.72436589,0.08716652,-0.68388301,1.53893578,0.02669104,0.99477684,0.09852132,0.09408271
3,1595941294597071500,1595941294597017700,0.68988752,0.05126540,-0.72209895,0.86796558,-0.72350067,0.08262914,-0.68536055,1.53861082,0.02453110,0.99526089,0.09409528,0.09534156
3,1595941294606923200,1595941294606894600,0.69175196,0.05069868,-0.72035319,0.86825645,-0.72199500,0.06820086,-0.68852866,1.53892040,0.01422117,0.99638253,0.08378220,0.09865475
3,1595941294615644800,1595941294615621100,0.69347310,0.04779623,-0.71889526,0.86880863,-0.72042489,0.05860621,-0.69105226,1.53911567,0.00910199,0.99713629,0.07507534,0.10106826
3,1595941294624578900,1595941294624547500,0.69483662,0.04446856,-0.71779132,0.86923331,-0.71914721,0.05045234,-0.69302362,1.53887033,0.00539645,0.99773592,0.06703549,0.10320294
3,1595941294633598900,1595941294633558100,0.69649833,0.04380345,-0.71622008,0.86937785,-0.71755415,0.03913945,-0.69540203,1.53896880,-0.00242859,0.99827313,0.05869182,0.10487854
3,1595941294642641300,1595941294642594400,0.69781440,0.04259017,-0.71501112,0.86983132,-0.71625453,0.03332869,-0.69704270,1.53971124,-0.00585682,0.99853653,0.05376255,0.10645866
3,1595941294651466100,1595941294651416400,0.69881278,0.03979348,-0.71419674,0.87016857,-0.71524668,0.02618532,-0.69838125,1.53926873,-0.00908959,0.99886471,0.04676070,0.10854506
3,1595941294660827800,1595941294660804000,0.69895852,0.03926963,-0.71408314,0.87026858,-0.71509367,0.02456387,-0.69859684,1.53896570,-0.00989304,0.99892664,0.04525049,0.10936856
3,1595941294669386400,1595941294669297300,0.70006555,0.04025642,-0.71294284,0.87047946,-0.71392477,0.01874589,-0.69997132,1.53931713,-0.01481364,0.99901348,0.04186331,0.10923207
3,1595941294678873300,1595941294678828000,0.70059878,0.03994206,-0.71243656,0.87066031,-0.71336764,0.01631013,-0.70060009,1.53939021,-0.01636352,0.99906880,0.03992013,0.11019242
3,1595941294688466100,1595941294688438600,0.70054865,0.03892887,-0.71254188,0.87090206,-0.71339232,0.01385676,-0.70062774,1.53889883,-0.01740117,0.99914587,0.03747879,0.11099148
3,1595941294697496700,1595941294697446500,0.70158583,0.04106642,-0.71140051,0.87098438,-0.71226376,0.01044809,-0.70183408,1.53884220,-0.02138908,0.99910176,0.03658026,0.11103904
3,1595941294706703500,1595941294706683100,0.70176774,0.04033306,-0.71126306,0.87133956,-0.71205682,0.00846917,-0.70207071,1.53883839,-0.02229290,0.99915034,0.03466273,0.11180985
3,1595941294715244100,1595941294715221500,0.70196778,0.03922922,-0.71112734,0.87151462,-0.71183640,0.00637124,-0.70231628,1.53830671,-0.02302060,0.99920988,0.03239710,0.11271942
3,1595941294724566700,1595941294724531300,0.70192635,0.03903261,-0.71117908,0.87162930,-0.71186203,0.00552107,-0.70229751,1.53833747,-0.02348608,0.99922264,0.03166113,0.11291552
3,1595941294733414800,1595941294733388000,0.70239758,0.03853033,-0.71074104,0.87163049,-0.71136534,0.00372905,-0.70281249,1.53806400,-0.02442925,0.99925041,0.03002832,0.11368990
3,1595941294742240600,1595941294742199000,0.70280182,0.04075008,-0.71021748,0.87149942,-0.71085989,0.00185429,-0.70333111,1.53842998,-0.02734390,0.99916762,0.03027070,0.11300850
3,1595941294751270700,1595941294751194300,0.70319510,0.04042688,-0.70984656,0.87162262,-0.71044892,0.00076578,-0.70374829,1.53850555,-0.02790681,0.99918216,0.02925963,0.11371124
3,1595941294760466000,1595941294760421800,0.70321500,0.04041685,-0.70982736,0.87170970,-0.71042627,0.00065245,-0.70377123,1.53855848,-0.02798114,0.99918264,0.02917191,0.11386836
3,1595941294769147300,1595941294769099200,0.70362449,0.04004169,-0.70944279,0.87162328,-0.70999557,-0.00058645,-0.70420587,1.53823280,-0.02861368,0.99919778,0.02801668,0.11441708
3,1595941294778514400,1595941294778470500,0.70389944,0.04226863,-0.70904070,0.87146348,-0.70963454,-0.00133413,-0.70456856,1.53867698,-0.03072715,0.99910533,0.02905609,0.11367798
3,1595941294786995400,1595941294786952500,0.70398867,0.04214192,-0.70895970,0.87162626,-0.70955271,-0.00123756,-0.70465118,1.53879642,-0.03057278,0.99911082,0.02903059,0.11412036
3,1595941294796176600,1595941294796070900,0.70405513,0.04230888,-0.70888376,0.87164789,-0.70945585,-0.00206706,-0.70474672,1.53853941,-0.03128240,0.99910241,0.02856087,0.11426198
3,1595941294805018000,1595941294804985100,0.70414430,0.04203290,-0.70881158,0.87171263,-0.70936477,-0.00241776,-0.70483732,1.53831208,-0.03134014,0.99911326,0.02811411,0.11446214
3,1595941294814057300,1595941294814017400,0.70444912,0.04397918,-0.70839047,0.87176037,-0.70900351,-0.00229198,-0.70520115,1.53850317,-0.03263783,0.99902976,0.02956672,0.11435091
3,1595941294822997700,1595941294822960800,0.70462072,0.04367284,-0.70823878,0.87188405,-0.70881456,-0.00314850,-0.70538777,1.53825724,-0.03303623,0.99904090,0.02873735,0.11453140
3,1595941294832115400,1595941294832056300,0.70432675,0.04391675,-0.70851606,0.87192833,-0.70910144,-0.00308171,-0.70509970,1.53823745,-0.03314918,0.99903041,0.02897081,0.11451340
3,1595941294840946800,1595941294840908400,0.70459914,0.04540693,-0.70815116,0.87186080,-0.70877510,-0.00322902,-0.70542705,1.53839159,-0.03431796,0.99896330,0.02990804,0.11398673
3,1595941294850010500,1595941294849969500,0.70492136,0.04576825,-0.70780718,0.87196618,-0.70843565,-0.00339846,-0.70576710,1.53861952,-0.03470723,0.99894625,0.03002811,0.11463070
3,1595941294859063300,1595941294858918300,0.70480889,0.04553163,-0.70793438,0.87189388,-0.70855081,-0.00354707,-0.70565081,1.53843033,-0.03464058,0.99895656,0.02976137,0.11478937
3,1595941294867980500,1595941294867930500,0.70504999,0.04598611,-0.70766491,0.87184548,-0.70830858,-0.00314697,-0.70589584,1.53830314,-0.03468845,0.99893707,0.03035349,0.11479712
3,1595941294876803400,1595941294876742600,0.70507431,0.04715039,-0.70756406,0.87152416,-0.70822418,-0.00368755,-0.70597792,1.53830492,-0.03589636,0.99888092,0.03079295,0.11447537
3,1595941294885865200,1595941294885833300,0.70539957,0.04750944,-0.70721579,0.87174970,-0.70789981,-0.00332109,-0.70630497,1.53863287,-0.03590493,0.99886519,0.03128913,0.11476016
3,1595941294894794100,1595941294894732500,0.70541227,0.04767796,-0.70719177,0.87178504,-0.70787823,-0.00339978,-0.70632625,1.53853750,-0.03608054,0.99885690,0.03135185,0.11472631
3,1595941294903880200,1595941294903824600,0.70556062,0.04785002,-0.70703208,0.87180257,-0.70772946,-0.00324214,-0.70647603,1.53851843,-0.03609724,0.99884921,0.03157724,0.11467791
3,1595941294912835600,1595941294912808500,0.70577854,0.04903990,-0.70673305,0.87178099,-0.70746201,-0.00340774,-0.70674306,1.53866458,-0.03706701,0.99879098,0.03228866,0.11421490
3,1595941294922019900,1595941294921992700,0.70589173,0.04900171,-0.70662266,0.87192231,-0.70735627,-0.00324532,-0.70684969,1.53865933,-0.03693010,0.99879336,0.03237072,0.11462581
3,1595941294930625800,1595941294930610100,0.70582974,0.04900678,-0.70668417,0.87196386,-0.70741606,-0.00329881,-0.70678955,1.53852880,-0.03696875,0.99879295,0.03233969,0.11456847
3,1595941294939946500,1595941294939911400,0.70578909,0.05026374,-0.70663649,0.87190145,-0.70740789,-0.00334583,-0.70679754,1.53863132,-0.03789062,0.99873030,0.03319542,0.11413324
3,1595941294948663500,1595941294948627800,0.70595330,0.05079913,-0.70643419,0.87194663,-0.70722270,-0.00335789,-0.70698279,1.53862762,-0.03828629,0.99870318,0.03355569,0.11483669
3,1595941294957850100,1595941294957831500,0.70609087,0.05057606,-0.70631266,0.87202024,-0.70710874,-0.00295788,-0.70709854,1.53847623,-0.03785149,0.99871576,0.03367415,0.11466193
3,1595941294966640300,1595941294966619500,0.70636427,0.05216924,-0.70592332,0.87174094,-0.70676011,-0.00330048,-0.70744550,1.53841066,-0.03923682,0.99863273,0.03453970,0.11439610
3,1595941294975618900,1595941294975597800,0.70634282,0.05213898,-0.70594704,0.87189323,-0.70678788,-0.00316996,-0.70741832,1.53869927,-0.03912194,0.99863476,0.03461203,0.11489129
3,1595941294984700000,1595941294984633800,0.70642525,0.05224767,-0.70585650,0.87188548,-0.70669854,-0.00323301,-0.70750731,1.53863096,-0.03924770,0.99862885,0.03463938,0.11484373
3,1595941294993748000,1595941294993707500,0.70652831,0.05220627,-0.70575637,0.87189090,-0.70659202,-0.00335447,-0.70761311,1.53865266,-0.03930932,0.99863064,0.03451841,0.11463320
3,1595941295002656000,1595941295002616000,0.70664948,0.05303941,-0.70557290,0.87191594,-0.70643699,-0.00336473,-0.70776784,1.53879845,-0.03991370,0.99858671,0.03509123,0.11414659
3,1595941295011538700,1595941295011516700,0.70697975,0.05344235,-0.70521158,0.87197292,-0.70609218,-0.00329313,-0.70811218,1.53860712,-0.04016558,0.99856544,0.03540695,0.11473453
3,1595941295020481600,1595941295020448800,0.70699865,0.05337662,-0.70519763,0.87199116,-0.70607126,-0.00340723,-0.70813251,1.53864169,-0.04020053,0.99856859,0.03527870,0.11466050
3,1595941295029739500,1595941295029661400,0.70707482,0.05356181,-0.70510715,0.87202424,-0.70599401,-0.00324013,-0.70821035,1.53866255,-0.04021771,0.99855924,0.03552321,0.11459959
3,1595941295038507600,1595941295038476500,0.70701361,0.05466501,-0.70508391,0.87200034,-0.70599085,-0.00371425,-0.70821112,1.53873849,-0.04133327,0.99849778,0.03596688,0.11428428
3,1595941295047523700,1595941295047484000,0.70737380,0.05436968,-0.70474541,0.87204063,-0.70563644,-0.00382949,-0.70856369,1.53870463,-0.04122324,0.99851346,0.03565626,0.11499381
3,1595941295056467800,1595941295056412600,0.70732743,0.05465689,-0.70476973,0.87207049,-0.70568836,-0.00341167,-0.70851403,1.53877592,-0.04112966,0.99849933,0.03615747,0.11468434
3,1595941295065599900,1595941295065556100,0.70734650,0.05446247,-0.70476562,0.87197483,-0.70566803,-0.00363533,-0.70853323,1.53868330,-0.04115057,0.99850917,0.03586089,0.11458361
3,1595941295074282300,1595941295074190500,0.70727605,0.05520407,-0.70477861,0.87189019,-0.70570457,-0.00371542,-0.70849639,1.53867888,-0.04173047,0.99846810,0.03632984,0.11458147
3,1595941295083368500,1595941295083336800,0.70766956,0.05543863,-0.70436507,0.87195605,-0.70531380,-0.00335907,-0.70888722,1.53886771,-0.04166579,0.99845642,0.03672442,0.11510551
3,1595941295092277000,1595941295092204400,0.70759469,0.05580641,-0.70441121,0.87198347,-0.70536327,-0.00360513,-0.70883673,1.53898215,-0.04209717,0.99843502,0.03681273,0.11476076
3,1595941295101734400,1595941295101697900,0.70759851,0.05606319,-0.70438701,0.87195122,-0.70535994,-0.00333524,-0.70884138,1.53891611,-0.04208925,0.99842161,0.03718462,0.11471951
3,1595941295111317700,1595941295111290600,0.70748341,0.05662867,-0.70445740,0.87183654,-0.70545959,-0.00314833,-0.70874304,1.53898907,-0.04235309,0.99839032,0.03772176,0.11442399
3,1595941295120062400,1595941295120028100,0.70795333,0.05674687,-0.70397562,0.87192488,-0.70498252,-0.00312355,-0.70921773,1.53886747,-0.04244483,0.99838364,0.03779412,0.11466622
3,1595941295129139400,1595941295129099200,0.70797390,0.05660735,-0.70396620,0.87196636,-0.70496756,-0.00312895,-0.70923257,1.53881812,-0.04235050,0.99839157,0.03769103,0.11445296
3,1595941295138188700,1595941295138145900,0.70790386,0.05756012,-0.70395935,0.87192863,-0.70501322,-0.00275265,-0.70918876,1.53879726,-0.04275879,0.99833822,0.03863193,0.11422706
3,1595941295147154700,1595941295147101600,0.70829403,0.05750312,-0.70357150,0.87198758,-0.70462537,-0.00268350,-0.70957434,1.53864861,-0.04269082,0.99834168,0.03861735,0.11483431
3,1595941295156106500,1595941295156034400,0.70816314,0.05789638,-0.70367092,0.87211025,-0.70475423,-0.00235862,-0.70944750,1.53871346,-0.04273418,0.99831975,0.03913234,0.11448109
3,1595941295165288400,1595941295165230800,0.70794934,0.05811314,-0.70386821,0.87210512,-0.70494986,-0.00260402,-0.70925230,1.53876901,-0.04304982,0.99830657,0.03912324,0.11425674
3,1595941295173991400,1595941295173966400,0.70832062,0.05816339,-0.70349038,0.87211692,-0.70458889,-0.00224244,-0.70961213,1.53856921,-0.04285103,0.99830449,0.03939282,0.11483777
3,1595941295183077500,1595941295183029400,0.70831919,0.05849537,-0.70346433,0.87210244,-0.70456833,-0.00241763,-0.70963192,1.53863621,-0.04321095,0.99828470,0.03950144,0.11459231
3,1595941295192066000,1595941295192023200,0.70830417,0.05846294,-0.70348215,0.87208563,-0.70461321,-0.00176002,-0.70958930,1.53878736,-0.04272287,0.99828798,0.03994703,0.11424935
3,1595941295201474100,1595941295201425500,0.70835483,0.05915738,-0.70337307,0.87192845,-0.70452476,-0.00192687,-0.70967674,1.53869438,-0.04333797,0.99824679,0.04031284,0.11420619
3,1595941295210989400,1595941295210949000,0.70856488,0.05908117,-0.70316792,0.87210441,-0.70431441,-0.00196497,-0.70988536,1.53860891,-0.04332261,0.99825120,0.04021933,0.11465657
3,1595941295219896600,1595941295219862700,0.70836014,0.05963453,-0.70332742,0.87202770,-0.70449835,-0.00192691,-0.70970291,1.53866327,-0.04367809,0.99821836,0.04064739,0.11443853
3,1595941295228967900,1595941295228941100,0.70848101,0.05915543,-0.70324612,0.87203670,-0.70440751,-0.00169492,-0.70979369,1.53874946,-0.04318015,0.99824733,0.04046861,0.11429191
3,1595941295237906400,1595941295237880100,0.70847088,0.05988937,-0.70319426,0.87195438,-0.70439643,-0.00144522,-0.70980525,1.53873420,-0.04352611,0.99820393,0.04116186,0.11434352
3,1595941295247061300,1595941295247000300,0.70861220,0.06006598,-0.70303673,0.87207079,-0.70425427,-0.00125469,-0.70994669,1.53879690,-0.04352579,0.99819356,0.04141254,0.11457670
3,1595941295255923800,1595941295255892000,0.70879292,0.05985073,-0.70287287,0.87205005,-0.70406896,-0.00153491,-0.71012986,1.53888249,-0.04358068,0.99820614,0.04105101,0.11436832
3,1595941295265170300,1595941295265111500,0.70848721,0.06035915,-0.70313764,0.87200928,-0.70435786,-0.00147573,-0.70984346,1.53886175,-0.04388323,0.99817556,0.04146882,0.11435914
3,1595941295273838600,1595941295273787900,0.70848799,0.06050495,-0.70312428,0.87206531,-0.70436066,-0.00124564,-0.70984107,1.53882313,-0.04382478,0.99816710,0.04173468,0.11480582
3,1595941295282893900,1595941295282842100,0.70859164,0.06059385,-0.70301217,0.87196255,-0.70424628,-0.00137710,-0.70995432,1.53876662,-0.04398703,0.99816149,0.04169710,0.11468220
3,1595941295291916800,1595941295291878800,0.70885313,0.06086357,-0.70272517,0.87198454,-0.70398492,-0.00104138,-0.71021408,1.53904271,-0.04395801,0.99814552,0.04210875,0.11426425
3,1595941295301007300,1595941295300941900,0.70866519,0.06104670,-0.70289886,0.87181103,-0.70414948,-0.00142891,-0.71005023,1.53884149,-0.04435065,0.99813384,0.04197329,0.11439574
3,1595941295310089700,1595941295310057100,0.70896643,0.06126583,-0.70257592,0.87214559,-0.70385653,-0.00094731,-0.71034145,1.53910041,-0.04418526,0.99812096,0.04245064,0.11467171
3,1595941295318816800,1595941295318774700,0.70884758,0.06098802,-0.70271999,0.87202621,-0.70397329,-0.00130547,-0.71022516,1.53897309,-0.04423265,0.99813759,0.04200846,0.11454785
3,1595941295327549000,1595941295327510000,0.70900917,0.06132903,-0.70252728,0.87207472,-0.70379323,-0.00133680,-0.71040356,1.53923082,-0.04450754,0.99811667,0.04221506,0.11417043
3,1595941295336804800,1595941295336721100,0.70913321,0.06159333,-0.70237899,0.87188178,-0.70367062,-0.00100595,-0.71052551,1.53913414,-0.04447024,0.99810076,0.04262797,0.11421824
3,1595941295345645500,1595941295345618400,0.70901465,0.06175051,-0.70248485,0.87192303,-0.70376480,-0.00142124,-0.71043152,1.53897953,-0.04486795,0.99809057,0.04245006,0.11488497
3,1595941295355056100,1595941295355023000,0.70899075,0.06177817,-0.70250648,0.87196076,-0.70380574,-0.00101812,-0.71039164,1.53905952,-0.04460198,0.99808931,0.04275790,0.11450076
3,1595941295365115100,1595941295365047200,0.70906717,0.06239875,-0.70237458,0.87199056,-0.70369905,-0.00104640,-0.71049732,1.53906488,-0.04506916,0.99805069,0.04316788,0.11447883
3,1595941295374721900,1595941295374665300,0.70901114,0.06253361,-0.70241910,0.87191725,-0.70374709,-0.00110065,-0.71044964,1.53909791,-0.04520014,0.99804223,0.04322738,0.11421013
3,1595941295383608200,1595941295383505900,0.70926702,0.06205684,-0.70220298,0.87202328,-0.70350224,-0.00127135,-0.71069181,1.53896999,-0.04499608,0.99807173,0.04275531,0.11473250
3,1595941295392990500,1595941295392914400,0.70928508,0.06250442,-0.70214510,0.87199134,-0.70348155,-0.00087275,-0.71071291,1.53904164,-0.04503554,0.99804425,0.04335158,0.11445725
3,1595941295402673700,1595941295402650200,0.70921665,0.06223264,-0.70223832,0.87187940,-0.70355779,-0.00099282,-0.71063727,1.53889537,-0.04492208,0.99806112,0.04308004,0.11440182
3,1595941295411442400,1595941295411388500,0.70961499,0.06274187,-0.70179045,0.87214547,-0.70312828,-0.00105532,-0.71106219,1.53907645,-0.04535402,0.99802917,0.04336661,0.11472583
3,1595941295420476800,1595941295420452000,0.70943689,0.06259925,-0.70198327,0.87202621,-0.70332533,-0.00083312,-0.71086752,1.53904200,-0.04508466,0.99803835,0.04343649,0.11458325
3,1595941295429439500,1595941295429408800,0.70959151,0.06276948,-0.70181173,0.87212855,-0.70314568,-0.00116765,-0.71104479,1.53925514,-0.04545143,0.99802732,0.04330744,0.11427844
3,1595941295438766700,1595941295438723000,0.70952606,0.06302965,-0.70185453,0.87207896,-0.70321476,-0.00084329,-0.71097696,1.53921223,-0.04540454,0.99801123,0.04372495,0.11436272
3,1595941295447452900,1595941295447415000,0.70985436,0.06293786,-0.70153081,0.87210584,-0.70288765,-0.00081398,-0.71130037,1.53920603,-0.04533880,0.99801707,0.04366035,0.11484921
3,1595941295456426900,1595941295456394900,0.70978403,0.06302281,-0.70159435,0.87210059,-0.70294911,-0.00094350,-0.71123940,1.53924632,-0.04548631,0.99801159,0.04363205,0.11462295
3,1595941295465360400,1595941295465180200,0.70949882,0.06361856,-0.70182896,0.87210023,-0.70321268,-0.00089580,-0.71097893,1.53927994,-0.04586020,0.99797386,0.04410171,0.11469328
3,1595941295474924600,1595941295474867400,0.70993370,0.06332656,-0.70141554,0.87214786,-0.70277727,-0.00107440,-0.71140903,1.53909123,-0.04580474,0.99799222,0.04374162,0.11525035
3,1595941295484272600,1595941295484248000,0.70982027,0.06344766,-0.70151931,0.87206525,-0.70289469,-0.00089849,-0.71129328,1.53903008,-0.04576025,0.99798471,0.04395916,0.11489165
3,1595941295493253000,1595941295493174600,0.71003723,0.06377027,-0.70127046,0.87216944,-0.70265090,-0.00108689,-0.71153384,1.53921175,-0.04613696,0.99796396,0.04403641,0.11452794
3,1595941295502133500,1595941295502116200,0.70977688,0.06354786,-0.70155418,0.87205124,-0.70293337,-0.00091363,-0.71125507,1.53914344,-0.04583975,0.99797833,0.04402135,0.11443365
3,1595941295511026200,1595941295510980100,0.70992386,0.06404430,-0.70136029,0.87217093,-0.70276970,-0.00072839,-0.71141702,1.53908420,-0.04607312,0.99794674,0.04449119,0.11491346
3,1595941295520130500,1595941295520085900,0.71001947,0.06370050,-0.70129484,0.87215674,-0.70266199,-0.00130754,-0.71152252,1.53904974,-0.04624135,0.99796814,0.04383145,0.11473453
3,1595941295528944900,1595941295528916600,0.71015745,0.06394003,-0.70113325,0.87203592,-0.70252079,-0.00109022,-0.71166235,1.53923011,-0.04626815,0.99795312,0.04414487,0.11449194
3,1595941295537764700,1595941295537714400,0.71028978,0.06385924,-0.70100659,0.87209105,-0.70239681,-0.00094896,-0.71178490,1.53908372,-0.04611931,0.99795842,0.04418039,0.11514664
3,1595941295546953900,1595941295546923200,0.71008939,0.06380066,-0.70121491,0.87200969,-0.70259655,-0.00108669,-0.71158749,1.53908277,-0.04616179,0.99796200,0.04405438,0.11493242
3,1595941295555785300,1595941295555705700,0.71031904,0.06419159,-0.70094663,0.87205023,-0.70234644,-0.00105665,-0.71183443,1.53916979,-0.04643449,0.99793696,0.04433408,0.11464632
3,1595941295564673600,1595941295564620700,0.71015024,0.06416205,-0.70112032,0.87192476,-0.70251113,-0.00123041,-0.71167165,1.53904605,-0.04652502,0.99793869,0.04420068,0.11465967
3,1595941295574014100,1595941295573989000,0.71016043,0.06440753,-0.70108747,0.87198031,-0.70249116,-0.00118646,-0.71169138,1.53918469,-0.04667015,0.99792290,0.04440305,0.11439550
3,1595941295582735300,1595941295582703200,0.71038747,0.06456545,-0.70084292,0.87210715,-0.70227253,-0.00077182,-0.71190768,1.53904533,-0.04650561,0.99791312,0.04479415,0.11484885
3,1595941295591769000,1595941295591686300,0.71040648,0.06443633,-0.70083547,0.87205195,-0.70224953,-0.00098161,-0.71193016,1.53901267,-0.04656216,0.99792129,0.04455294,0.11459386
3,1595941295600846700,1595941295600804500,0.71026677,0.06445238,-0.70097560,0.87205642,-0.70238650,-0.00107046,-0.71179485,1.53890371,-0.04662728,0.99792016,0.04451007,0.11466193
