3,1598291085691272400,1598291085691228000,-0.06851628,-0.99748468,-0.01816352,-0.26675940,-0.00918697,0.01883637,-0.99978036,1.88684487,0.99760771,-0.06833434,-0.01045447,1.00377297
3,1598291085700842000,1598291085700791200,-0.06862327,-0.99747801,-0.01812685,-0.26346350,-0.00892816,0.01878298,-0.99978369,1.88740528,0.99760276,-0.06844661,-0.01019461,1.00341320
3,1598291085709655800,1598291085709583800,-0.06859797,-0.99749559,-0.01723174,-0.26362675,-0.00923413,0.01790654,-0.99979699,1.88674021,0.99760175,-0.06842491,-0.01043937,1.00321913
3,1598291085718788600,1598291085718766200,-0.06849831,-0.99750423,-0.01712945,-0.26027054,-0.00920135,0.01780072,-0.99979919,1.88686287,0.99760890,-0.06832692,-0.01039772,1.00365067
3,1598291085727628100,1598291085727599700,-0.06865227,-0.99748981,-0.01734913,-0.25686044,-0.00912289,0.01801713,-0.99979603,1.88724983,0.99759901,-0.06848001,-0.01033692,1.00293589
3,1598291085736710800,1598291085736672900,-0.06864858,-0.99750543,-0.01644422,-0.25596178,-0.00917519,0.01711369,-0.99981141,1.88696051,0.99759877,-0.06848472,-0.01032714,1.00151253
3,1598291085745586800,1598291085745495100,-0.06868330,-0.99750286,-0.01645582,-0.25239825,-0.00916828,0.01712520,-0.99981129,1.88683319,0.99759644,-0.06851947,-0.01032161,1.00181317
3,1598291085754737400,1598291085754665400,-0.06844166,-0.99751836,-0.01652276,-0.24858868,-0.00919405,0.01719155,-0.99980992,1.88696742,0.99761277,-0.06827670,-0.01034787,1.00345755
3,1598291085763495700,1598291085763411600,-0.06863260,-0.99750656,-0.01644362,-0.24497056,-0.00949709,0.01713501,-0.99980807,1.88737190,0.99759686,-0.06846324,-0.01064944,1.00402427
3,1598291085773265000,1598291085773194300,-0.06849933,-0.99752235,-0.01603303,-0.24330211,-0.00925519,0.01670548,-0.99981761,1.88694823,0.99760830,-0.06833842,-0.01037659,1.00224781
3,1598291085782775900,1598291085782725300,-0.06842408,-0.99752957,-0.01590642,-0.23904926,-0.00943992,0.01659044,-0.99981779,1.88687682,0.99761170,-0.06826144,-0.01055179,1.00344038
3,1598291085791519500,1598291085791470600,-0.06860027,-0.99751604,-0.01599357,-0.23490411,-0.00947125,0.01668181,-0.99981600,1.88728631,0.99759936,-0.06843615,-0.01059211,1.00309157
3,1598291085800677100,1598291085800639600,-0.06837755,-0.99752986,-0.01608765,-0.23009431,-0.00923927,0.01675787,-0.99981689,1.88735008,0.99761677,-0.06821638,-0.01036232,1.00305820
3,1598291085809491800,1598291085809435600,-0.06787366,-0.99757504,-0.01540560,-0.22911090,-0.00931660,0.01607428,-0.99982738,1.88689780,0.99765050,-0.06771842,-0.01038504,1.00497079
3,1598291085818802700,1598291085818766500,-0.06763834,-0.99759042,-0.01544539,-0.22421491,-0.00926386,0.01610813,-0.99982733,1.88695002,0.99766695,-0.06748357,-0.01033108,1.00498033
3,1598291085827375900,1598291085827318500,-0.06800762,-0.99756855,-0.01523299,-0.21972299,-0.00873130,0.01586287,-0.99983603,1.88734031,0.99764663,-0.06786346,-0.00978888,1.00400805
3,1598291085836488500,1598291085836399000,-0.06749529,-0.99760687,-0.01500254,-0.21700716,-0.00953388,0.01568104,-0.99983156,1.88712347,0.99767411,-0.06734085,-0.01056947,1.00314116
3,1598291085845320600,1598291085845242700,-0.06766263,-0.99760056,-0.01466651,-0.21236312,-0.00951826,0.01534497,-0.99983692,1.88685298,0.99766290,-0.06751195,-0.01053371,1.00370884
3,1598291085854505800,1598291085854454100,-0.06760541,-0.99760598,-0.01456115,-0.20727694,-0.00998341,0.01527022,-0.99983352,1.88694394,0.99766225,-0.06744874,-0.01099188,1.00366974
3,1598291085863279300,1598291085863231400,-0.06770560,-0.99759424,-0.01489453,-0.20194542,-0.00930987,0.01555985,-0.99983561,1.88728964,0.99766195,-0.06755576,-0.01034098,1.00266385
3,1598291085872429800,1598291085872377400,-0.06773353,-0.99759740,-0.01455174,-0.19890201,-0.00989624,0.01525630,-0.99983466,1.88707232,0.99765444,-0.06757832,-0.01090584,1.00264049
3,1598291085881241100,1598291085881175400,-0.06791106,-0.99758816,-0.01435730,-0.19313705,-0.00944604,0.01503279,-0.99984235,1.88710392,0.99764669,-0.06776473,-0.01044417,1.00002861
3,1598291085890585200,1598291085890367400,-0.06788951,-0.99759024,-0.01431148,-0.18783522,-0.00963329,0.01499936,-0.99984109,1.88726771,0.99764639,-0.06774086,-0.01062839,1.00344443
3,1598291085899252700,1598291085899212100,-0.06815189,-0.99756449,-0.01484992,-0.18235660,-0.00954394,0.01553574,-0.99983376,1.88744104,0.99762934,-0.06799886,-0.01057950,1.00441432
3,1598291085908231300,1598291085908174300,-0.06824219,-0.99756908,-0.01411271,-0.17847228,-0.00968502,0.01480743,-0.99984342,1.88715005,0.99762189,-0.06809479,-0.01067198,1.00332952
3,1598291085917047200,1598291085917021400,-0.06833544,-0.99756861,-0.01368511,-0.17259383,-0.00969060,0.01438023,-0.99984962,1.88726687,0.99761540,-0.06819251,-0.01064973,1.00378633
3,1598291085926288500,1598291085926232000,-0.06795800,-0.99758941,-0.01403996,-0.16646898,-0.01007287,0.01475784,-0.99984032,1.88740075,0.99763739,-0.06780571,-0.01105152,1.00546908
3,1598291085935074300,1598291085935015000,-0.06783086,-0.99759877,-0.01399358,-0.16240990,-0.01019653,0.01471833,-0.99983966,1.88720334,0.99764478,-0.06767729,-0.01117041,1.00348949
3,1598291085944282600,1598291085944224100,-0.06778851,-0.99760944,-0.01342385,-0.15618396,-0.01060024,0.01417422,-0.99984336,1.88722467,0.99764347,-0.06763560,-0.01153576,1.00546980
3,1598291085953067700,1598291085952987100,-0.06739122,-0.99762529,-0.01422547,-0.14979804,-0.00964649,0.01490873,-0.99984229,1.88722742,0.99768007,-0.06724334,-0.01062831,1.00419140
3,1598291085962064000,1598291085962015200,-0.06796643,-0.99759084,-0.01389976,-0.14340687,-0.01097794,0.01467893,-0.99983197,1.88744175,0.99762726,-0.06780243,-0.01194918,1.00365305
3,1598291085970973600,1598291085970908100,-0.06818271,-0.99757510,-0.01396890,-0.13853526,-0.00998616,0.01468320,-0.99984229,1.88727498,0.99762297,-0.06803241,-0.01096310,1.00395417
3,1598291085980003300,1598291085979948000,-0.06844687,-0.99757129,-0.01290931,-0.13226783,-0.01053361,0.01366157,-0.99985117,1.88724113,0.99759924,-0.06830066,-0.01144313,1.00663352
3,1598291085988987500,1598291085988916100,-0.06809998,-0.99758220,-0.01386619,-0.12515783,-0.00989542,0.01457316,-0.99984485,1.88726723,0.99762952,-0.06795222,-0.01086394,1.00469828
3,1598291085997988500,1598291085997947000,-0.06884453,-0.99753839,-0.01332947,-0.11804914,-0.01057365,0.01409003,-0.99984479,1.88729429,0.99757147,-0.06869289,-0.01151766,1.00376773
3,1598291086006837500,1598291086006810300,-0.06888977,-0.99754047,-0.01293271,-0.11230850,-0.01027330,0.01367218,-0.99985373,1.88686156,0.99757147,-0.06874683,-0.01118992,1.00234509
3,1598291086015954000,1598291086015907400,-0.06852427,-0.99756157,-0.01324230,-0.10500419,-0.01030432,0.01398050,-0.99984914,1.88695204,0.99759632,-0.06837749,-0.01123721,1.00385427
3,1598291086024817200,1598291086024789700,-0.06853962,-0.99756426,-0.01296159,-0.09769833,-0.01009262,0.01368480,-0.99985540,1.88719225,0.99759740,-0.06839886,-0.01100600,1.00449395
3,1598291086033862300,1598291086033835800,-0.06852201,-0.99756920,-0.01266710,-0.09069574,-0.01062678,0.01342606,-0.99985337,1.88733876,0.99759305,-0.06837732,-0.01152094,1.00919843
3,1598291086042777200,1598291086042749700,-0.06823605,-0.99758911,-0.01264562,-0.08252656,-0.01095295,0.01342348,-0.99984992,1.88686156,0.99760914,-0.06808731,-0.01184252,0.99943376
3,1598291086051940700,1598291086051891200,-0.06756940,-0.99762696,-0.01322625,-0.07488859,-0.01044600,0.01396321,-0.99984795,1.88707685,0.99765998,-0.06742099,-0.01136471,1.00494218
3,1598291086060750800,1598291086060687400,-0.06768039,-0.99762940,-0.01245564,-0.06790054,-0.01194588,0.01329367,-0.99984026,1.88700962,0.99763560,-0.06752074,-0.01281729,1.01080537
3,1598291086069879800,1598291086069823300,-0.06794491,-0.99761033,-0.01254049,-0.05876791,-0.01061690,0.01329181,-0.99985528,1.88755488,0.99763268,-0.06780195,-0.01149465,1.00497460
3,1598291086078698900,1598291086078673000,-0.06781259,-0.99762326,-0.01222087,-0.05184722,-0.01175952,0.01304745,-0.99984574,1.88756275,0.99762881,-0.06765839,-0.01261636,1.00615525
3,1598291086087715400,1598291086087681600,-0.06758121,-0.99763286,-0.01271187,-0.04312921,-0.01106649,0.01348976,-0.99984777,1.88783598,0.99765247,-0.06743023,-0.01195196,1.00456405
3,1598291086096764600,1598291086096653300,-0.06785840,-0.99762285,-0.01200099,-0.03473675,-0.01103140,0.01277823,-0.99985749,1.88789737,0.99763405,-0.06771633,-0.01187230,1.00360370
3,1598291086105737700,1598291086105709000,-0.06781647,-0.99763095,-0.01155249,-0.02892625,-0.01151105,0.01236077,-0.99985731,1.88784504,0.99763143,-0.06767380,-0.01232206,1.01180506
3,1598291086114650700,1598291086114624500,-0.06717271,-0.99767232,-0.01174845,-0.01989758,-0.01150555,0.01254882,-0.99985504,1.88816023,0.99767506,-0.06702775,-0.01232172,1.00940132
3,1598291086123710100,1598291086123609500,-0.06706139,-0.99767739,-0.01194763,-0.01139426,-0.01152755,0.01274854,-0.99985230,1.88827109,0.99768233,-0.06691375,-0.01235572,1.01071405
3,1598291086132590600,1598291086132541900,-0.06728300,-0.99766618,-0.01163024,-0.00253260,-0.01104903,0.01240100,-0.99986202,1.88868332,0.99767280,-0.06714520,-0.01185763,1.00800228
3,1598291086141704500,1598291086141640300,-0.06756145,-0.99764395,-0.01192359,0.00546265,-0.01214511,0.01277238,-0.99984467,1.88914645,0.99764127,-0.06740612,-0.01297943,1.01623535
3,1598291086150580900,1598291086150464500,-0.06728876,-0.99766231,-0.01192516,0.01433539,-0.01063768,0.01266895,-0.99986315,1.88878572,0.99767685,-0.06715268,-0.01146530,1.01196098
3,1598291086159612600,1598291086159569400,-0.06781036,-0.99763024,-0.01164821,0.02327669,-0.01166714,0.01246721,-0.99985421,1.88902736,0.99763012,-0.06766456,-0.01248491,1.01331019
3,1598291086168630100,1598291086168522800,-0.06812233,-0.99760008,-0.01239246,0.03187490,-0.01066524,0.01314879,-0.99985665,1.88888609,0.99761999,-0.06798038,-0.01153538,1.01112461
3,1598291086177641300,1598291086177600200,-0.06809941,-0.99761975,-0.01083741,0.04057860,-0.01124065,0.01162917,-0.99986917,1.88902152,0.99761528,-0.06796867,-0.01200584,1.01210284
3,1598291086186388100,1598291086186350300,-0.06762150,-0.99763077,-0.01265746,0.04900050,-0.01087664,0.01342288,-0.99985075,1.88917148,0.99765176,-0.06747371,-0.01175856,1.01574111
3,1598291086195580200,1598291086195530000,-0.06733182,-0.99765992,-0.01188289,0.05826974,-0.01090343,0.01264498,-0.99986058,1.88943505,0.99767113,-0.06719282,-0.01172934,1.01366544
3,1598291086204413000,1598291086204335900,-0.06762359,-0.99763298,-0.01247360,0.06667888,-0.01123413,0.01326281,-0.99984890,1.88987899,0.99764776,-0.06747323,-0.01210442,1.01801777
3,1598291086213494900,1598291086213414900,-0.06840712,-0.99758428,-0.01209124,0.07409406,-0.01086291,0.01286371,-0.99985826,1.88984799,0.99759841,-0.06826606,-0.01171665,1.02237844
3,1598291086222388100,1598291086222275900,-0.06774765,-0.99762303,-0.01259362,0.08442771,-0.00986834,0.01329205,-0.99986297,1.88954341,0.99765378,-0.06761408,-0.01074540,1.01364636
3,1598291086231390100,1598291086231360200,-0.06820711,-0.99759227,-0.01255575,0.09139657,-0.01090308,0.01332965,-0.99985170,1.89042401,0.99761170,-0.06806007,-0.01178601,1.02364969
3,1598291086240300400,1598291086240228000,-0.06854218,-0.99756920,-0.01255777,0.10172093,-0.01094035,0.01333821,-0.99985117,1.89072204,0.99758828,-0.06839460,-0.01182800,1.01515985
3,1598291086249407700,1598291086249376900,-0.06902304,-0.99754173,-0.01209986,0.10948455,-0.01051496,0.01285557,-0.99986207,1.89025462,0.99755967,-0.06888631,-0.01137645,1.01698923
3,1598291086258179000,1598291086258151900,-0.06870142,-0.99755102,-0.01311942,0.11913061,-0.00968491,0.01381676,-0.99985760,1.89012897,0.99759030,-0.06856456,-0.01061043,1.01364899
3,1598291086267256200,1598291086267197000,-0.06860983,-0.99756181,-0.01277464,0.12746751,-0.00969715,0.01347105,-0.99986225,1.89035642,0.99759650,-0.06847653,-0.01059776,1.01535892
3,1598291086276220600,1598291086276191300,-0.06838265,-0.99758059,-0.01252788,0.13593328,-0.01092652,0.01330541,-0.99985176,1.89039588,0.99759942,-0.06823561,-0.01180995,1.01463556
3,1598291086285300300,1598291086285260900,-0.06842059,-0.99756843,-0.01326467,0.14440775,-0.01077808,0.01403417,-0.99984342,1.89070344,0.99759841,-0.06826687,-0.01171211,1.01267529
3,1598291086294042800,1598291086294014300,-0.06870607,-0.99757051,-0.01151994,0.15284038,-0.01056363,0.01227404,-0.99986887,1.89026856,0.99758112,-0.06857535,-0.01138128,1.01412463
3,1598291086303422400,1598291086303319400,-0.06901294,-0.99753869,-0.01240524,0.16083634,-0.01166793,0.01324115,-0.99984425,1.89074147,0.99754763,-0.06885743,-0.01255303,1.02107072
3,1598291086312033400,1598291086311972400,-0.06924474,-0.99752676,-0.01206577,0.16925621,-0.01116640,0.01286907,-0.99985480,1.89006829,0.99753731,-0.06909996,-0.01202991,1.01585674
3,1598291086321247900,1598291086321184300,-0.06911519,-0.99754035,-0.01168321,0.17839158,-0.01115647,0.01248337,-0.99985981,1.89029300,0.99754637,-0.06897515,-0.01199183,1.01386571
3,1598291086330026900,1598291086329965000,-0.06906557,-0.99754095,-0.01191709,0.18644595,-0.01029190,0.01265745,-0.99986690,1.88958871,0.99755919,-0.06893373,-0.01114080,1.01518631
3,1598291086339169200,1598291086339141500,-0.06899950,-0.99753195,-0.01300627,0.19424438,-0.01103334,0.01379960,-0.99984390,1.88997889,0.99755573,-0.06884521,-0.01195829,1.02669215
3,1598291086348013800,1598291086347935600,-0.06945091,-0.99752092,-0.01134184,0.20266497,-0.01129926,0.01215516,-0.99986225,1.88965821,0.99752140,-0.06931317,-0.01211545,1.02139878
3,1598291086357142000,1598291086357083600,-0.06871840,-0.99755216,-0.01294926,0.21234274,-0.01190257,0.01379882,-0.99983394,1.88954508,0.99756515,-0.06855288,-0.01282168,1.01931190
3,1598291086365941200,1598291086365876500,-0.06886485,-0.99755657,-0.01177668,0.22003353,-0.01066445,0.01254014,-0.99986446,1.88980818,0.99756908,-0.06872991,-0.01150198,1.01893687
3,1598291086375092300,1598291086375052100,-0.06932634,-0.99752128,-0.01204930,0.22908998,-0.01124523,0.01285901,-0.99985409,1.88979530,0.99753070,-0.06918070,-0.01210884,1.02026176
3,1598291086384047700,1598291086383936600,-0.06927487,-0.99753201,-0.01144511,0.23734367,-0.01100512,0.01223615,-0.99986458,1.88983130,0.99753702,-0.06913951,-0.01182563,1.02056766
3,1598291086393036600,1598291086392974400,-0.06916064,-0.99753934,-0.01149180,0.24658012,-0.01160423,0.01232304,-0.99985671,1.88945198,0.99753809,-0.06901735,-0.01242796,1.01448131
3,1598291086401868300,1598291086401788800,-0.06936178,-0.99751830,-0.01209456,0.25597703,-0.01062941,0.01286208,-0.99986076,1.88926029,0.99753499,-0.06922355,-0.01149517,1.01315975
3,1598291086410926700,1598291086410872600,-0.06972533,-0.99749392,-0.01201775,0.26361597,-0.01122053,0.01283053,-0.99985474,1.88933372,0.99750316,-0.06958038,-0.01208704,1.02071810
3,1598291086419774200,1598291086419725000,-0.06946254,-0.99750954,-0.01223711,0.27343154,-0.01078242,0.01301677,-0.99985713,1.88905370,0.99752635,-0.06932065,-0.01165976,1.01127458
3,1598291086428971800,1598291086428903000,-0.06941837,-0.99751264,-0.01223610,0.28353953,-0.01042234,0.01299022,-0.99986130,1.88901007,0.99753326,-0.06928116,-0.01129819,0.99858904
3,1598291086437760000,1598291086437731300,-0.06960076,-0.99751264,-0.01115495,0.29135716,-0.01045776,0.01191105,-0.99987435,1.88928103,0.99752021,-0.06947535,-0.01126078,0.99882102
3,1598291086447020300,1598291086446959400,-0.06910145,-0.99754322,-0.01151467,0.30129731,-0.01260597,0.01241446,-0.99984348,1.88983893,0.99753010,-0.06894547,-0.01343287,0.99722290
3,1598291086455727700,1598291086455649800,-0.07088500,-0.99742585,-0.01082150,0.30688548,-0.01205573,0.01170468,-0.99985880,1.89022636,0.99741167,-0.07074448,-0.01285440,0.99723744
3,1598291086464952000,1598291086464808300,-0.07077321,-0.99743497,-0.01071746,0.31647837,-0.01204043,0.01159786,-0.99986023,1.88916540,0.99741983,-0.07063428,-0.01283038,0.99580216
3,1598291086473610800,1598291086473556000,-0.06992081,-0.99749953,-0.01029099,0.32445705,-0.01235566,0.01118145,-0.99986112,1.88856423,0.99747610,-0.06978393,-0.01310660,0.98909950
3,1598291086482767900,1598291086482714000,-0.06774366,-0.99766129,-0.00910202,0.32986057,-0.01466178,0.01011749,-0.99984133,1.89035940,0.99759513,-0.06759945,-0.01531290,0.98659706
3,1598291086491590100,1598291086491537600,-0.06791928,-0.99765515,-0.00844229,0.33905804,-0.01362112,0.00938829,-0.99986315,1.89017951,0.99759793,-0.06779501,-0.01422684,0.97540569
3,1598291086500765400,1598291086500731500,-0.06781125,-0.99765450,-0.00934325,0.34962416,-0.01401937,0.01031671,-0.99984848,1.88787317,0.99759972,-0.06766996,-0.01468608,0.97715020
3,1598291086509653800,1598291086509514400,-0.06655669,-0.99773848,-0.00939204,0.35883057,-0.01376265,0.01033002,-0.99985194,1.88973582,0.99768782,-0.06641755,-0.01441907,0.97932434
3,1598291086518699100,1598291086518642100,-0.06697330,-0.99773765,-0.00586611,0.36030483,-0.01625236,0.00696944,-0.99984360,1.89012325,0.99762243,-0.06686750,-0.01668237,0.98280025
3,1598291086527536100,1598291086527464000,-0.06618923,-0.99777853,-0.00756022,0.37160766,-0.01425522,0.00852166,-0.99986207,1.88715219,0.99770528,-0.06607229,-0.01478761,0.97497845
3,1598291086537184700,1598291086537098800,-0.06488064,-0.99787134,-0.00658706,0.37921488,-0.01461460,0.00755046,-0.99986470,1.88685727,0.99778610,-0.06477556,-0.01507338,0.96871710
3,1598291086546679100,1598291086546607300,-0.06454000,-0.99788034,-0.00833249,0.39193249,-0.01549225,0.00935082,-0.99983627,1.88968337,0.99779487,-0.06440035,-0.01606293,0.96682596
3,1598291086555525200,1598291086555443900,-0.06594369,-0.99780148,-0.00661604,0.39233732,-0.01715228,0.00776302,-0.99982274,1.89007664,0.99767601,-0.06581849,-0.01762651,0.97036076
3,1598291086564581400,1598291086564524500,-0.06564075,-0.99781346,-0.00773211,0.40422118,-0.01633980,0.00882263,-0.99982756,1.88626504,0.99770957,-0.06550309,-0.01688321,0.96230865
3,1598291086573369800,1598291086573338600,-0.06538546,-0.99783474,-0.00712128,0.41142881,-0.01673876,0.00823235,-0.99982601,1.88557351,0.99771976,-0.06525487,-0.01724081,0.95219898
3,1598291086582690800,1598291086582536200,-0.06455904,-0.99787319,-0.00901755,0.42382848,-0.01664266,0.01011179,-0.99981034,1.88896585,0.99777520,-0.06439671,-0.01726009,0.95178723
3,1598291086591596600,1598291086591564000,-0.06708497,-0.99773002,-0.00587406,0.42631650,-0.01949361,0.00719686,-0.99978405,1.88957560,0.99755692,-0.06695598,-0.01993217,0.93910122
3,1598291086600425400,1598291086600389100,-0.06677577,-0.99774027,-0.00744717,0.43931258,-0.01740300,0.00862736,-0.99981129,1.88622499,0.99761629,-0.06663355,-0.01793978,0.92534351
3,1598291086609364300,1598291086609328000,-0.06397742,-0.99793124,-0.00633659,0.44461811,-0.01595339,0.00737153,-0.99984556,1.88501096,0.99782389,-0.06386647,-0.01639201,0.91388154
3,1598291086618578500,1598291086618517400,-0.06474975,-0.99789917,-0.00219945,0.44218647,-0.02199183,0.00363050,-0.99975157,1.89058077,0.99765921,-0.06468531,-0.02218072,0.93329835
3,1598291086627364700,1598291086627285200,-0.06370234,-0.99796045,-0.00413615,0.45412624,-0.01660095,0.00520367,-0.99984866,1.88478708,0.99783093,-0.06362402,-0.01689859,0.93198371
3,1598291086636512300,1598291086636460600,-0.06383193,-0.99794793,-0.00504841,0.46180594,-0.01928001,0.00629097,-0.99979430,1.88391185,0.99777448,-0.06372145,-0.01964202,0.91489053
3,1598291086645317400,1598291086645283900,-0.06021196,-0.99816149,-0.00695120,0.47419608,-0.01804396,0.00805111,-0.99980479,1.88967204,0.99802262,-0.06007478,-0.01849557,0.90838361
3,1598291086654417300,1598291086654363800,-0.06154743,-0.99810100,-0.00254145,0.46887553,-0.02262511,0.00394079,-0.99973625,1.89036465,0.99784774,-0.06147370,-0.02282470,0.89991713
3,1598291086663261600,1598291086663150900,-0.06166336,-0.99808556,-0.00479511,0.48154473,-0.01654014,0.00582545,-0.99984622,1.88285220,0.99796003,-0.06157455,-0.01686771,0.89006805
3,1598291086672576400,1598291086672523200,-0.05822569,-0.99829155,-0.00489492,0.48561454,-0.01646997,0.00586317,-0.99984717,1.88124549,0.99816769,-0.05813617,-0.01678323,0.87410188
3,1598291086681305200,1598291086681209400,-0.05896071,-0.99823278,-0.00742579,0.49971569,-0.02097717,0.00867605,-0.99974227,1.88954568,0.99803996,-0.05878973,-0.02145165,0.87617779
3,1598291086690608300,1598291086690547600,-0.05884194,-0.99826217,-0.00321778,0.48999619,-0.02246818,0.00454691,-0.99973720,1.89030766,0.99801445,-0.05875418,-0.02269669,0.85963917
3,1598291086699021300,1598291086698967500,-0.05967659,-0.99821341,-0.00296058,0.50249553,-0.01553802,0.00389442,-0.99987167,1.88255358,0.99809688,-0.05962288,-0.01574267,0.85193753
3,1598291086708174000,1598291086708116700,-0.05455577,-0.99850696,-0.00275631,0.50558555,-0.01336539,0.00349043,-0.99990457,1.88090026,0.99842137,-0.05451372,-0.01353587,0.82950211
3,1598291086717199900,1598291086717103400,-0.05520400,-0.99846232,-0.00505499,0.52012062,-0.02006576,0.00617108,-0.99977958,1.89095700,0.99827349,-0.05509040,-0.02037559,0.82447577
3,1598291086726240400,1598291086726131500,-0.05506471,-0.99848258,0.00067923,0.50230157,-0.02253217,0.00056253,-0.99974597,1.89150250,0.99822861,-0.05506605,-0.02252897,0.82355094
3,1598291086734999600,1598291086734945700,-0.05162781,-0.99866569,0.00126017,0.51136053,-0.01174734,-0.00065446,-0.99993080,1.88014674,0.99859738,-0.05163902,-0.01169789,0.82952166
3,1598291086744214600,1598291086744174000,-0.05346119,-0.99856424,-0.00337980,0.52557123,-0.01973890,0.00444076,-0.99979532,1.89221060,0.99837488,-0.05338353,-0.01994798,0.82509780
3,1598291086752932700,1598291086752856800,-0.05505329,-0.99847794,-0.00332345,0.51431715,-0.01863984,0.00435566,-0.99981678,1.89205217,0.99830949,-0.05498123,-0.01885127,0.80874634
3,1598291086762060300,1598291086761992600,-0.05651307,-0.99840117,-0.00124159,0.52198148,-0.01188181,0.00191605,-0.99992758,1.88179481,0.99833119,-0.05649421,-0.01197111,0.80288768
3,1598291086770874700,1598291086770815300,-0.05226767,-0.99863076,-0.00220784,0.52085376,-0.01023642,0.00274652,-0.99994379,1.87968481,0.99858075,-0.05224210,-0.01036597,0.79354286
3,1598291086780126900,1598291086780088400,-0.05551627,-0.99844581,-0.00489498,0.53333795,-0.01898231,0.00595710,-0.99980205,1.89157808,0.99827743,-0.05541241,-0.01928353,0.79925346
3,1598291086788845300,1598291086788782700,-0.05882943,-0.99826121,-0.00370672,0.52316439,-0.01900807,0.00483265,-0.99980766,1.89075541,0.99808705,-0.05874768,-0.01925934,0.78510666
3,1598291086798026400,1598291086797991700,-0.05950296,-0.99822760,-0.00106086,0.52663529,-0.01880548,0.00218353,-0.99982077,1.88489819,0.99805105,-0.05947232,-0.01890209,0.78520894
3,1598291086807145600,1598291086807084200,-0.05632961,-0.99840713,-0.00320314,0.52380180,-0.01721058,0.00417877,-0.99984312,1.88380790,0.99826396,-0.05626562,-0.01741856,0.77638602
3,1598291086815997100,1598291086815948800,-0.05830988,-0.99828702,-0.00480144,0.53036892,-0.02322623,0.00616494,-0.99971122,1.89347088,0.99802834,-0.05818149,-0.02354593,0.78885055
3,1598291086824783000,1598291086824727200,-0.06281003,-0.99800771,-0.00597733,0.52706039,-0.02521206,0.00757392,-0.99965340,1.89294004,0.99770707,-0.06263754,-0.02563756,0.77906322
3,1598291086834371000,1598291086834290000,-0.06258616,-0.99803346,-0.00351002,0.52714050,-0.02215404,0.00490531,-0.99974251,1.88756824,0.99779367,-0.06249228,-0.02241749,0.77227855
3,1598291086842751900,1598291086842711100,-0.06228718,-0.99803960,-0.00611841,0.52997267,-0.02845539,0.00790365,-0.99956381,1.89582455,0.99765259,-0.06208590,-0.02889191,0.78950858
3,1598291086851850200,1598291086851796000,-0.06519184,-0.99783134,-0.00909263,0.53043187,-0.02514281,0.01075165,-0.99962604,1.89522851,0.99755603,-0.06493881,-0.02578922,0.78153777
3,1598291086860690300,1598291086860662500,-0.06545061,-0.99783665,-0.00619462,0.52644694,-0.02730127,0.00799630,-0.99959522,1.89316082,0.99748236,-0.06525499,-0.02776558,0.78146887
3,1598291086869819200,1598291086869766700,-0.06547979,-0.99782717,-0.00731143,0.52083087,-0.02691759,0.00909079,-0.99959630,1.89214134,0.99749082,-0.06525654,-0.02745437,0.77795839
3,1598291086878694300,1598291086878626800,-0.06617281,-0.99777991,-0.00751440,0.52036130,-0.02876198,0.00943517,-0.99954176,1.89699447,0.99739361,-0.06592634,-0.02932249,0.79217029
3,1598291086887821800,1598291086887754800,-0.06451550,-0.99783570,-0.01271997,0.52604663,-0.02722011,0.01450143,-0.99952424,1.89740920,0.99754548,-0.06413853,-0.02809678,0.79151440
3,1598291086896715700,1598291086896644300,-0.06522191,-0.99781120,-0.01090594,0.51822376,-0.02581044,0.01261246,-0.99958730,1.89842319,0.99753702,-0.06491348,-0.02657656,0.79279470
3,1598291086905697900,1598291086905638000,-0.06637558,-0.99769723,-0.01395346,0.51247656,-0.02711548,0.01578275,-0.99950767,1.89758384,0.99742627,-0.06596455,-0.02810064,0.78942037
3,1598291086914668400,1598291086914594700,-0.06666666,-0.99768388,-0.01350846,0.50744736,-0.02651530,0.01530527,-0.99953121,1.89933431,0.99742299,-0.06627724,-0.02747426,0.79532290
3,1598291086923734000,1598291086923624600,-0.05941498,-0.99805951,-0.01863530,0.51769316,-0.02480138,0.02013844,-0.99948955,1.90020990,0.99792528,-0.05892247,-0.02594979,0.80077672
3,1598291086932489100,1598291086932434000,-0.06115404,-0.99797970,-0.01722838,0.50716317,-0.01793006,0.01835630,-0.99967068,1.90415478,0.99796736,-0.06082499,-0.01901641,0.80138850
3,1598291086941692500,1598291086941617500,-0.06293732,-0.99782407,-0.01965154,0.50267923,-0.01948645,0.02091545,-0.99959129,1.90293348,0.99782729,-0.06252867,-0.02076042,0.79608464
3,1598291086950562500,1598291086950477400,-0.05482653,-0.99824256,-0.02249436,0.51115406,-0.01810803,0.02351859,-0.99955940,1.90257168,0.99833173,-0.05439502,-0.01936566,0.79542804
3,1598291086959687200,1598291086959632600,-0.05711335,-0.99815983,-0.02037363,0.50095630,-0.00824303,0.02087771,-0.99974805,1.90933347,0.99833369,-0.05693105,-0.00942027,0.79700184
3,1598291086968442800,1598291086968380000,-0.05989429,-0.99789631,-0.02481392,0.49773443,-0.01077178,0.02550323,-0.99961668,1.90905702,0.99814665,-0.05960399,-0.01227663,0.79275489
3,1598291086977610900,1598291086977586400,-0.06208101,-0.99789357,-0.01883023,0.48367298,-0.01238981,0.01963569,-0.99973041,1.90390646,0.99799424,-0.06183094,-0.01358272,0.78951263
3,1598291086986376200,1598291086986340800,-0.05264774,-0.99830186,-0.02493290,0.49242043,-0.01176414,0.02558582,-0.99960339,1.90466630,0.99854392,-0.05233353,-0.01309121,0.79430580
3,1598291086994982900,1598291086994920600,-0.05472589,-0.99823880,-0.02289864,0.48200130,0.00114475,0.02287028,-0.99973780,1.91100776,0.99850082,-0.05473775,-0.00010887,0.79586339
3,1598291087003822300,1598291087003756200,-0.05759603,-0.99802971,-0.02489145,0.47826719,-0.00060098,0.02496751,-0.99968809,1.91156745,0.99833989,-0.05756310,-0.00203784,0.79723644
3,1598291087013189200,1598291087013048700,-0.06017536,-0.99795705,-0.02146414,0.46110475,-0.00462344,0.02178154,-0.99975204,1.90441418,0.99817717,-0.06006119,-0.00592472,0.79546237
3,1598291087021747000,1598291087021688000,-0.04895127,-0.99843371,-0.02709131,0.46937931,-0.00298175,0.02726980,-0.99962366,1.90519130,0.99879676,-0.04885209,-0.00431199,0.79623675
3,1598291087030829800,1598291087030773900,-0.05132076,-0.99837470,-0.02478706,0.45735586,0.00806355,0.02440472,-0.99966961,1.91306674,0.99864972,-0.05150366,0.00679796,0.79771543
3,1598291087039816400,1598291087039783100,-0.05428922,-0.99816370,-0.02686953,0.45619047,0.00709296,0.02652304,-0.99962300,1.91348279,0.99850011,-0.05445933,0.00564001,0.79628658
3,1598291087048814100,1598291087048771000,-0.05754811,-0.99807286,-0.02321378,0.43693531,0.00161001,0.02315951,-0.99973047,1.90438044,0.99834150,-0.05756998,0.00027411,0.79057670
3,1598291087057652400,1598291087057621900,-0.04695478,-0.99852985,-0.02708150,0.44623339,0.00269744,0.02698456,-0.99963218,1.90488815,0.99889344,-0.04701057,0.00142641,0.78651357
3,1598291087066745400,1598291087066671700,-0.04929537,-0.99845022,-0.02583204,0.43406737,0.01013901,0.02536191,-0.99962687,1.91413701,0.99873281,-0.04953885,0.00887307,0.78754115
3,1598291087075566100,1598291087075513600,-0.05610117,-0.99815619,-0.02317334,0.41953015,0.00587140,0.02287967,-0.99972099,1.90501738,0.99840784,-0.05622157,0.00457699,0.76399946
3,1598291087084863600,1598291087084800200,-0.05594981,-0.99816215,-0.02328373,0.41183746,0.00585930,0.02299161,-0.99971849,1.90582919,0.99841642,-0.05607051,0.00456215,0.77754903
3,1598291087094047700,1598291087093995600,-0.04973885,-0.99846488,-0.02437444,0.41049969,0.01158034,0.02382648,-0.99964905,1.91156268,0.99869514,-0.05000362,0.01037745,0.76381660
3,1598291087103197100,1598291087103161900,-0.05243674,-0.99827021,-0.02659164,0.40797389,0.01213420,0.02598938,-0.99958855,1.91223741,0.99855065,-0.05273777,0.01075040,0.77074552
3,1598291087111983200,1598291087111938000,-0.05661827,-0.99814600,-0.02233950,0.38861132,0.00795223,0.02192384,-0.99972802,1.90395236,0.99836433,-0.05678052,0.00669618,0.75610185
3,1598291087121084600,1598291087120978500,-0.04891929,-0.99844110,-0.02687697,0.38990426,0.00879672,0.02647746,-0.99961066,1.90401685,0.99876404,-0.04913667,0.00748774,0.74584222
3,1598291087129922200,1598291087129845200,-0.05069560,-0.99842054,-0.02421638,0.37827861,0.01268323,0.02360198,-0.99964094,1.90940738,0.99863368,-0.05098450,0.01146667,0.75308585
3,1598291087139009900,1598291087138950400,-0.05239233,-0.99828553,-0.02609838,0.37566090,0.01201274,0.02550236,-0.99960256,1.90989113,0.99855435,-0.05268502,0.01065600,0.76106405
3,1598291087147859100,1598291087147788700,-0.05555481,-0.99819732,-0.02271276,0.35835433,0.00971315,0.02220652,-0.99970621,1.90213466,0.99840844,-0.05575907,0.00846195,0.74523044
3,1598291087156960500,1598291087156877600,-0.05089378,-0.99838978,-0.02505676,0.35872054,0.00937976,0.02461033,-0.99965310,1.90187907,0.99866009,-0.05111113,0.00811213,0.73815346
3,1598291087165779200,1598291087165725200,-0.05203506,-0.99837941,-0.02304468,0.34791625,0.01145064,0.02247795,-0.99968177,1.90780139,0.99857974,-0.05228236,0.01026243,0.73368812
3,1598291087174922400,1598291087174866200,-0.05306756,-0.99829626,-0.02425880,0.34486198,0.01084373,0.02371551,-0.99965990,1.90851235,0.99853212,-0.05331257,0.00956672,0.73555827
3,1598291087183773000,1598291087183714100,-0.05365661,-0.99830991,-0.02232472,0.33164573,0.00980490,0.02182913,-0.99971360,1.90156150,0.99851143,-0.05386010,0.00861704,0.70958662
3,1598291087192941500,1598291087192887000,-0.05386114,-0.99831063,-0.02179410,0.32502019,0.00915004,0.02133145,-0.99973059,1.90169597,0.99850661,-0.05404606,0.00798563,0.70933342
3,1598291087202181300,1598291087202127100,-0.05474821,-0.99828207,-0.02087183,0.31577897,0.00871737,0.02042452,-0.99975336,1.90440798,0.99846220,-0.05491662,0.00758418,0.70446181
3,1598291087211363400,1598291087211315600,-0.05721641,-0.99818373,-0.01886024,0.30343258,0.00894014,0.01837817,-0.99979115,1.90045941,0.99832183,-0.05737305,0.00787236,0.68938327
3,1598291087220181800,1598291087220142900,-0.05748078,-0.99818790,-0.01780605,0.29490674,0.00835743,0.01735381,-0.99981445,1.90021169,0.99831170,-0.05761892,0.00734477,0.69361758
3,1598291087232788000,1598291087232738300,-0.05737910,-0.99819905,-0.01750435,0.28304124,0.00671448,0.01714700,-0.99983042,1.90174699,0.99832994,-0.05748686,0.00571850,0.69715452
3,1598291087242391400,1598291087242365300,-0.05748996,-0.99819803,-0.01719817,0.27229893,0.00661573,0.01684538,-0.99983621,1.90187144,0.99832428,-0.05759433,0.00563536,0.71043897
3,1598291087251083500,1598291087251015000,-0.05761662,-0.99821943,-0.01543862,0.26172221,0.00532837,0.01515662,-0.99987090,1.89892077,0.99832463,-0.05769145,0.00444560,0.69924259
3,1598291087260210900,1598291087260119400,-0.05746958,-0.99822420,-0.01567752,0.25367475,0.00480213,0.01542690,-0.99986947,1.89869261,0.99833578,-0.05753735,0.00390702,0.70193195
3,1598291087269024100,1598291087268992900,-0.05806479,-0.99819553,-0.01531101,0.24600387,0.00551882,0.01501570,-0.99987203,1.90063989,0.99829763,-0.05814183,0.00463696,0.70286560
3,1598291087278266000,1598291087278215600,-0.05893013,-0.99815053,-0.01493047,0.23563349,0.00451345,0.01468990,-0.99988192,1.89801085,0.99825191,-0.05899054,0.00363941,0.69262624
3,1598291087287001500,1598291087286908800,-0.05794108,-0.99819922,-0.01553117,0.22846329,0.00514320,0.01525864,-0.99987036,1.89776754,0.99830681,-0.05801347,0.00424983,0.69062090
3,1598291087296091000,1598291087296031800,-0.05845562,-0.99816865,-0.01556974,0.21734750,0.00390818,0.01536748,-0.99987423,1.89947152,0.99828243,-0.05850911,0.00300270,0.70144820
3,1598291087304873700,1598291087304819700,-0.05877489,-0.99814814,-0.01568296,0.21182942,0.00474804,0.01543043,-0.99986964,1.89966655,0.99826002,-0.05884168,0.00383231,0.70267868
3,1598291087313996000,1598291087313936600,-0.05933505,-0.99813449,-0.01438592,0.19977713,0.00437080,0.01415141,-0.99989027,1.89842117,0.99822861,-0.05939138,0.00352296,0.70969939
3,1598291087322937300,1598291087322838100,-0.05759624,-0.99819446,-0.01704862,0.19307828,0.00444445,0.01682044,-0.99984866,1.89879286,0.99833012,-0.05766326,0.00346762,0.70398521
3,1598291087332216000,1598291087332116200,-0.05742946,-0.99822241,-0.01593778,0.18506384,0.00318050,0.01578112,-0.99987042,1.90022492,0.99834454,-0.05747271,0.00226853,0.68989825
3,1598291087340898400,1598291087340720400,-0.05818260,-0.99818242,-0.01570708,0.18279731,0.00381973,0.01551104,-0.99987239,1.89987624,0.99829870,-0.05823514,0.00291031,0.66437578
3,1598291087350002900,1598291087349966700,-0.05876857,-0.99815053,-0.01555627,0.17130554,0.00154195,0.01549243,-0.99987876,1.89830387,0.99827051,-0.05878541,0.00062862,0.67713308
3,1598291087358805100,1598291087358745000,-0.05892432,-0.99814355,-0.01541167,0.16396630,0.00183043,0.01533045,-0.99988079,1.89804113,0.99826080,-0.05894548,0.00092368,0.67618060
3,1598291087367974900,1598291087367910700,-0.05950823,-0.99810642,-0.01557065,0.15647769,0.00174333,0.01549437,-0.99987841,1.89780462,0.99822634,-0.05952814,0.00081798,0.67252564
3,1598291087376702400,1598291087376599700,-0.05979580,-0.99810088,-0.01480906,0.14452708,0.00064001,0.01479727,-0.99989027,1.89726055,0.99821049,-0.05979869,-0.00024603,0.67699695
3,1598291087385834800,1598291087385765200,-0.06002137,-0.99810123,-0.01384095,0.13705885,-0.00036327,0.01388780,-0.99990350,1.89708567,0.99819708,-0.06001055,-0.00119616,0.67324948
3,1598291087394731000,1598291087394684000,-0.06006181,-0.99810743,-0.01320054,0.12720191,-0.00044805,0.01325138,-0.99991208,1.89727521,0.99819463,-0.06005064,-0.00124311,0.68576193
3,1598291087403847200,1598291087403795100,-0.05987501,-0.99810982,-0.01385171,0.11998987,-0.00084444,0.01392725,-0.99990267,1.89652348,0.99820554,-0.05985746,-0.00167675,0.66950130
3,1598291087412592500,1598291087412519700,-0.05988669,-0.99810779,-0.01394812,0.11169577,-0.00002419,0.01397466,-0.99990231,1.89623189,0.99820524,-0.05988050,-0.00086105,0.67443943
3,1598291087421629700,1598291087421599700,-0.06098342,-0.99805087,-0.01325488,0.10297692,-0.00159038,0.01337674,-0.99990922,1.89666545,0.99813759,-0.06095681,-0.00240305,0.67932653
3,1598291087430487900,1598291087430437500,-0.06081185,-0.99806547,-0.01293550,0.09498501,-0.00086517,0.01301219,-0.99991494,1.89661741,0.99814898,-0.06079546,-0.00165480,0.67800903
3,1598291087439687200,1598291087439623500,-0.06083339,-0.99805492,-0.01363111,0.08720171,-0.00083243,0.01370714,-0.99990571,1.89612818,0.99814767,-0.06081629,-0.00166468,0.66250205
3,1598291087448485000,1598291087448449400,-0.06108010,-0.99803954,-0.01365286,0.07891810,-0.00110550,0.01374604,-0.99990487,1.89601672,0.99813235,-0.06105918,-0.00194295,0.66648293
3,1598291087457729700,1598291087457670500,-0.06174922,-0.99801445,-0.01242132,0.07014084,-0.00077023,0.01249273,-0.99992168,1.89595091,0.99809146,-0.06173480,-0.00154013,0.66777682
3,1598291087466612300,1598291087466560000,-0.06125048,-0.99803865,-0.01293210,0.06235111,-0.00205778,0.01308267,-0.99991226,1.89565623,0.99812037,-0.06121847,-0.00285508,0.66728091
3,1598291087475657800,1598291087475609000,-0.06074527,-0.99807578,-0.01244574,0.05195868,-0.00104929,0.01253262,-0.99992090,1.89523649,0.99815279,-0.06072736,-0.00180858,0.66515088
3,1598291087484443200,1598291087484387300,-0.06184253,-0.99802244,-0.01125913,0.04463577,-0.00296500,0.01146438,-0.99992985,1.89553511,0.99808162,-0.06180480,-0.00366813,0.66729832
3,1598291087493524800,1598291087493442200,-0.06214112,-0.99800003,-0.01160434,0.03666615,-0.00164868,0.01172944,-0.99992985,1.89531302,0.99806607,-0.06211761,-0.00237428,0.66252017
3,1598291087502381900,1598291087502302700,-0.06344536,-0.99792004,-0.01142115,0.02654326,-0.00366402,0.01167705,-0.99992508,1.89520478,0.99797869,-0.06339875,-0.00439726,0.67364573
3,1598291087511442900,1598291087511409100,-0.06264842,-0.99796355,-0.01200436,0.01978576,-0.00373899,0.01226260,-0.99991781,1.89578152,0.99802876,-0.06259838,-0.00449962,0.66469955
3,1598291087520312200,1598291087520245500,-0.06289428,-0.99794948,-0.01188690,0.01203573,-0.00407058,0.01216689,-0.99991769,1.89552259,0.99801195,-0.06284070,-0.00482747,0.66142392
3,1598291087529557900,1598291087529524700,-0.06314722,-0.99793416,-0.01183028,0.00402117,-0.00391615,0.01210162,-0.99991912,1.89516437,0.99799657,-0.06309578,-0.00467225,0.65842247
3,1598291087538377500,1598291087538271100,-0.06300145,-0.99794906,-0.01134459,-0.00667429,-0.00475280,0.01166706,-0.99992061,1.89548981,0.99800217,-0.06294253,-0.00547811,0.66653180
3,1598291087547468200,1598291087547410600,-0.06237164,-0.99798340,-0.01178963,-0.01434171,-0.00464302,0.01210265,-0.99991596,1.89583790,0.99804229,-0.06231168,-0.00538854,0.66220784
3,1598291087556265200,1598291087556178700,-0.06363678,-0.99791074,-0.01116386,-0.02295077,-0.00639794,0.01159425,-0.99991232,1.89588034,0.99795270,-0.06355977,-0.00712240,0.66548514
3,1598291087565406100,1598291087565372600,-0.06413874,-0.99787027,-0.01188555,-0.03013015,-0.00664563,0.01233691,-0.99990177,1.89493275,0.99791896,-0.06405351,-0.00742276,0.65796852
3,1598291087574278500,1598291087574253100,-0.06385764,-0.99789321,-0.01146228,-0.03807771,-0.00569943,0.01185021,-0.99991351,1.89481103,0.99794281,-0.06378680,-0.00644416,0.65545201
3,1598291087583364400,1598291087583322000,-0.06332982,-0.99792087,-0.01197405,-0.04507840,-0.00580711,0.01236642,-0.99990666,1.89516640,0.99797583,-0.06325439,-0.00657821,0.65004301
3,1598291087592156000,1598291087592085500,-0.06390300,-0.99789685,-0.01088142,-0.05177069,-0.00727102,0.01136899,-0.99990892,1.89490283,0.99792975,-0.06381801,-0.00798225,0.64645696
3,1598291087601330200,1598291087601273000,-0.06361517,-0.99790955,-0.01139175,-0.06059456,-0.00695989,0.01185823,-0.99990547,1.89499784,0.99795032,-0.06352985,-0.00769971,0.64968014
3,1598291087610179800,1598291087610143500,-0.06340149,-0.99792463,-0.01126195,-0.06676269,-0.00884475,0.01184608,-0.99989069,1.89608073,0.99794894,-0.06329492,-0.00957746,0.62270045
3,1598291087619328600,1598291087619292500,-0.06356189,-0.99793392,-0.00936965,-0.07716203,-0.00966156,0.01000353,-0.99990326,1.89684200,0.99793118,-0.06346515,-0.01027745,0.64576340
3,1598291087628058700,1598291087627993600,-0.06494457,-0.99783599,-0.01027539,-0.08337998,-0.00949133,0.01091435,-0.99989539,1.89546168,0.99784380,-0.06484026,-0.01017963,0.64159441
3,1598291087637198100,1598291087637151300,-0.06428716,-0.99789155,-0.00893915,-0.09595060,-0.01067438,0.00964480,-0.99989653,1.89528573,0.99787444,-0.06418511,-0.01127192,0.63914776
3,1598291087645952900,1598291087645915000,-0.06352115,-0.99792826,-0.01021505,-0.10104787,-0.01060441,0.01091008,-0.99988425,1.89659476,0.99792421,-0.06340545,-0.01127547,0.62330341
3,1598291087655294000,1598291087655234200,-0.06377694,-0.99792284,-0.00908799,-0.11137342,-0.01098473,0.00980796,-0.99989158,1.89700997,0.99790382,-0.06367022,-0.01158745,0.64050651
3,1598291087663975600,1598291087663919900,-0.06402007,-0.99789929,-0.00992431,-0.11734200,-0.01089990,0.01064334,-0.99988395,1.89433527,0.99788910,-0.06390446,-0.01155841,0.63534975
3,1598291087673073500,1598291087673012000,-0.06382468,-0.99792421,-0.00859074,-0.12750459,-0.01119645,0.00932380,-0.99989384,1.89378619,0.99789840,-0.06372172,-0.01176831,0.62166214
