0,1598325649314722100,1598325649314602100,-0.00942039,-0.99706030,0.07604087,-0.09673154,0.00640748,-0.07610288,-0.99707943,1.86649334,0.99993521,-0.00890565,0.00710558,1.00198960
0,1598325649323626900,1598325649323537000,-0.00944251,-0.99705863,0.07605963,-0.09676170,0.00640997,-0.07612182,-0.99707794,1.86650670,0.99993491,-0.00892740,0.00710991,1.00192738
0,1598325649332556700,1598325649332435100,-0.00946933,-0.99706370,0.07598992,-0.09664440,0.00641459,-0.07605233,-0.99708319,1.86650634,0.99993467,-0.00895429,0.00711594,1.00193906
0,1598325649341556400,1598325649341445900,-0.00942954,-0.99706483,0.07598070,-0.09663880,0.00642049,-0.07604289,-0.99708390,1.86649752,0.99993503,-0.00891420,0.00711871,1.00194001
0,1598325649350389700,1598325649350312500,-0.00940174,-0.99706197,0.07602131,-0.09661698,0.00644176,-0.07608348,-0.99708068,1.86648953,0.99993515,-0.00888461,0.00713817,1.00198627
0,1598325649359482400,1598325649359425100,-0.00943118,-0.99706113,0.07602850,-0.09663844,0.00640604,-0.07609057,-0.99708033,1.86650372,0.99993515,-0.00891665,0.00710486,1.00192690
0,1598325649368432300,1598325649368329700,-0.00943395,-0.99706233,0.07601221,-0.09659493,0.00641007,-0.07607433,-0.99708158,1.86650085,0.99993503,-0.00891924,0.00710894,1.00192714
0,1598325649377679600,1598325649377597700,-0.00943521,-0.99706137,0.07602476,-0.09657049,0.00641013,-0.07608689,-0.99708062,1.86654902,0.99993503,-0.00892034,0.00710920,1.00196671
0,1598325649386316900,1598325649386217800,-0.00940084,-0.99706233,0.07601623,-0.09654677,0.00642798,-0.07607829,-0.99708116,1.86654866,0.99993521,-0.00888476,0.00712431,1.00203085
0,1598325649395451200,1598325649395342600,-0.00942636,-0.99705958,0.07604998,-0.09655273,0.00640810,-0.07611203,-0.99707872,1.86654437,0.99993509,-0.00891149,0.00710673,1.00200152
0,1598325649404284600,1598325649404189900,-0.00941935,-0.99705851,0.07606387,-0.09662294,0.00644218,-0.07612618,-0.99707741,1.86651027,0.99993497,-0.00890180,0.00714030,1.00197315
0,1598325649413378500,1598325649413273800,-0.00941810,-0.99705720,0.07608196,-0.09661973,0.00644193,-0.07614426,-0.99707603,1.86650753,0.99993503,-0.00890043,0.00714013,1.00197482
0,1598325649422277600,1598325649422185000,-0.00940874,-0.99705726,0.07608219,-0.09661686,0.00642657,-0.07614429,-0.99707609,1.86650300,0.99993521,-0.00889233,0.00712411,1.00196958
0,1598325649431249000,1598325649431188300,-0.00941390,-0.99706143,0.07602689,-0.09659064,0.00643898,-0.07608913,-0.99708027,1.86649978,0.99993503,-0.00889686,0.00713637,1.00196767
0,1598325649440258700,1598325649440183000,-0.00940263,-0.99705833,0.07606832,-0.09657156,0.00642265,-0.07613034,-0.99707723,1.86653948,0.99993527,-0.00888667,0.00711960,1.00199866
0,1598325649449255600,1598325649449173800,-0.00935969,-0.99705976,0.07605462,-0.09655142,0.00643206,-0.07611641,-0.99707824,1.86653757,0.99993557,-0.00884315,0.00712560,1.00204134
0,1598325649458189100,1598325649458078700,-0.00938213,-0.99705619,0.07609963,-0.09656560,0.00642957,-0.07616156,-0.99707478,1.86653304,0.99993539,-0.00886542,0.00712522,1.00200272
0,1598325649467250600,1598325649467115600,-0.00938952,-0.99705344,0.07613479,-0.09665620,0.00644064,-0.07619687,-0.99707198,1.86653042,0.99993521,-0.00887164,0.00713713,1.00198102
0,1598325649476101400,1598325649476000400,-0.00937065,-0.99705225,0.07615166,-0.09665310,0.00642739,-0.07621349,-0.99707085,1.86654806,0.99993557,-0.00885379,0.00712263,1.00199556
0,1598325649485146400,1598325649485076800,-0.00933713,-0.99705225,0.07615666,-0.09663713,0.00645140,-0.07621847,-0.99707031,1.86654270,0.99993569,-0.00881851,0.00714406,1.00202465
0,1598325649494089100,1598325649493961500,-0.00937584,-0.99705112,0.07616676,-0.09665918,0.00641702,-0.07622854,-0.99706972,1.86654305,0.99993557,-0.00885966,0.00711283,1.00197721
0,1598325649503107400,1598325649502982300,-0.00936684,-0.99705136,0.07616445,-0.09669244,0.00641779,-0.07622616,-0.99706990,1.86653733,0.99993563,-0.00885057,0.00711288,1.00196695
0,1598325649512084500,1598325649511991200,-0.00936243,-0.99705237,0.07615200,-0.09668422,0.00640433,-0.07621357,-0.99707097,1.86655951,0.99993569,-0.00884730,0.00709901,1.00198865
0,1598325649521105100,1598325649521024000,-0.00933632,-0.99705279,0.07614965,-0.09666359,0.00645023,-0.07621144,-0.99707085,1.86655128,0.99993575,-0.00881779,0.00714277,1.00199986
0,1598325649529972000,1598325649529849100,-0.00937068,-0.99705297,0.07614243,-0.09664392,0.00645364,-0.07620449,-0.99707133,1.86656141,0.99993533,-0.00885183,0.00714872,1.00194788
0,1598325649538922000,1598325649538853500,-0.00935140,-0.99705440,0.07612670,-0.09664261,0.00644070,-0.07618851,-0.99707264,1.86655700,0.99993563,-0.00883371,0.00713422,1.00194645
0,1598325649547983200,1598325649547838000,-0.00932378,-0.99705368,0.07613939,-0.09662139,0.00644908,-0.07620108,-0.99707162,1.86655450,0.99993581,-0.00880545,0.00714058,1.00201631
0,1598325649557021900,1598325649556949700,-0.00935528,-0.99705356,0.07613665,-0.09664166,0.00643852,-0.07619847,-0.99707192,1.86655998,0.99993563,-0.00883770,0.00713243,1.00196934
0,1598325649565822800,1598325649565753900,-0.00935468,-0.99705243,0.07615124,-0.09665120,0.00643548,-0.07621303,-0.99707079,1.86655831,0.99993557,-0.00883725,0.00712948,1.00196195
0,1598325649574890100,1598325649574812400,-0.00935468,-0.99705249,0.07615206,-0.09664071,0.00642624,-0.07621376,-0.99707079,1.86659276,0.99993563,-0.00883794,0.00712027,1.00198483
0,1598325649583896500,1598325649583752800,-0.00933436,-0.99705231,0.07615592,-0.09661901,0.00642594,-0.07621747,-0.99707055,1.86659098,0.99993587,-0.00881764,0.00711846,1.00202203
0,1598325649592981900,1598325649592842600,-0.00935131,-0.99705303,0.07614420,-0.09663653,0.00639844,-0.07620563,-0.99707162,1.86658871,0.99993587,-0.00883675,0.00709222,1.00198293
0,1598325649601878500,1598325649601768500,-0.00936577,-0.99705648,0.07609697,-0.09658611,0.00640537,-0.07615858,-0.99707514,1.86659253,0.99993575,-0.00885096,0.00709982,1.00198483
0,1598325649610871100,1598325649610809000,-0.00934604,-0.99705565,0.07611077,-0.09659624,0.00643579,-0.07617251,-0.99707389,1.86653221,0.99993575,-0.00882885,0.00712877,1.00194955
0,1598325649619689600,1598325649619630000,-0.00932044,-0.99705601,0.07610979,-0.09657502,0.00646743,-0.07617161,-0.99707377,1.86652875,0.99993575,-0.00880098,0.00715836,1.00201178
0,1598325649628855200,1598325649628727500,-0.00933981,-0.99705559,0.07611237,-0.09659481,0.00644493,-0.07617414,-0.99707371,1.86653721,0.99993569,-0.00882196,0.00713742,1.00195909
0,1598325649637716400,1598325649637611500,-0.00935546,-0.99705803,0.07607796,-0.09657443,0.00642571,-0.07613967,-0.99707645,1.86656928,0.99993569,-0.00883928,0.00711914,1.00197625
0,1598325649646742600,1598325649646659500,-0.00935730,-0.99706078,0.07604241,-0.09657145,0.00642765,-0.07610416,-0.99707919,1.86656845,0.99993569,-0.00884122,0.00712091,1.00197434
0,1598325649655624700,1598325649655524000,-0.00933790,-0.99705940,0.07606304,-0.09656596,0.00643082,-0.07612467,-0.99707758,1.86657333,0.99993581,-0.00882146,0.00712277,1.00197530
0,1598325649664618700,1598325649664561100,-0.00934187,-0.99705887,0.07606980,-0.09662926,0.00644974,-0.07613162,-0.99707693,1.86657262,0.99993563,-0.00882396,0.00714200,1.00196123
0,1598325649673693800,1598325649673554300,-0.00934005,-0.99705708,0.07609323,-0.09662819,0.00646581,-0.07615518,-0.99707502,1.86656201,0.99993557,-0.00882068,0.00715809,1.00195527
0,1598325649682601600,1598325649682543000,-0.00930664,-0.99705929,0.07606793,-0.09660959,0.00646687,-0.07612965,-0.99707699,1.86656177,0.99993587,-0.00878754,0.00715638,1.00199866
0,1598325649691580700,1598325649691430200,-0.00931704,-0.99705958,0.07606308,-0.09662712,0.00646123,-0.07612482,-0.99707741,1.86655760,0.99993575,-0.00879836,0.00715150,1.00196385
0,1598325649700565600,1598325649700468200,-0.00935000,-0.99706060,0.07604503,-0.09665990,0.00642646,-0.07610670,-0.99707901,1.86655545,0.99993575,-0.00883400,0.00711919,1.00195003
0,1598325649709631600,1598325649709530100,-0.00934011,-0.99706107,0.07604127,-0.09665716,0.00645406,-0.07610312,-0.99707907,1.86657643,0.99993569,-0.00882208,0.00714592,1.00196576
0,1598325649718540700,1598325649718455700,-0.00932252,-0.99706095,0.07604448,-0.09664178,0.00646708,-0.07610631,-0.99707878,1.86657429,0.99993575,-0.00880352,0.00715760,1.00202394
0,1598325649727411000,1598325649727294300,-0.00936067,-0.99705863,0.07606955,-0.09666014,0.00645564,-0.07613156,-0.99707693,1.86656702,0.99993545,-0.00884229,0.00714931,1.00198865
0,1598325649736457600,1598325649736361800,-0.00935981,-0.99705440,0.07612582,-0.09678233,0.00644351,-0.07618771,-0.99707270,1.86656260,0.99993551,-0.00884190,0.00713764,1.00196052
0,1598325649745367000,1598325649745285600,-0.00936756,-0.99705505,0.07611597,-0.09678888,0.00645960,-0.07617807,-0.99707335,1.86658084,0.99993539,-0.00884849,0.00715420,1.00197673
0,1598325649754487100,1598325649754375900,-0.00934061,-0.99705595,0.07610802,-0.09678257,0.00650798,-0.07617034,-0.99707359,1.86657810,0.99993527,-0.00881800,0.00720032,1.00200176
0,1598325649763413600,1598325649763301100,-0.00935706,-0.99705911,0.07606395,-0.09672272,0.00647786,-0.07612613,-0.99707717,1.86658990,0.99993533,-0.00883698,0.00717114,1.00195646
0,1598325649772486000,1598325649772382400,-0.00936705,-0.99705970,0.07605496,-0.09673488,0.00648509,-0.07611728,-0.99707782,1.86657524,0.99993521,-0.00884646,0.00717903,1.00194860
0,1598325649781329000,1598325649781249100,-0.00932512,-0.99706012,0.07605500,-0.09672296,0.00650637,-0.07611720,-0.99707764,1.86657000,0.99993539,-0.00880304,0.00719706,1.00197220
0,1598325649790281800,1598325649790221900,-0.00935435,-0.99706018,0.07604976,-0.09674799,0.00649302,-0.07611205,-0.99707812,1.86656165,0.99993527,-0.00883323,0.00718593,1.00193763
0,1598325649799301900,1598325649799166600,-0.00937378,-0.99705869,0.07606717,-0.09681475,0.00649565,-0.07612963,-0.99707681,1.86656022,0.99993503,-0.00885230,0.00719019,1.00192165
0,1598325649808230500,1598325649808166100,-0.00937220,-0.99705851,0.07607006,-0.09681165,0.00648762,-0.07613244,-0.99707663,1.86661053,0.99993509,-0.00885129,0.00718209,1.00195575
0,1598325649817253500,1598325649817158900,-0.00935569,-0.99705827,0.07607533,-0.09680629,0.00651362,-0.07613782,-0.99707603,1.86660933,0.99993515,-0.00883287,0.00720680,1.00199032
0,1598325649826245500,1598325649826165300,-0.00937438,-0.99705887,0.07606546,-0.09682083,0.00648098,-0.07612779,-0.99707705,1.86657262,0.99993509,-0.00885397,0.00717559,1.00199127
0,1598325649835111200,1598325649835039400,-0.00938556,-0.99706471,0.07598740,-0.09669888,0.00646968,-0.07604971,-0.99708307,1.86657190,0.99993509,-0.00886661,0.00716448,1.00200319
0,1598325649844152400,1598325649844060700,-0.00937402,-0.99706459,0.07598990,-0.09669495,0.00647422,-0.07605217,-0.99708283,1.86658216,0.99993515,-0.00885472,0.00716815,1.00202036
0,1598325649853179700,1598325649853009800,-0.00933889,-0.99706340,0.07601028,-0.09667480,0.00650678,-0.07607258,-0.99708110,1.86657608,0.99993527,-0.00881705,0.00719813,1.00205112
0,1598325649862148000,1598325649862026100,-0.00935549,-0.99706268,0.07601789,-0.09670389,0.00649603,-0.07608022,-0.99708056,1.86658955,0.99993521,-0.00883439,0.00718874,1.00198889
0,1598325649871067000,1598325649870948000,-0.00935766,-0.99706495,0.07598808,-0.09663737,0.00648526,-0.07605034,-0.99708289,1.86659122,0.99993521,-0.00883758,0.00717789,1.00199389
0,1598325649880116100,1598325649880014600,-0.00934526,-0.99706531,0.07598478,-0.09661508,0.00649710,-0.07604704,-0.99708307,1.86658716,0.99993533,-0.00882435,0.00718873,1.00204635
0,1598325649889026900,1598325649888937500,-0.00936767,-0.99706459,0.07599099,-0.09663796,0.00648523,-0.07605331,-0.99708271,1.86659813,0.99993521,-0.00884753,0.00717866,1.00198865
0,1598325649898043400,1598325649897953600,-0.00937122,-0.99706686,0.07596110,-0.09663785,0.00648576,-0.07602344,-0.99708498,1.86659551,0.99993515,-0.00885129,0.00717919,1.00197959
0,1598325649906936200,1598325649906855600,-0.00936389,-0.99706554,0.07597896,-0.09663022,0.00650425,-0.07604142,-0.99708349,1.86661005,0.99993515,-0.00884238,0.00719722,1.00199318
0,1598325649915996800,1598325649915918300,-0.00932413,-0.99706519,0.07598814,-0.09661329,0.00652427,-0.07605049,-0.99708265,1.86660933,0.99993533,-0.00880122,0.00721424,1.00203657
0,1598325649924926800,1598325649924838000,-0.00933799,-0.99706471,0.07599316,-0.09662771,0.00650653,-0.07605545,-0.99708235,1.86660659,0.99993533,-0.00881630,0.00719766,1.00200438
0,1598325649933860800,1598325649933809300,-0.00933021,-0.99706173,0.07603337,-0.09667671,0.00651361,-0.07609567,-0.99707925,1.86660409,0.99993533,-0.00880772,0.00720448,1.00199246
0,1598325649942933800,1598325649942817800,-0.00934160,-0.99706131,0.07603738,-0.09670091,0.00653777,-0.07609998,-0.99707878,1.86652362,0.99993503,-0.00881720,0.00722948,1.00194716
0,1598325649951893600,1598325649951785700,-0.00931796,-0.99706066,0.07604878,-0.09668720,0.00655892,-0.07611140,-0.99707776,1.86651492,0.99993515,-0.00879192,0.00724886,1.00200105
0,1598325649960795900,1598325649960714600,-0.00932521,-0.99705881,0.07607149,-0.09671807,0.00655502,-0.07613412,-0.99707603,1.86652851,0.99993509,-0.00879931,0.00724573,1.00194263
0,1598325649969826200,1598325649969732100,-0.00933293,-0.99706030,0.07605121,-0.09663928,0.00656434,-0.07611398,-0.99707752,1.86652339,0.99993503,-0.00880641,0.00725542,1.00194836
0,1598325649978737600,1598325649978670800,-0.00932726,-0.99705958,0.07606113,-0.09662783,0.00655524,-0.07612378,-0.99707687,1.86655366,0.99993515,-0.00880143,0.00724601,1.00197625
0,1598325649987811300,1598325649987738100,-0.00929046,-0.99706227,0.07603084,-0.09660590,0.00658374,-0.07609347,-0.99707896,1.86654544,0.99993527,-0.00876272,0.00727136,1.00192499
0,1598325649996760200,1598325649996671500,-0.00932604,-0.99705821,0.07608016,-0.09668672,0.00657206,-0.07614294,-0.99707526,1.86655140,0.99993503,-0.00879875,0.00726285,1.00185609
0,1598325650005869700,1598325650005731200,-0.00929502,-0.99705821,0.07608385,-0.09667671,0.00657130,-0.07614640,-0.99707502,1.86658454,0.99993527,-0.00876784,0.00725977,1.00187707
0,1598325650014702600,1598325650014592300,-0.00925326,-0.99705976,0.07606792,-0.09666979,0.00657237,-0.07613018,-0.99707627,1.86658573,0.99993575,-0.00872630,0.00725752,1.00195885
0,1598325650023714000,1598325650023648400,-0.00928372,-0.99705791,0.07608880,-0.09668171,0.00650705,-0.07615072,-0.99707508,1.86657166,0.99993587,-0.00876150,0.00719489,1.00193620
0,1598325650032714300,1598325650032606400,-0.00929868,-0.99706095,0.07604686,-0.09668636,0.00649048,-0.07610873,-0.99707842,1.86656630,0.99993581,-0.00877798,0.00717913,1.00193238
0,1598325650041745800,1598325650041633100,-0.00928140,-0.99706119,0.07604674,-0.09668148,0.00651743,-0.07610872,-0.99707824,1.86658490,0.99993575,-0.00875866,0.00720470,1.00195122
0,1598325650050670400,1598325650050570700,-0.00926700,-0.99706274,0.07602729,-0.09666383,0.00653582,-0.07608933,-0.99707961,1.86658049,0.99993581,-0.00874305,0.00722176,1.00201321
0,1598325650059693400,1598325650059603500,-0.00930369,-0.99706328,0.07601592,-0.09668779,0.00651129,-0.07607801,-0.99708062,1.86658764,0.99993557,-0.00878155,0.00719999,1.00195861
0,1598325650068552500,1598325650068450700,-0.00931183,-0.99706084,0.07604712,-0.09667075,0.00649669,-0.07610914,-0.99707836,1.86658669,0.99993563,-0.00879058,0.00718632,1.00195646
0,1598325650077625900,1598325650077513400,-0.00930145,-0.99706185,0.07603595,-0.09668314,0.00652058,-0.07609810,-0.99707901,1.86652279,0.99993551,-0.00877851,0.00720926,1.00191808
0,1598325650086606300,1598325650086523600,-0.00927791,-0.99706161,0.07604055,-0.09665978,0.00652799,-0.07610260,-0.99707866,1.86651230,0.99993575,-0.00875443,0.00721490,1.00196910
0,1598325650095604400,1598325650095491800,-0.00929761,-0.99706125,0.07604409,-0.09668195,0.00651211,-0.07610615,-0.99707848,1.86651981,0.99993563,-0.00877523,0.00720059,1.00191236
0,1598325650104406000,1598325650104319300,-0.00932086,-0.99706173,0.07603451,-0.09665418,0.00651887,-0.07609679,-0.99707913,1.86651707,0.99993545,-0.00879803,0.00720902,1.00190616
0,1598325650113583300,1598325650113451700,-0.00932622,-0.99706101,0.07604259,-0.09664047,0.00649735,-0.07610472,-0.99707866,1.86653900,0.99993551,-0.00880495,0.00718804,1.00192428
0,1598325650122398900,1598325650122330400,-0.00932020,-0.99706191,0.07603215,-0.09663928,0.00647562,-0.07609405,-0.99707961,1.86654854,0.99993569,-0.00880066,0.00716583,1.00191236
0,1598325650131526100,1598325650131431200,-0.00932187,-0.99705833,0.07607793,-0.09676182,0.00646893,-0.07613979,-0.99707621,1.86654401,0.99993575,-0.00880247,0.00715968,1.00188875
0,1598325650140402800,1598325650140313400,-0.00933525,-0.99705935,0.07606424,-0.09675777,0.00645592,-0.07612606,-0.99707735,1.86656666,0.99993563,-0.00881690,0.00714761,1.00190663
0,1598325650149453900,1598325650149325900,-0.00929582,-0.99706060,0.07605254,-0.09674144,0.00648380,-0.07611433,-0.99707806,1.86656475,0.99993587,-0.00877559,0.00717230,1.00195909
0,1598325650158241800,1598325650158165400,-0.00932750,-0.99705982,0.07605819,-0.09676790,0.00645904,-0.07611999,-0.99707776,1.86656737,0.99993575,-0.00880900,0.00715008,1.00190997
0,1598325650167310500,1598325650167261600,-0.00931972,-0.99706119,0.07604193,-0.09674978,0.00645592,-0.07610364,-0.99707901,1.86656642,0.99993587,-0.00880161,0.00714624,1.00190616
0,1598325650176240100,1598325650176152700,-0.00932449,-0.99705970,0.07606012,-0.09675372,0.00646552,-0.07612196,-0.99707758,1.86655354,0.99993575,-0.00880551,0.00715633,1.00190616
0,1598325650185258900,1598325650185189300,-0.00931102,-0.99706012,0.07605623,-0.09673774,0.00648260,-0.07611812,-0.99707776,1.86654973,0.99993575,-0.00879082,0.00717229,1.00194025
0,1598325650194175600,1598325650194093000,-0.00935006,-0.99706131,0.07603633,-0.09676504,0.00646025,-0.07609830,-0.99707943,1.86655283,0.99993551,-0.00883156,0.00715281,1.00189185
0,1598325650203203700,1598325650203131300,-0.00934151,-0.99706304,0.07601406,-0.09668481,0.00646980,-0.07607605,-0.99708104,1.86655271,0.99993557,-0.00882247,0.00716148,1.00189781
0,1598325650212167100,1598325650212067300,-0.00933877,-0.99706268,0.07601954,-0.09668386,0.00646865,-0.07608151,-0.99708062,1.86653972,0.99993551,-0.00881973,0.00716018,1.00189424
0,1598325650221166700,1598325650221103200,-0.00933602,-0.99706411,0.07600118,-0.09666049,0.00646467,-0.07606309,-0.99708205,1.86653543,0.99993563,-0.00881743,0.00715583,1.00195479
0,1598325650230098300,1598325650229991300,-0.00935355,-0.99706578,0.07597668,-0.09660876,0.00644327,-0.07603852,-0.99708408,1.86652601,0.99993557,-0.00883675,0.00713561,1.00192881
0,1598325650239127600,1598325650239010700,-0.00933531,-0.99706537,0.07598511,-0.09659529,0.00642928,-0.07604671,-0.99708354,1.86654377,0.99993581,-0.00881958,0.00712035,1.00194144
0,1598325650247519500,1598325650247454700,-0.00932413,-0.99706572,0.07598195,-0.09659111,0.00643915,-0.07604356,-0.99708372,1.86654031,0.99993593,-0.00880769,0.00712932,1.00194192
0,1598325650256590700,1598325650256526700,-0.00931579,-0.99706620,0.07597644,-0.09659517,0.00644696,-0.07603805,-0.99708408,1.86655247,0.99993587,-0.00879884,0.00713642,1.00194025
0,1598325650265525700,1598325650265404400,-0.00931969,-0.99706066,0.07604834,-0.09674907,0.00643408,-0.07610987,-0.99707872,1.86654902,0.99993593,-0.00880319,0.00712451,1.00191188
0,1598325650274482900,1598325650274423200,-0.00932118,-0.99706089,0.07604589,-0.09676337,0.00647806,-0.07610781,-0.99707860,1.86651087,0.99993569,-0.00880134,0.00716845,1.00189543
0,1598325650283520700,1598325650283439200,-0.00928274,-0.99706006,0.07606051,-0.09674513,0.00650245,-0.07612237,-0.99707729,1.86650538,0.99993587,-0.00876105,0.00718997,1.00193238
0,1598325650292500800,1598325650292405800,-0.00930431,-0.99705762,0.07608991,-0.09676576,0.00648464,-0.07615177,-0.99707520,1.86650050,0.99993581,-0.00878373,0.00717412,1.00189519
0,1598325650301387300,1598325650301337400,-0.00931513,-0.99705958,0.07606300,-0.09675002,0.00649342,-0.07612502,-0.99707717,1.86649871,0.99993563,-0.00879401,0.00718346,1.00188947
0,1598325650310459500,1598325650310376000,-0.00932756,-0.99706048,0.07604990,-0.09673226,0.00648215,-0.07611191,-0.99707824,1.86656451,0.99993563,-0.00880733,0.00717305,1.00193787
0,1598325650319367900,1598325650319291500,-0.00930014,-0.99706268,0.07602420,-0.09671295,0.00649342,-0.07608611,-0.99708015,1.86656749,0.99993575,-0.00877935,0.00718198,1.00197768
0,1598325650328590100,1598325650328466500,-0.00933397,-0.99705786,0.07608316,-0.09671664,0.00645464,-0.07614497,-0.99707586,1.86654139,0.99993563,-0.00881559,0.00714641,1.00198054
0,1598325650337377400,1598325650337274100,-0.00934196,-0.99706215,0.07602622,-0.09672809,0.00643046,-0.07608787,-0.99708039,1.86653972,0.99993575,-0.00882581,0.00712240,1.00197673
0,1598325650346475800,1598325650346364800,-0.00933450,-0.99706113,0.07604032,-0.09672999,0.00643425,-0.07610196,-0.99707931,1.86652851,0.99993581,-0.00881797,0.00712573,1.00197554
0,1598325650355352200,1598325650355246200,-0.00931492,-0.99706322,0.07601573,-0.09671056,0.00644647,-0.07607734,-0.99708110,1.86652088,0.99993593,-0.00879771,0.00713621,1.00199914
0,1598325650364393400,1598325650364316300,-0.00936419,-0.99706340,0.07600724,-0.09669983,0.00645002,-0.07606922,-0.99708170,1.86655915,0.99993545,-0.00884661,0.00714343,1.00191426
0,1598325650373309700,1598325650373216300,-0.00936070,-0.99706000,0.07605173,-0.09670639,0.00646410,-0.07611382,-0.99707818,1.86652434,0.99993539,-0.00884175,0.00715759,1.00189495
0,1598325650382340500,1598325650382264600,-0.00936031,-0.99706161,0.07603077,-0.09668601,0.00647671,-0.07609297,-0.99707973,1.86652279,0.99993527,-0.00884059,0.00716995,1.00193763
0,1598325650391250500,1598325650391177800,-0.00937331,-0.99706084,0.07603909,-0.09670532,0.00647505,-0.07610136,-0.99707907,1.86652517,0.99993521,-0.00885358,0.00716936,1.00189328
0,1598325650400219100,1598325650400154500,-0.00939611,-0.99705958,0.07605346,-0.09671891,0.00645879,-0.07611574,-0.99707806,1.86652565,0.99993509,-0.00887746,0.00715500,1.00188208
0,1598325650409177300,1598325650409112100,-0.00938636,-0.99706060,0.07604089,-0.09670961,0.00644123,-0.07610296,-0.99707919,1.86655807,0.99993527,-0.00886920,0.00713664,1.00190115
0,1598325650418330500,1598325650418219000,-0.00937465,-0.99706072,0.07604099,-0.09669209,0.00645081,-0.07610305,-0.99707913,1.86655879,0.99993527,-0.00885677,0.00714530,1.00193310
0,1598325650427204400,1598325650427146800,-0.00939384,-0.99705946,0.07605512,-0.09671056,0.00644529,-0.07611728,-0.99707806,1.86656404,0.99993521,-0.00887617,0.00714139,1.00188661
0,1598325650436224500,1598325650436148800,-0.00938842,-0.99706209,0.07602174,-0.09666228,0.00643290,-0.07608374,-0.99708068,1.86656785,0.99993539,-0.00887197,0.00712832,1.00187993
0,1598325650445131800,1598325650445048200,-0.00939173,-0.99706250,0.07601516,-0.09665596,0.00643563,-0.07607722,-0.99708116,1.86658132,0.99993527,-0.00887513,0.00713124,1.00188589
0,1598325650454059700,1598325650453972200,-0.00940439,-0.99706209,0.07601994,-0.09664810,0.00641519,-0.07608191,-0.99708098,1.86658430,0.99993527,-0.00888929,0.00711187,1.00190020
0,1598325650463033500,1598325650462961100,-0.00940603,-0.99706244,0.07601488,-0.09664369,0.00642206,-0.07607692,-0.99708128,1.86658990,0.99993527,-0.00889045,0.00711880,1.00189686
0,1598325650472194200,1598325650472021200,-0.00938898,-0.99705964,0.07605353,-0.09669471,0.00641139,-0.07611534,-0.99707842,1.86662364,0.99993551,-0.00887400,0.00710720,1.00190115
0,1598325650481001700,1598325650480913500,-0.00938740,-0.99706030,0.07604508,-0.09667730,0.00641553,-0.07610692,-0.99707901,1.86662865,0.99993545,-0.00887218,0.00711114,1.00194836
0,1598325650490017000,1598325650489944300,-0.00939044,-0.99705976,0.07605187,-0.09668851,0.00639643,-0.07611357,-0.99707866,1.86662316,0.99993551,-0.00887656,0.00709238,1.00191832
0,1598325650499057400,1598325650498942000,-0.00940996,-0.99706161,0.07602450,-0.09664226,0.00641373,-0.07608648,-0.99708062,1.86662579,0.99993521,-0.00889486,0.00711087,1.00191951
0,1598325650508054400,1598325650507953200,-0.00942194,-0.99706125,0.07602801,-0.09665334,0.00644117,-0.07609033,-0.99708015,1.86656487,0.99993497,-0.00890476,0.00713918,1.00188446
0,1598325650516972300,1598325650516855900,-0.00940627,-0.99706274,0.07601109,-0.09663463,0.00647215,-0.07607358,-0.99708122,1.86655962,0.99993491,-0.00888687,0.00716872,1.00194335
0,1598325650525881900,1598325650525810600,-0.00942576,-0.99706167,0.07602230,-0.09664237,0.00646464,-0.07608485,-0.99708039,1.86655104,0.99993479,-0.00890681,0.00716282,1.00191045
0,1598325650534866000,1598325650534779300,-0.00943291,-0.99705935,0.07605212,-0.09669280,0.00647507,-0.07611483,-0.99707806,1.86654496,0.99993461,-0.00891295,0.00717403,1.00189662
0,1598325650543960400,1598325650543814100,-0.00941905,-0.99705893,0.07605904,-0.09668565,0.00647282,-0.07612163,-0.99707752,1.86655569,0.99993479,-0.00889924,0.00717079,1.00190783
0,1598325650552936500,1598325650552806900,-0.00939736,-0.99705946,0.07605427,-0.09666467,0.00647466,-0.07611671,-0.99707794,1.86655092,0.99993497,-0.00887749,0.00717094,1.00193453
0,1598325650561862700,1598325650561801000,-0.00942397,-0.99705654,0.07608917,-0.09668553,0.00644941,-0.07615158,-0.99707544,1.86656070,0.99993485,-0.00890571,0.00714810,1.00188279
0,1598325650570799400,1598325650570712700,-0.00942641,-0.99705923,0.07605423,-0.09665525,0.00645594,-0.07611671,-0.99707806,1.86656332,0.99993479,-0.00890785,0.00715448,1.00187945
0,1598325650579761700,1598325650579704200,-0.00939453,-0.99705851,0.07606727,-0.09663188,0.00644987,-0.07612947,-0.99707711,1.86656928,0.99993515,-0.00887647,0.00714611,1.00193167
0,1598325650588815300,1598325650588757200,-0.00941166,-0.99705684,0.07608728,-0.09664881,0.00645630,-0.07614966,-0.99707550,1.86657023,0.99993491,-0.00889295,0.00715401,1.00189185
0,1598325650597893200,1598325650597744100,-0.00941730,-0.99705184,0.07615176,-0.09678197,0.00644141,-0.07621405,-0.99707067,1.86656857,0.99993497,-0.00889921,0.00714017,1.00186729
0,1598325650606713000,1598325650606618500,-0.00941923,-0.99705201,0.07614943,-0.09677660,0.00643009,-0.07621163,-0.99707097,1.86661077,0.99993503,-0.00890201,0.00712901,1.00189710
0,1598325650615694500,1598325650615616900,-0.00939509,-0.99705321,0.07613736,-0.09676492,0.00643820,-0.07619946,-0.99707180,1.86661255,0.99993521,-0.00887740,0.00713515,1.00193381
0,1598325650624711300,1598325650624603000,-0.00941619,-0.99705309,0.07613556,-0.09679198,0.00642555,-0.07619771,-0.99707204,1.86662042,0.99993515,-0.00889942,0.00712412,1.00189543
0,1598325650633751500,1598325650633650400,-0.00939840,-0.99705458,0.07611810,-0.09677768,0.00642305,-0.07618009,-0.99707341,1.86662555,0.99993527,-0.00888202,0.00712012,1.00189590
0,1598325650642702700,1598325650642593600,-0.00940225,-0.99705434,0.07612100,-0.09679258,0.00644082,-0.07618318,-0.99707305,1.86659527,0.99993515,-0.00888443,0.00713816,1.00187778
0,1598325650651399400,1598325650651312700,-0.00937542,-0.99705547,0.07610978,-0.09677947,0.00646259,-0.07617196,-0.99707377,1.86659873,0.99993527,-0.00885618,0.00715773,1.00192261
0,1598325650660357400,1598325650660200100,-0.00938767,-0.99705338,0.07613539,-0.09679568,0.00641647,-0.07619724,-0.99707216,1.86659384,0.99993539,-0.00887164,0.00711290,1.00189900
0,1598325650669257700,1598325650669184600,-0.00940552,-0.99705672,0.07608937,-0.09675765,0.00641658,-0.07615135,-0.99707562,1.86659956,0.99993527,-0.00888985,0.00711396,1.00190616
0,1598325650678303900,1598325650678171100,-0.00940475,-0.99705601,0.07609901,-0.09677911,0.00644509,-0.07616124,-0.99707472,1.86654115,0.99993509,-0.00888678,0.00714241,1.00187469
0,1598325650687243500,1598325650687175900,-0.00939268,-0.99705470,0.07611833,-0.09676409,0.00643729,-0.07618041,-0.99707329,1.86654282,0.99993527,-0.00887522,0.00713389,1.00191307
0,1598325650696175900,1598325650696094600,-0.00940430,-0.99705416,0.07612354,-0.09678888,0.00642928,-0.07618562,-0.99707294,1.86653888,0.99993515,-0.00888738,0.00712682,1.00188422
0,1598325650705203100,1598325650705112300,-0.00940976,-0.99705333,0.07613318,-0.09682095,0.00642647,-0.07619528,-0.99707222,1.86652339,0.99993515,-0.00889295,0.00712453,1.00187373
0,1598325650714112900,1598325650714014700,-0.00938869,-0.99705499,0.07611456,-0.09681380,0.00644877,-0.07617670,-0.99707347,1.86652124,0.99993521,-0.00887036,0.00714500,1.00189161
0,1598325650723108300,1598325650723035100,-0.00942379,-0.99705386,0.07612495,-0.09684861,0.00641968,-0.07618710,-0.99707288,1.86653304,0.99993503,-0.00890753,0.00711876,1.00183940
0,1598325650732071000,1598325650732024400,-0.00941291,-0.99705219,0.07614850,-0.09680247,0.00642312,-0.07621059,-0.99707109,1.86653876,0.99993515,-0.00889626,0.00712157,1.00184131
0,1598325650741159200,1598325650741083400,-0.00942460,-0.99705142,0.07615639,-0.09677982,0.00642669,-0.07621861,-0.99707043,1.86655247,0.99993503,-0.00890759,0.00712609,1.00185108
0,1598325650750119000,1598325650750006000,-0.00939113,-0.99704975,0.07618251,-0.09672105,0.00645513,-0.07624474,-0.99706829,1.86655736,0.99993515,-0.00887185,0.00715213,1.00183105
0,1598325650759092800,1598325650759027900,-0.00938973,-0.99702924,0.07645107,-0.09662557,0.00647253,-0.07651344,-0.99704754,1.86656332,0.99993509,-0.00886717,0.00717176,1.00180054
0,1598325650767964100,1598325650767908600,-0.00941095,-0.99704260,0.07627355,-0.09632182,0.00645173,-0.07633589,-0.99706131,1.86656439,0.99993503,-0.00889122,0.00715106,1.00181532
0,1598325650777052000,1598325650776971400,-0.00944465,-0.99703240,0.07640238,-0.09604359,0.00644101,-0.07646486,-0.99705148,1.86655617,0.99993473,-0.00892472,0.00714410,1.00184393
0,1598325650785946600,1598325650785866600,-0.00944814,-0.99702030,0.07656008,-0.09563243,0.00648313,-0.07662298,-0.99703908,1.86654937,0.99993443,-0.00892383,0.00718778,1.00191927
0,1598325650794980300,1598325650794903900,-0.00939852,-0.99701941,0.07657804,-0.09509051,0.00638938,-0.07663973,-0.99703842,1.86650729,0.99993551,-0.00888142,0.00709065,1.00193357
0,1598325650803888500,1598325650803828000,-0.00935286,-0.99703693,0.07635534,-0.09436274,0.00636290,-0.07641648,-0.99705571,1.86647701,0.99993610,-0.00883952,0.00705878,1.00197244
0,1598325650812921600,1598325650812824500,-0.00931114,-0.99701911,0.07659221,-0.09356046,0.00636610,-0.07665309,-0.99703753,1.86653042,0.99993646,-0.00879598,0.00706087,1.00203395
0,1598325650822025100,1598325650821923600,-0.00920603,-0.99702048,0.07658724,-0.09259737,0.00635518,-0.07664729,-0.99703801,1.86651504,0.99993747,-0.00869206,0.00704188,1.00210357
0,1598325650830895300,1598325650830791400,-0.00909466,-0.99703360,0.07642940,-0.09152853,0.00633798,-0.07648850,-0.99705034,1.86649966,0.99993867,-0.00858340,0.00701483,1.00213003
0,1598325650839788500,1598325650839739400,-0.00900814,-0.99702990,0.07648735,-0.09036040,0.00640136,-0.07654639,-0.99704552,1.86646283,0.99993908,-0.00849193,0.00707191,1.00213313
0,1598325650848883900,1598325650848786800,-0.00890210,-0.99702775,0.07652820,-0.08902931,0.00645528,-0.07658694,-0.99704200,1.86645055,0.99993962,-0.00838178,0.00711789,1.00218439
0,1598325650857752300,1598325650857694800,-0.00876689,-0.99702787,0.07654189,-0.08763301,0.00636675,-0.07659894,-0.99704170,1.86645436,0.99994135,-0.00825363,0.00701938,1.00219393
0,1598325650866764000,1598325650866693000,-0.00855410,-0.99703473,0.07647692,-0.08608806,0.00643439,-0.07653302,-0.99704629,1.86645341,0.99994278,-0.00803676,0.00706999,1.00222325
0,1598325650875665600,1598325650875608000,-0.00831789,-0.99702823,0.07658818,-0.08446002,0.00646873,-0.07664288,-0.99703765,1.86642468,0.99994457,-0.00779784,0.00708703,1.00223875
0,1598325650884680700,1598325650884638700,-0.00820705,-0.99703127,0.07656051,-0.08268034,0.00643720,-0.07661419,-0.99704003,1.86641824,0.99994564,-0.00768989,0.00704688,1.00230312
0,1598325650893830400,1598325650893746100,-0.00817108,-0.99702293,0.07667291,-0.08078301,0.00645705,-0.07672649,-0.99703127,1.86641383,0.99994588,-0.00765178,0.00706478,1.00235391
0,1598325650902691000,1598325650902617700,-0.00820905,-0.99701577,0.07676124,-0.07881367,0.00648670,-0.07681531,-0.99702424,1.86640716,0.99994534,-0.00768670,0.00709794,1.00238729
0,1598325650911734200,1598325650911646700,-0.00825864,-0.99701554,0.07675964,-0.07667339,0.00646424,-0.07681388,-0.99702454,1.86639416,0.99994510,-0.00773790,0.00707935,1.00244689
0,1598325650920587000,1598325650920506000,-0.00824848,-0.99701184,0.07680918,-0.07444763,0.00649026,-0.07686357,-0.99702054,1.86637950,0.99994504,-0.00772545,0.00710490,1.00254893
0,1598325650929526000,1598325650929459800,-0.00829828,-0.99699891,0.07697079,-0.07202196,0.00639749,-0.07702480,-0.99700868,1.86633790,0.99994516,-0.00778103,0.00701748,1.00262260
0,1598325650938612700,1598325650938482200,-0.00842974,-0.99701709,0.07672095,-0.06933081,0.00640660,-0.07677596,-0.99702781,1.86626577,0.99994403,-0.00791317,0.00703470,1.00266886
0,1598325650947513100,1598325650947472500,-0.00847873,-0.99701279,0.07677062,-0.06663477,0.00648167,-0.07682656,-0.99702340,1.86625624,0.99994314,-0.00795591,0.00711372,1.00272298
0,1598325650956560000,1598325650956466300,-0.00851750,-0.99698704,0.07709990,-0.06382382,0.00641206,-0.07715557,-0.99699849,1.86631238,0.99994326,-0.00799760,0.00704993,1.00271153
0,1598325650965501900,1598325650965373300,-0.00847208,-0.99700868,0.07682559,-0.06086791,0.00640101,-0.07688085,-0.99701977,1.86629486,0.99994373,-0.00795504,0.00703322,1.00276470
0,1598325650974466800,1598325650974385400,-0.00842324,-0.99699473,0.07701084,-0.05772996,0.00649983,-0.07706653,-0.99700481,1.86633658,0.99994344,-0.00789750,0.00712947,1.00282884
0,1598325650983374800,1598325650983324000,-0.00846851,-0.99699152,0.07704833,-0.05448854,0.00651245,-0.07710446,-0.99700177,1.86636162,0.99994302,-0.00794134,0.00714583,1.00291491
0,1598325650992723800,1598325650992571500,-0.00847617,-0.99699843,0.07695744,-0.05103552,0.00654056,-0.07701384,-0.99700856,1.86635959,0.99994278,-0.00794747,0.00717372,1.00295806
0,1598325651001491000,1598325651001396700,-0.00834048,-0.99698097,0.07719856,-0.04746521,0.00653111,-0.07725391,-0.99699008,1.86638486,0.99994397,-0.00781122,0.00715575,1.00301957
0,1598325651010493800,1598325651010347200,-0.00839943,-0.99699384,0.07702490,-0.04382181,0.00657547,-0.07708102,-0.99700320,1.86630297,0.99994320,-0.00786781,0.00720316,1.00306392
0,1598325651019419700,1598325651019329700,-0.00796273,-0.99699795,0.07701929,-0.04005516,0.00662672,-0.07707266,-0.99700350,1.86628485,0.99994648,-0.00742856,0.00722056,1.00318003
0,1598325651028372200,1598325651028317800,-0.00798681,-0.99697977,0.07725146,-0.03612590,0.00655775,-0.07730449,-0.99698597,1.86626077,0.99994665,-0.00745615,0.00715538,1.00325799
0,1598325651037283800,1598325651037210500,-0.00787258,-0.99697393,0.07733821,-0.03198588,0.00657692,-0.07739056,-0.99697918,1.86625755,0.99994749,-0.00734016,0.00716629,1.00337481
0,1598325651046341400,1598325651046261600,-0.00770655,-0.99699318,0.07710540,-0.02777410,0.00658340,-0.07715660,-0.99699730,1.86620390,0.99994874,-0.00717580,0.00715823,1.00345063
0,1598325651055387100,1598325651055259800,-0.00767493,-0.99698257,0.07724594,-0.02345979,0.00646507,-0.07729608,-0.99698722,1.86618674,0.99994975,-0.00715244,0.00703882,1.00355864
0,1598325651064221400,1598325651064134300,-0.00769964,-0.99697483,0.07734386,-0.01892173,0.00647209,-0.07739422,-0.99697959,1.86620414,0.99994946,-0.00717580,0.00704843,1.00366211
0,1598325651073151900,1598325651073092800,-0.00772473,-0.99697942,0.07728297,-0.01431274,0.00655202,-0.07733408,-0.99698371,1.86626363,0.99994886,-0.00719514,0.00712964,1.00382900
0,1598325651082232100,1598325651082138400,-0.00793865,-0.99697691,0.07729326,-0.00957763,0.00646424,-0.07734525,-0.99698341,1.86628556,0.99994767,-0.00741512,0.00705874,1.00394702
0,1598325651091093600,1598325651091031400,-0.00803834,-0.99696517,0.07743321,-0.00482094,0.00643055,-0.07748566,-0.99697274,1.86627364,0.99994713,-0.00751609,0.00703391,1.00405025
0,1598325651100121100,1598325651100043000,-0.00830260,-0.99698770,0.07711498,0.00022340,0.00647073,-0.07716960,-0.99699700,1.86626625,0.99994469,-0.00777873,0.00709197,1.00417614
0,1598325651109027000,1598325651108968500,-0.00875351,-0.99699038,0.07703039,0.00510573,0.00638658,-0.07708752,-0.99700391,1.86631727,0.99994135,-0.00823537,0.00704216,1.00438690
0,1598325651118108000,1598325651118011700,-0.00879157,-0.99689984,0.07818915,0.01019967,0.00646940,-0.07824725,-0.99691302,1.86636484,0.99994051,-0.00825861,0.00713728,1.00450754
0,1598325651127000400,1598325651126935400,-0.00879657,-0.99691850,0.07795054,0.01550877,0.00639476,-0.07800806,-0.99693227,1.86635876,0.99994093,-0.00827116,0.00706127,1.00465488
0,1598325651136029800,1598325651135949500,-0.00891972,-0.99695200,0.07750700,0.02102458,0.00635171,-0.07756501,-0.99696708,1.86636186,0.99994016,-0.00840041,0.00702422,1.00484300
0,1598325651145021400,1598325651144949100,-0.00887081,-0.99687690,0.07847244,0.02654409,0.00644035,-0.07853086,-0.99689090,1.86624479,0.99994004,-0.00833786,0.00711688,1.00488043
0,1598325651153978200,1598325651153904500,-0.00855401,-0.99689168,0.07831999,0.03242302,0.00627856,-0.07837486,-0.99690419,1.86623216,0.99994373,-0.00803578,0.00692948,1.00502539
0,1598325651162905700,1598325651162834100,-0.00839952,-0.99694717,0.07762691,0.03843522,0.00624667,-0.07768045,-0.99695873,1.86616242,0.99994528,-0.00788906,0.00688010,1.00522017
0,1598325651171910000,1598325651171858700,-0.00854820,-0.99689388,0.07829197,0.04456913,0.00619700,-0.07834616,-0.99690700,1.86613369,0.99994433,-0.00803661,0.00684749,1.00539327
0,1598325651180837100,1598325651180775900,-0.00859934,-0.99687225,0.07856178,0.05080628,0.00610546,-0.07861555,-0.99688631,1.86611569,0.99994445,-0.00809291,0.00676242,1.00547147
0,1598325651189973100,1598325651189890600,-0.00871965,-0.99692082,0.07793009,0.05735672,0.00606476,-0.07798435,-0.99693614,1.86612046,0.99994367,-0.00822034,0.00672610,1.00559115
0,1598325651198941500,1598325651198814500,-0.00885835,-0.99687958,0.07843967,0.06400144,0.00600983,-0.07849441,-0.99689645,1.86610365,0.99994278,-0.00835946,0.00668643,1.00574279
0,1598325651207814800,1598325651207749100,-0.00890580,-0.99689376,0.07825451,0.07070947,0.00609103,-0.07831025,-0.99691045,1.86606884,0.99994189,-0.00840163,0.00676954,1.00585318
0,1598325651216828900,1598325651216746600,-0.00881663,-0.99689758,0.07821574,0.07747269,0.00596656,-0.07826984,-0.99691439,1.86605000,0.99994344,-0.00832272,0.00663815,1.00597692
0,1598325651225832500,1598325651225735700,-0.00899911,-0.99687666,0.07846094,0.08439016,0.00602016,-0.07851671,-0.99689466,1.86605263,0.99994147,-0.00849885,0.00670795,1.00604653
0,1598325651234804800,1598325651234735000,-0.00886020,-0.99688619,0.07835516,0.09158933,0.00604174,-0.07841017,-0.99690288,1.86609948,0.99994260,-0.00835937,0.00671767,1.00621533
0,1598325651243829400,1598325651243785400,-0.00823337,-0.99686730,0.07866365,0.09870195,0.00606600,-0.07871467,-0.99687874,1.86589956,0.99994779,-0.00773051,0.00669511,1.00627732
0,1598325651252771900,1598325651252702700,-0.00879923,-0.99685997,0.07869569,0.10590279,0.00595767,-0.07874960,-0.99687666,1.86588740,0.99994361,-0.00830293,0.00663192,1.00645661
0,1598325651261700900,1598325651261648500,-0.00872609,-0.99683386,0.07903370,0.11325490,0.00590097,-0.07908668,-0.99685031,1.86588657,0.99994457,-0.00823224,0.00657242,1.00659895
0,1598325651270702200,1598325651270600000,-0.00870919,-0.99685848,0.07872439,0.12095249,0.00590340,-0.07877727,-0.99687481,1.86585569,0.99994469,-0.00821725,0.00657096,1.00677729
0,1598325651279663000,1598325651279605300,-0.00884634,-0.99683928,0.07895166,0.12872303,0.00586480,-0.07900512,-0.99685699,1.86571145,0.99994373,-0.00835550,0.00654519,1.00691152
0,1598325651288693200,1598325651288609900,-0.00901195,-0.99682361,0.07913057,0.13647544,0.00571632,-0.07918385,-0.99684364,1.86570287,0.99994314,-0.00853118,0.00641179,1.00694680
0,1598325651297610400,1598325651297550400,-0.00927225,-0.99682915,0.07903070,0.14459491,0.00592384,-0.07908748,-0.99685007,1.86571574,0.99993956,-0.00877488,0.00663839,1.00712156
