3,1598304052471178200,1598304052471107800,-0.70917845,0.06286261,-0.70222104,0.17785060,0.05079321,0.99798435,0.03804279,1.91568351,0.70319706,-0.00868893,-0.71094203,0.87139964
3,1598304052480162900,1598304052480031200,-0.70960569,0.06264418,-0.70180875,0.17856371,0.05081359,0.99799621,0.03770405,1.91575360,0.70276445,-0.00890642,-0.71136701,0.87202191
3,1598304052489028600,1598304052488934600,-0.70928156,0.06278238,-0.70212412,0.17985499,0.05076857,0.99798906,0.03795187,1.91567791,0.70309484,-0.00872727,-0.71104252,0.87205935
3,1598304052498231900,1598304052498104100,-0.70954472,0.06270525,-0.70186502,0.18078005,0.05078340,0.99799323,0.03782255,1.91570532,0.70282817,-0.00880630,-0.71130526,0.87235117
3,1598304052507036500,1598304052506951100,-0.70956254,0.06270736,-0.70184684,0.18210101,0.05073595,0.99799371,0.03787326,1.91578484,0.70281374,-0.00873541,-0.71132046,0.87222457
3,1598304052516095000,1598304052516035600,-0.70940262,0.06262599,-0.70201576,0.18355525,0.05064415,0.99799913,0.03785326,1.91586685,0.70298171,-0.00869979,-0.71115488,0.87260032
3,1598304052524873800,1598304052524832300,-0.70929718,0.06264307,-0.70212078,0.18516695,0.05065376,0.99799806,0.03786967,1.91557610,0.70308745,-0.00870421,-0.71105033,0.87123823
3,1598304052534113900,1598304052534060300,-0.70940483,0.06261192,-0.70201480,0.18591332,0.05064710,0.99799985,0.03783025,1.91565776,0.70297933,-0.00871805,-0.71115696,0.87185001
3,1598304052542867800,1598304052542822000,-0.70948350,0.06263538,-0.70193315,0.18732274,0.05061420,0.99799907,0.03789552,1.91560292,0.70290226,-0.00864154,-0.71123403,0.87163997
3,1598304052551858100,1598304052551821900,-0.70958942,0.06255665,-0.70183313,0.18815172,0.05055402,0.99800414,0.03784261,1.91572404,0.70279962,-0.00862776,-0.71133566,0.87238002
3,1598304052560783500,1598304052560753500,-0.70956337,0.06248056,-0.70186621,0.18957055,0.05047038,0.99800920,0.03781951,1.91567993,0.70283192,-0.00858812,-0.71130419,0.87209630
3,1598304052569869400,1598304052569812200,-0.70954424,0.06246547,-0.70188689,0.19065773,0.05044568,0.99801034,0.03782339,1.91582978,0.70285308,-0.00856979,-0.71128356,0.87209058
3,1598304052578777600,1598304052578738400,-0.70962405,0.06249051,-0.70180398,0.19195163,0.05045934,0.99800885,0.03784378,1.91589868,0.70277148,-0.00855771,-0.71136433,0.87229252
3,1598304052587849600,1598304052587818600,-0.70955110,0.06240905,-0.70188493,0.19288564,0.05038596,0.99801409,0.03780349,1.91583920,0.70285034,-0.00854163,-0.71128654,0.87240791
3,1598304052596700200,1598304052596660500,-0.70964670,0.06240080,-0.70178902,0.19458294,0.05041691,0.99801421,0.03775878,1.91573668,0.70275164,-0.00858663,-0.71138358,0.87161565
3,1598304052605845300,1598304052605765100,-0.70963770,0.06233784,-0.70180368,0.19585991,0.05032525,0.99801874,0.03776218,1.91574574,0.70276725,-0.00852098,-0.71136886,0.87161970
3,1598304052614650500,1598304052614597700,-0.70959079,0.06235675,-0.70184946,0.19691432,0.05027467,0.99801826,0.03784106,1.91575813,0.70281827,-0.00843358,-0.71131957,0.87179565
3,1598304052623711900,1598304052623654400,-0.70963478,0.06242980,-0.70179850,0.19783366,0.05034922,0.99801350,0.03786874,1.91572893,0.70276850,-0.00846203,-0.71136838,0.87200475
3,1598304052632669800,1598304052632603700,-0.70963657,0.06245230,-0.70179468,0.19920599,0.05030404,0.99801284,0.03794644,1.91564548,0.70276994,-0.00837492,-0.71136796,0.87185287
3,1598304052641699000,1598304052641632800,-0.70957786,0.06262246,-0.70183885,0.20083439,0.05030159,0.99800360,0.03819187,1.91564417,0.70282936,-0.00820350,-0.71131128,0.87180567
3,1598304052650642600,1598304052650595700,-0.70950902,0.06252941,-0.70191687,0.20188904,0.05032656,0.99800831,0.03803544,1.91552377,0.70289719,-0.00833857,-0.71124274,0.87167311
3,1598304052659841300,1598304052659742800,-0.70958525,0.06248789,-0.70184344,0.20349026,0.05025774,0.99801141,0.03804478,1.91541469,0.70282507,-0.00827705,-0.71131468,0.87126160
3,1598304052668726500,1598304052668447800,-0.70947731,0.06260083,-0.70194256,0.20464540,0.05017726,0.99800611,0.03828858,1.91542840,0.70293987,-0.00805667,-0.71120381,0.87117052
3,1598304052677653300,1598304052677598500,-0.70959222,0.06254202,-0.70183158,0.20578706,0.05020336,0.99800909,0.03817667,1.91540444,0.70282197,-0.00814444,-0.71131927,0.87124348
3,1598304052686440100,1598304052686372900,-0.70955157,0.06260439,-0.70186704,0.20687866,0.05026106,0.99800503,0.03820764,1.91527081,0.70285881,-0.00816629,-0.71128261,0.87113786
3,1598304052695531000,1598304052695478200,-0.70971727,0.06264873,-0.70169556,0.20779705,0.05025317,0.99800277,0.03827595,1.91527879,0.70269209,-0.00809732,-0.71144807,0.87149835
3,1598304052704398900,1598304052704347900,-0.70961493,0.06271736,-0.70179296,0.20911872,0.05021356,0.99799943,0.03841532,1.91524744,0.70279825,-0.00797943,-0.71134454,0.87119651
3,1598304052713559500,1598304052713517200,-0.70964873,0.06280535,-0.70175087,0.21032155,0.05026516,0.99799407,0.03848767,1.91531217,0.70276046,-0.00796089,-0.71138209,0.87161970
3,1598304052722648600,1598304052722596500,-0.70971787,0.06286184,-0.70167583,0.21176565,0.05026911,0.99799097,0.03856290,1.91523659,0.70269024,-0.00790383,-0.71145213,0.87130070
3,1598304052731416600,1598304052731355400,-0.70982516,0.06290884,-0.70156312,0.21337020,0.05027227,0.99798840,0.03862485,1.91517639,0.70258170,-0.00785228,-0.71155989,0.87089086
3,1598304052740345600,1598304052740280700,-0.70981526,0.06303097,-0.70156229,0.21431983,0.05021387,0.99798226,0.03885789,1.91514564,0.70259595,-0.00764623,-0.71154803,0.87119007
3,1598304052749433900,1598304052749376000,-0.70978677,0.06301817,-0.70159221,0.21504462,0.05027180,0.99798232,0.03878144,1.91518950,0.70262057,-0.00774375,-0.71152270,0.87184453
3,1598304052758340600,1598304052758283900,-0.70985323,0.06306405,-0.70152080,0.21652222,0.05030289,0.99797952,0.03881418,1.91521609,0.70255113,-0.00773615,-0.71159124,0.87162304
3,1598304052767318800,1598304052767281100,-0.70987749,0.06316280,-0.70148742,0.21800041,0.05027738,0.99797434,0.03898012,1.91515207,0.70252848,-0.00759783,-0.71161520,0.87136698
3,1598304052776327500,1598304052776214600,-0.70968926,0.06298833,-0.70169353,0.21942115,0.05005991,0.99798626,0.03895504,1.91512442,0.70273411,-0.00748074,-0.71141332,0.87102604
3,1598304052785374900,1598304052785307400,-0.70986265,0.06312078,-0.70150626,0.22054505,0.05004259,0.99797916,0.03915839,1.91514266,0.70256031,-0.00730811,-0.71158683,0.87125373
3,1598304052794371700,1598304052794322700,-0.70973343,0.06294943,-0.70165229,0.22149205,0.04994626,0.99798959,0.03901413,1.91522300,0.70269763,-0.00735527,-0.71145076,0.87175941
3,1598304052803265300,1598304052803202300,-0.71005094,0.06297680,-0.70132852,0.22251189,0.04991948,0.99798858,0.03907549,1.91519070,0.70237875,-0.00726437,-0.71176648,0.87201381
3,1598304052812136100,1598304052812079100,-0.70976973,0.06291690,-0.70161849,0.22379637,0.04986422,0.99799228,0.03905038,1.91518784,0.70266676,-0.00726888,-0.71148205,0.87193179
3,1598304052821327100,1598304052821269600,-0.70995170,0.06296728,-0.70142990,0.22456813,0.04978661,0.99799037,0.03919800,1.91526854,0.70248848,-0.00709313,-0.71165991,0.87257075
3,1598304052830085000,1598304052830015000,-0.70980942,0.06273330,-0.70159477,0.22595847,0.04969554,0.99800426,0.03895944,1.91526246,0.70263863,-0.00721235,-0.71151042,0.87247634
3,1598304052839489800,1598304052839433500,-0.70981193,0.06279393,-0.70158684,0.22703981,0.04958406,0.99800199,0.03915854,1.91525257,0.70264399,-0.00699232,-0.71150738,0.87272668
3,1598304052848015600,1598304052847955300,-0.70978415,0.06277258,-0.70161682,0.22841775,0.04948330,0.99800420,0.03923058,1.91526663,0.70267916,-0.00687307,-0.71147382,0.87277579
3,1598304052857221100,1598304052857092900,-0.70991182,0.06274708,-0.70148993,0.22922707,0.04954031,0.99800515,0.03913478,1.91529667,0.70254612,-0.00696979,-0.71160418,0.87330127
3,1598304052866092900,1598304052866031000,-0.71011531,0.06266131,-0.70129168,0.23065591,0.04945273,0.99801087,0.03909862,1.91534352,0.70234668,-0.00691626,-0.71180159,0.87281871
3,1598304052875270400,1598304052875050200,-0.71001720,0.06255224,-0.70140070,0.23180950,0.04937996,0.99801761,0.03901852,1.91537881,0.70245093,-0.00693132,-0.71169853,0.87298226
3,1598304052883968400,1598304052883932800,-0.71027541,0.06251002,-0.70114303,0.23310041,0.04940905,0.99801981,0.03892531,1.91521525,0.70218784,-0.00699512,-0.71195745,0.87270641
3,1598304052893182400,1598304052893080800,-0.71000552,0.06259108,-0.70140904,0.23551321,0.04935777,0.99801564,0.03909643,1.91499794,0.70246434,-0.00686130,-0.71168602,0.87120199
3,1598304052901908100,1598304052901877700,-0.71019423,0.06255686,-0.70122105,0.23653579,0.04943166,0.99801695,0.03897020,1.91504717,0.70226830,-0.00698610,-0.71187818,0.87144327
3,1598304052911052700,1598304052910997500,-0.70996404,0.06254938,-0.70145476,0.23793006,0.04932417,0.99801832,0.03907172,1.91494834,0.70250863,-0.00685916,-0.71164227,0.87098312
3,1598304052919855700,1598304052919777400,-0.71025479,0.06248616,-0.70116603,0.23880506,0.04944168,0.99802083,0.03885856,1.91503954,0.70220643,-0.00706735,-0.71193850,0.87152195
3,1598304052928972600,1598304052928913400,-0.71027911,0.06261277,-0.70113015,0.23935211,0.04936115,0.99801457,0.03912009,1.91507006,0.70218748,-0.00682241,-0.71195954,0.87284184
3,1598304052937760100,1598304052937688900,-0.71005654,0.06256410,-0.70135987,0.24008596,0.04931211,0.99801767,0.03910359,1.91518068,0.70241594,-0.00681978,-0.71173418,0.87328219
3,1598304052946215000,1598304052946153300,-0.71035790,0.06254949,-0.70105588,0.24134755,0.04934754,0.99801826,0.03904270,1.91518438,0.70210868,-0.00686109,-0.71203685,0.87362671
3,1598304052955162600,1598304052955129700,-0.71042848,0.06256448,-0.70098317,0.24246120,0.04936058,0.99801737,0.03904984,1.91505194,0.70203644,-0.00685882,-0.71210808,0.87350154
3,1598304052964183700,1598304052964091400,-0.71020204,0.06264572,-0.70120525,0.24464452,0.04941999,0.99801213,0.03910840,1.91485834,0.70226133,-0.00687869,-0.71188623,0.87246871
3,1598304052973060900,1598304052973000300,-0.71013200,0.06258600,-0.70128143,0.24574554,0.04934386,0.99801618,0.03910154,1.91491151,0.70233738,-0.00683668,-0.71181142,0.87246537
3,1598304052982171200,1598304052982131400,-0.71023905,0.06264942,-0.70116740,0.24686408,0.04935599,0.99801254,0.03917804,1.91490257,0.70222837,-0.00678104,-0.71191955,0.87284184
3,1598304052991089700,1598304052990991400,-0.71028996,0.06269705,-0.70111156,0.24787664,0.04940795,0.99800944,0.03919244,1.91476846,0.70217317,-0.00680249,-0.71197379,0.87285352
3,1598304053000090000,1598304053000033800,-0.71028876,0.06264995,-0.70111698,0.24930751,0.04931254,0.99801296,0.03922216,1.91470754,0.70218110,-0.00671479,-0.71196687,0.87292218
3,1598304053009055700,1598304053009008500,-0.71024984,0.06251544,-0.70116842,0.25019908,0.04922361,0.99802130,0.03912139,1.91483641,0.70222670,-0.00672807,-0.71192175,0.87292290
3,1598304053018126500,1598304053017980600,-0.71028531,0.06269193,-0.70111674,0.25222778,0.04950421,0.99800879,0.03908763,1.91480446,0.70217115,-0.00694486,-0.71197438,0.87232065
3,1598304053026955000,1598304053026910300,-0.71007192,0.06299780,-0.70130539,0.25348139,0.04972813,0.99798936,0.03929897,1.91469121,0.70237112,-0.00696951,-0.71177697,0.87231970
3,1598304053035946800,1598304053035887300,-0.71012396,0.06269470,-0.70127988,0.25493956,0.04958747,0.99800771,0.03900945,1.91474891,0.70232844,-0.00707315,-0.71181798,0.87174344
3,1598304053044872200,1598304053044819700,-0.71000487,0.06268007,-0.70140183,0.25621724,0.04962303,0.99800807,0.03895432,1.91464698,0.70244634,-0.00714792,-0.71170092,0.87134838
3,1598304053053952600,1598304053053893900,-0.71009821,0.06263846,-0.70131099,0.25682282,0.04958941,0.99801075,0.03892783,1.91485190,0.70235431,-0.00713501,-0.71179187,0.87246728
3,1598304053062894700,1598304053062841200,-0.71011859,0.06275670,-0.70127988,0.25752223,0.04954771,0.99800462,0.03913806,1.91488576,0.70233667,-0.00695415,-0.71181107,0.87341619
3,1598304053071928000,1598304053071825600,-0.71007341,0.06272323,-0.70132852,0.25836551,0.04959087,0.99800605,0.03904733,1.91497064,0.70237929,-0.00705301,-0.71176803,0.87365389
3,1598304053080808600,1598304053080772000,-0.71014833,0.06277059,-0.70124841,0.25977457,0.04967606,0.99800259,0.03902731,1.91511321,0.70229757,-0.00712008,-0.71184802,0.87421370
3,1598304053089860100,1598304053089788700,-0.71012145,0.06290281,-0.70126379,0.26067567,0.04966292,0.99799532,0.03922918,1.91504550,0.70232564,-0.00696932,-0.71182185,0.87442398
3,1598304053098753500,1598304053098698700,-0.70994246,0.06276833,-0.70145708,0.26303983,0.04976897,0.99800164,0.03893296,1.91484249,0.70249909,-0.00727063,-0.71164763,0.87291574
3,1598304053107860200,1598304053107817200,-0.71003121,0.06292035,-0.70135355,0.26399410,0.04970544,0.99799389,0.03921233,1.91482091,0.70241380,-0.00701911,-0.71173429,0.87316251
3,1598304053116662800,1598304053116604400,-0.70991540,0.06277818,-0.70148355,0.26533735,0.04967472,0.99800205,0.03904283,1.91490734,0.70253307,-0.00712890,-0.71161550,0.87334323
3,1598304053125785500,1598304053125715700,-0.71017188,0.06313933,-0.70119143,0.26679516,0.04971045,0.99798161,0.03951692,1.91463172,0.70227128,-0.00679273,-0.71187717,0.87295127
3,1598304053134603900,1598304053134545400,-0.70995760,0.06263185,-0.70145386,0.26765823,0.04965971,0.99801034,0.03884923,1.91483533,0.70249146,-0.00725268,-0.71165532,0.87302613
3,1598304053143798400,1598304053143717500,-0.71044767,0.06281299,-0.70094138,0.26848304,0.04956719,0.99800146,0.03919381,1.91477811,0.70200241,-0.00689854,-0.71214122,0.87371230
3,1598304053152659900,1598304053152615900,-0.71027005,0.06288621,-0.70111483,0.26998007,0.04959213,0.99799705,0.03927524,1.91475296,0.70218039,-0.00687375,-0.71196604,0.87331772
3,1598304053161678500,1598304053161610100,-0.71034539,0.06284035,-0.70104253,0.27170348,0.04961367,0.99799943,0.03918706,1.91466498,0.70210254,-0.00694494,-0.71204209,0.87269783
3,1598304053170561000,1598304053170517800,-0.71025187,0.06272458,-0.70114768,0.27287114,0.04947759,0.99800718,0.03916156,1.91466165,0.70220685,-0.00687652,-0.71193999,0.87258101
3,1598304053179571600,1598304053179519000,-0.71063614,0.06249518,-0.70077872,0.27333832,0.04933869,0.99802154,0.03897046,1.91461790,0.70182765,-0.00688169,-0.71231365,0.87291861
3,1598304053188510300,1598304053188427200,-0.71064472,0.06263738,-0.70075727,0.27482152,0.04936324,0.99801338,0.03914795,1.91461515,0.70181727,-0.00677136,-0.71232498,0.87304926
3,1598304053197592400,1598304053197515500,-0.71059644,0.06264994,-0.70080519,0.27582192,0.04944817,0.99801183,0.03908032,1.91468489,0.70186019,-0.00688319,-0.71228153,0.87341070
3,1598304053206394700,1598304053206367100,-0.71072894,0.06258674,-0.70067644,0.27675569,0.04942387,0.99801564,0.03901313,1.91471696,0.70172775,-0.00690238,-0.71241194,0.87362432
3,1598304053215650600,1598304053215572100,-0.71100914,0.06271059,-0.70038104,0.27848148,0.04943340,0.99800879,0.03917600,1.91473413,0.70144320,-0.00676772,-0.71269333,0.87352753
3,1598304053224429900,1598304053224369300,-0.71098936,0.06283436,-0.70038998,0.27978086,0.04942985,0.99800187,0.03935624,1.91458750,0.70146346,-0.00663829,-0.71267462,0.87344337
3,1598304053233484300,1598304053233424800,-0.71079522,0.06274381,-0.70059514,0.28134274,0.04945924,0.99800658,0.03920003,1.91460991,0.70165813,-0.00678771,-0.71248162,0.87235641
3,1598304053242304300,1598304053242262900,-0.71124625,0.06251134,-0.70015800,0.28235805,0.04953973,0.99801898,0.03878061,1.91468620,0.70119524,-0.00710307,-0.71293402,0.87264252
3,1598304053251437000,1598304053251404800,-0.71111739,0.06258138,-0.70028263,0.28338850,0.04952793,0.99801517,0.03889430,1.91459775,0.70132673,-0.00702514,-0.71280545,0.87259555
3,1598304053260327500,1598304053260285600,-0.71133554,0.06235641,-0.70008111,0.28438437,0.04962729,0.99802667,0.03846941,1.91468191,0.70109844,-0.00737847,-0.71302646,0.87311411
3,1598304053269488300,1598304053269346300,-0.71121931,0.06260526,-0.70017695,0.28530526,0.04937140,0.99801540,0.03908601,1.91463685,0.70123446,-0.00676999,-0.71289873,0.87335801
3,1598304053278348200,1598304053278226700,-0.71154332,0.06226932,-0.69987762,0.28625822,0.04933208,0.99803460,0.03864250,1.91474700,0.70090842,-0.00703061,-0.71321678,0.87371755
3,1598304053287402900,1598304053287332100,-0.71132040,0.06255825,-0.70007855,0.28709280,0.04929784,0.99801880,0.03909240,1.91456795,0.70113707,-0.00670514,-0.71299505,0.87407756
3,1598304053296171000,1598304053296122300,-0.71122861,0.06249139,-0.70017767,0.28878355,0.04922111,0.99802321,0.03907636,1.91448343,0.70123553,-0.00667130,-0.71289855,0.87358427
3,1598304053305365200,1598304053305285800,-0.71136367,0.06235017,-0.70005310,0.29001975,0.04918576,0.99803150,0.03890915,1.91450167,0.70110106,-0.00675408,-0.71303010,0.87361860
3,1598304053314222600,1598304053314177400,-0.71139836,0.06230486,-0.70002186,0.29118621,0.04913086,0.99803454,0.03889991,1.91467476,0.70106965,-0.00671934,-0.71306121,0.87450814
3,1598304053323497200,1598304053323433300,-0.71161604,0.06234804,-0.69979668,0.29237318,0.04906716,0.99803287,0.03902335,1.91464245,0.70085311,-0.00656739,-0.71327555,0.87456894
3,1598304053332143400,1598304053332045100,-0.71128094,0.06227888,-0.70014346,0.29367208,0.04899625,0.99803722,0.03900134,1.91458583,0.70119816,-0.00656349,-0.71293634,0.87428284
3,1598304053341210200,1598304053341168000,-0.71136153,0.06211485,-0.70007616,0.29487693,0.04890788,0.99804717,0.03885629,1.91473508,0.70112264,-0.00659837,-0.71301031,0.87415290
3,1598304053350050200,1598304053349992700,-0.71154702,0.06211398,-0.69988775,0.29643202,0.04882065,0.99804813,0.03894132,1.91485059,0.70094049,-0.00646039,-0.71319067,0.87444806
3,1598304053359258600,1598304053359090400,-0.71151870,0.06223159,-0.69990605,0.29817152,0.04888992,0.99804097,0.03903892,1.91454864,0.70096433,-0.00644142,-0.71316731,0.87342525
3,1598304053368062600,1598304053368024900,-0.71140802,0.06188630,-0.70004916,0.29906654,0.04873572,0.99806148,0.03870492,1.91467857,0.70108742,-0.00658241,-0.71304500,0.87361598
3,1598304053377147400,1598304053377058500,-0.71144909,0.06184001,-0.70001155,0.30023837,0.04864466,0.99806494,0.03873099,1.91470838,0.70105213,-0.00649670,-0.71308053,0.87356353
3,1598304053385996800,1598304053385942600,-0.71173060,0.06173193,-0.69973487,0.30085027,0.04869644,0.99807054,0.03852042,1.91468811,0.70076275,-0.00665843,-0.71336353,0.87413883
3,1598304053395000700,1598304053394940200,-0.71146977,0.06196069,-0.69997990,0.30261350,0.04855901,0.99805903,0.03898992,1.91452312,0.70103705,-0.00625018,-0.71309757,0.87353492
3,1598304053403967500,1598304053403893700,-0.71153557,0.06179293,-0.69992781,0.30323887,0.04859588,0.99806803,0.03871234,1.91468227,0.70096767,-0.00646840,-0.71316379,0.87399817
3,1598304053413045700,1598304053412993200,-0.71165824,0.06168803,-0.69981229,0.30501986,0.04857689,0.99807405,0.03858046,1.91473353,0.70084447,-0.00653860,-0.71328425,0.87380719
3,1598304053421877300,1598304053421849400,-0.71172792,0.06174004,-0.69973683,0.30607927,0.04860299,0.99807101,0.03862715,1.91453826,0.70077187,-0.00651729,-0.71335578,0.87366343
3,1598304053430941500,1598304053430884100,-0.71140689,0.06195135,-0.70004463,0.30750287,0.04864968,0.99805868,0.03888519,1.91446447,0.70109463,-0.00639376,-0.71303970,0.87354493
3,1598304053439787300,1598304053439736400,-0.71161795,0.06186457,-0.69983768,0.30871260,0.04861549,0.99806392,0.03879347,1.91445613,0.70088267,-0.00641682,-0.71324784,0.87327337
3,1598304053448876600,1598304053448840400,-0.71158379,0.06177995,-0.69987988,0.30990338,0.04865080,0.99806827,0.03863731,1.91445971,0.70091492,-0.00655603,-0.71321487,0.87341475
3,1598304053457835500,1598304053457735100,-0.71174955,0.06203673,-0.69968861,0.31125927,0.04885814,0.99805218,0.03879030,1.91429186,0.70073217,-0.00657650,-0.71339422,0.87317038
3,1598304053467054400,1598304053466992700,-0.71145165,0.06214863,-0.69998163,0.31266260,0.04890301,0.99804538,0.03890820,1.91422701,0.70103157,-0.00654991,-0.71310025,0.87292552
3,1598304053475725200,1598304053475670400,-0.71170479,0.06212512,-0.69972628,0.31376636,0.04902396,0.99804568,0.03874818,1.91429937,0.70076603,-0.00672609,-0.71335959,0.87320399
3,1598304053484816000,1598304053484755000,-0.71171397,0.06219532,-0.69971073,0.31512535,0.04902199,0.99804181,0.03885020,1.91425872,0.70075691,-0.00665098,-0.71336925,0.87316751
3,1598304053493747900,1598304053493698700,-0.71158934,0.06227644,-0.69983029,0.31624293,0.04902857,0.99803722,0.03896088,1.91422534,0.70088303,-0.00658753,-0.71324599,0.87333155
3,1598304053502829600,1598304053502769000,-0.71162409,0.06247482,-0.69977725,0.31732571,0.04908294,0.99802566,0.03918801,1.91423774,0.70084387,-0.00645999,-0.71328557,0.87337089
3,1598304053511613300,1598304053511575200,-0.71165079,0.06209028,-0.69978428,0.31808484,0.04901314,0.99804771,0.03871024,1.91440845,0.70082164,-0.00675045,-0.71330470,0.87389874
3,1598304053520814000,1598304053520758800,-0.71172142,0.06211590,-0.69971025,0.31931877,0.04889229,0.99804747,0.03886884,1.91426420,0.70075840,-0.00654664,-0.71336877,0.87370753
3,1598304053529608100,1598304053529523100,-0.71167278,0.06228697,-0.69974446,0.32045293,0.04903515,0.99803662,0.03896807,1.91423583,0.70079780,-0.00657957,-0.71332967,0.87348318
3,1598304053538601300,1598304053538543700,-0.71162128,0.06238449,-0.69978809,0.32164276,0.04918542,0.99802971,0.03895490,1.91424227,0.70083952,-0.00669824,-0.71328759,0.87332463
3,1598304053547557300,1598304053547498000,-0.71174943,0.06221557,-0.69967282,0.32318509,0.04924383,0.99803859,0.03865274,1.91431499,0.70070529,-0.00694351,-0.71341717,0.87320948
3,1598304053556582100,1598304053556501900,-0.71178675,0.06239127,-0.69961929,0.32426834,0.04912272,0.99803001,0.03902617,1.91423202,0.70067596,-0.00658890,-0.71344924,0.87343121
3,1598304053565508200,1598304053565448000,-0.71152472,0.06235228,-0.69988918,0.32569098,0.04912565,0.99803203,0.03897112,1.91420901,0.70094180,-0.00665360,-0.71318758,0.87302232
3,1598304053574622200,1598304053574595800,-0.71200502,0.06219773,-0.69941437,0.32681072,0.04917525,0.99804038,0.03869355,1.91420960,0.70045042,-0.00684387,-0.71366835,0.87323022
3,1598304053583473200,1598304053583415300,-0.71166128,0.06236356,-0.69974941,0.32794893,0.04904263,0.99803227,0.03906985,1.91403794,0.70080900,-0.00651306,-0.71331942,0.87318730
3,1598304053592618400,1598304053592524300,-0.71183389,0.06246647,-0.69956458,0.32939041,0.04919632,0.99802518,0.03905787,1.91398799,0.70062280,-0.00661329,-0.71350127,0.87301588
3,1598304053601400200,1598304053601374200,-0.71168673,0.06224021,-0.69973445,0.33021748,0.04919444,0.99803770,0.03873905,1.91401732,0.70077252,-0.00685298,-0.71335196,0.87319350
3,1598304053610650700,1598304053610605800,-0.71223426,0.06221665,-0.69917929,0.33158243,0.04912095,0.99803996,0.03877272,1.91394627,0.70022118,-0.00672909,-0.71389437,0.87305474
3,1598304053619487400,1598304053619432000,-0.71184832,0.06254040,-0.69954330,0.33336413,0.04918738,0.99802113,0.03917226,1.91390646,0.70060885,-0.00652399,-0.71351582,0.87257433
3,1598304053628565800,1598304053628498500,-0.71163893,0.06262122,-0.69974905,0.33460474,0.04935623,0.99801487,0.03911845,1.91390359,0.70080960,-0.00669876,-0.71331704,0.87261081
3,1598304053637374700,1598304053637332200,-0.71181250,0.06256141,-0.69957787,0.33594859,0.04949251,0.99801701,0.03889197,1.91380095,0.70062375,-0.00694007,-0.71349734,0.87257504
3,1598304053646386100,1598304053646293700,-0.71205920,0.06261913,-0.69932163,0.33728337,0.04952918,0.99801356,0.03893349,1.91367149,0.70037043,-0.00691388,-0.71374619,0.87215638
3,1598304053655295700,1598304053655237700,-0.71211958,0.06272957,-0.69925022,0.33831596,0.04951666,0.99800754,0.03910303,1.91385901,0.70030987,-0.00677850,-0.71380687,0.87277389
3,1598304053664338200,1598304053664292200,-0.71212429,0.06280528,-0.69923854,0.33893502,0.04953839,0.99800313,0.03918887,1.91390371,0.70030355,-0.00673180,-0.71381354,0.87356281
3,1598304053673294500,1598304053673244100,-0.71232522,0.06287583,-0.69902766,0.33993471,0.04975015,0.99799716,0.03907086,1.91394162,0.70008421,-0.00694557,-0.71402663,0.87345958
3,1598304053682515600,1598304053682402500,-0.71218532,0.06289124,-0.69916868,0.34105384,0.04980058,0.99799573,0.03904345,1.91401887,0.70022285,-0.00701284,-0.71388996,0.87371683
3,1598304053691190400,1598304053691128700,-0.71248198,0.06277195,-0.69887710,0.34159195,0.04980615,0.99800253,0.03886317,1.91406000,0.69992059,-0.00711906,-0.71418536,0.87443948
3,1598304053700334500,1598304053700270900,-0.71235210,0.06289718,-0.69899821,0.34300423,0.04987704,0.99799472,0.03897152,1.91398537,0.70004779,-0.00710252,-0.71406078,0.87394953
3,1598304053709171400,1598304053709074400,-0.71236587,0.06289697,-0.69898427,0.34408772,0.04991153,0.99799442,0.03893586,1.91397882,0.70003134,-0.00715079,-0.71407646,0.87408209
3,1598304053718289200,1598304053718210400,-0.71240819,0.06298471,-0.69893324,0.34491694,0.04979926,0.99799067,0.03917506,1.91413569,0.69999623,-0.00689772,-0.71411330,0.87527370
3,1598304053727121500,1598304053727064800,-0.71268606,0.06278211,-0.69866812,0.34561527,0.04979068,0.99800223,0.03889051,1.91416192,0.69971395,-0.00707043,-0.71438825,0.87605238
3,1598304053736093000,1598304053736056900,-0.71244007,0.06280525,-0.69891691,0.34798622,0.04980749,0.99800062,0.03890996,1.91398692,0.69996321,-0.00709028,-0.71414381,0.87436199
3,1598304053744999300,1598304053744925200,-0.71247000,0.06283609,-0.69888365,0.34900916,0.04985299,0.99799848,0.03890714,1.91409814,0.69992954,-0.00712127,-0.71417648,0.87525940
3,1598304053754303200,1598304053754267100,-0.71259797,0.06295770,-0.69874215,0.35058653,0.04971247,0.99799311,0.03922241,1.91388869,0.69980919,-0.00678639,-0.71429765,0.87492609
3,1598304053763019900,1598304053762969300,-0.71243203,0.06301323,-0.69890636,0.35298562,0.04984541,0.99798864,0.03916837,1.91373956,0.69996870,-0.00693247,-0.71413994,0.87350607
3,1598304053772020400,1598304053771970100,-0.71243894,0.06272990,-0.69892478,0.35409820,0.04974822,0.99800539,0.03886285,1.91383815,0.69996858,-0.00708286,-0.71413857,0.87338972
3,1598304053780900700,1598304053780855700,-0.71258259,0.06259104,-0.69879085,0.35536242,0.04963752,0.99801433,0.03877544,1.91383684,0.69983029,-0.00705554,-0.71427447,0.87357330
3,1598304053790134800,1598304053790029500,-0.71236318,0.06291226,-0.69898558,0.35699165,0.04965443,0.99799609,0.03921999,1.91365862,0.70005232,-0.00676886,-0.71405953,0.87296653
3,1598304053798980300,1598304053798907200,-0.71263534,0.06283750,-0.69871485,0.35751545,0.04968732,0.99800014,0.03907586,1.91374660,0.69977295,-0.00687044,-0.71433234,0.87362385
3,1598304053808391600,1598304053808320200,-0.71253705,0.06255279,-0.69884062,0.35868251,0.04963524,0.99801642,0.03872379,1.91376281,0.69987667,-0.00709499,-0.71422851,0.87335801
3,1598304053816966300,1598304053816938300,-0.71275890,0.06283838,-0.69858873,0.35983980,0.04966982,0.99800032,0.03909327,1.91369927,0.69964832,-0.00683470,-0.71445477,0.87323785
3,1598304053825847800,1598304053825799900,-0.71253824,0.06267679,-0.69882834,0.36014044,0.04961440,0.99800974,0.03892214,1.91386974,0.69987702,-0.00693843,-0.71422976,0.87431836
3,1598304053834785100,1598304053834730300,-0.71266788,0.06269023,-0.69869494,0.36144781,0.04936619,0.99801147,0.03919289,1.91375148,0.69976258,-0.00656039,-0.71434551,0.87375736
3,1598304053843810100,1598304053843754100,-0.71257925,0.06249621,-0.69880259,0.36255765,0.04954342,0.99802053,0.03873609,1.91383684,0.69984019,-0.00701854,-0.71426505,0.87375903
3,1598304053852747600,1598304053852666100,-0.71271926,0.06261048,-0.69864964,0.36307251,0.04946595,0.99801499,0.03897643,1.91382575,0.69970316,-0.00678011,-0.71440160,0.87432170
3,1598304053861738200,1598304053861685500,-0.71276176,0.06261994,-0.69860542,0.36493409,0.04946198,0.99801457,0.03899340,1.91369402,0.69966018,-0.00676140,-0.71444386,0.87348223
3,1598304053870683500,1598304053870632600,-0.71267915,0.06254029,-0.69869685,0.36583948,0.04932309,0.99802029,0.03902255,1.91364372,0.69975412,-0.00665133,-0.71435285,0.87363553
3,1598304053879764700,1598304053879695700,-0.71276438,0.06247772,-0.69861543,0.36736333,0.04924295,0.99802458,0.03901384,1.91377020,0.69967288,-0.00659421,-0.71443295,0.87390471
3,1598304053888665200,1598304053888624700,-0.71302950,0.06260738,-0.69833326,0.36796236,0.04930393,0.99801689,0.03913327,1.91384327,0.69939840,-0.00652739,-0.71470237,0.87478328
3,1598304053897709700,1598304053897651400,-0.71272856,0.06249939,-0.69865012,0.37017310,0.04930181,0.99802279,0.03898518,1.91370225,0.69970536,-0.00665887,-0.71440065,0.87344718
3,1598304053906582600,1598304053906540000,-0.71292633,0.06235983,-0.69846076,0.37096202,0.04893250,0.99803412,0.03916035,1.91364050,0.69952965,-0.00625898,-0.71457624,0.87384367
3,1598304053915835700,1598304053915733100,-0.71271193,0.06230934,-0.69868404,0.37278998,0.04891566,0.99803698,0.03910816,1.91371834,0.69974935,-0.00630374,-0.71436077,0.87349892
3,1598304053924527800,1598304053924488100,-0.71283603,0.06214778,-0.69857192,0.37364638,0.04890698,0.99804616,0.03888462,1.91373146,0.69962358,-0.00644668,-0.71448267,0.87392569
3,1598304053933597000,1598304053933505100,-0.71273357,0.06224602,-0.69866765,0.37533200,0.04858918,0.99804342,0.03935075,1.91349578,0.69975007,-0.00590109,-0.71436352,0.87314749
3,1598304053942483500,1598304053942439900,-0.71298152,0.06208583,-0.69842887,0.37644911,0.04862056,0.99805224,0.03908679,1.91350091,0.69949514,-0.00608984,-0.71461153,0.87328243
3,1598304053951615100,1598304053951558200,-0.71277380,0.06218822,-0.69863176,0.37742281,0.04850981,0.99804735,0.03934871,1.91347718,0.69971454,-0.00584376,-0.71439874,0.87369680
3,1598304053960513800,1598304053960455200,-0.71302772,0.06228632,-0.69836378,0.37900257,0.04868580,0.99804044,0.03930609,1.91340756,0.69944352,-0.00597406,-0.71466297,0.87315083
3,1598304053969617200,1598304053969554200,-0.71287817,0.06197860,-0.69854379,0.37987661,0.04845162,0.99805963,0.03910740,1.91342390,0.69961220,-0.00596676,-0.71449798,0.87312961
3,1598304053978498400,1598304053978425700,-0.71293485,0.06195418,-0.69848818,0.38116384,0.04842723,0.99806124,0.03909674,1.91339707,0.69955623,-0.00595242,-0.71455294,0.87302375
3,1598304053987578300,1598304053987519000,-0.71285295,0.06217725,-0.69855195,0.38238478,0.04849916,0.99804807,0.03934298,1.91338217,0.69963467,-0.00583342,-0.71447700,0.87301302
3,1598304053996410700,1598304053996326700,-0.71296477,0.06219563,-0.69843620,0.38343465,0.04858102,0.99804640,0.03928428,1.91342068,0.69951504,-0.00592243,-0.71459341,0.87283564
3,1598304054005642900,1598304054005580400,-0.71305114,0.06192344,-0.69837213,0.38492346,0.04844439,0.99806285,0.03903385,1.91328192,0.69943643,-0.00599908,-0.71466970,0.87221384
3,1598304054014321900,1598304054014256300,-0.71308726,0.06211974,-0.69831789,0.38585424,0.04855292,0.99805099,0.03920306,1.91326272,0.69939208,-0.00595017,-0.71471351,0.87227821
3,1598304054023392900,1598304054023331400,-0.71297431,0.06206770,-0.69843781,0.38697886,0.04861270,0.99805331,0.03906900,1.91332495,0.69950306,-0.00609774,-0.71460372,0.87245870
3,1598304054032292700,1598304054032230300,-0.71314007,0.06217319,-0.69825923,0.38749790,0.04860486,0.99804753,0.03922573,1.91334379,0.69933474,-0.00596535,-0.71476954,0.87319136
3,1598304054041387200,1598304054041270100,-0.71324676,0.06201335,-0.69816446,0.38855326,0.04867508,0.99805593,0.03892414,1.91340351,0.69922101,-0.00622069,-0.71487862,0.87351465
3,1598304054050292000,1598304054050241600,-0.71314228,0.06223263,-0.69825161,0.38935912,0.04866696,0.99804366,0.03924719,1.91336358,0.69932806,-0.00599294,-0.71477586,0.87408924
3,1598304054059478100,1598304054059412600,-0.71334779,0.06249208,-0.69801843,0.39145601,0.04881780,0.99802786,0.03946137,1.91327035,0.69910789,-0.00592604,-0.71499169,0.87309194
3,1598304054068244800,1598304054068136600,-0.71344787,0.06200239,-0.69795990,0.39218318,0.04867404,0.99805665,0.03890698,1.91328204,0.69901586,-0.00621442,-0.71507931,0.87346554
3,1598304054077275300,1598304054077211200,-0.71346325,0.06240088,-0.69790864,0.39413571,0.04875638,0.99803358,0.03939240,1.91315651,0.69899440,-0.00592247,-0.71510273,0.87293458
3,1598304054086204000,1598304054086056400,-0.71317911,0.06232535,-0.69820583,0.39499176,0.04885510,0.99803686,0.03918696,1.91334188,0.69927752,-0.00616360,-0.71482384,0.87390757
3,1598304054095202300,1598304054095090800,-0.71338743,0.06257828,-0.69797027,0.39646614,0.04884224,0.99802279,0.03955916,1.91323984,0.69906580,-0.00586943,-0.71503335,0.87395430
3,1598304054104041500,1598304054103989600,-0.71338505,0.06215942,-0.69801009,0.39735043,0.04879805,0.99804676,0.03900546,1.91336179,0.69907129,-0.00623562,-0.71502495,0.87426019
3,1598304054113176800,1598304054113102600,-0.71329838,0.06229916,-0.69808626,0.39897168,0.04883863,0.99803853,0.03916485,1.91329288,0.69915694,-0.00615735,-0.71494180,0.87430096
3,1598304054121965100,1598304054121920800,-0.71349239,0.06257302,-0.69786346,0.40020752,0.04888910,0.99802274,0.03950242,1.91316259,0.69895542,-0.00593324,-0.71514076,0.87377024
3,1598304054131030800,1598304054130962300,-0.71300286,0.06236625,-0.69838214,0.40206563,0.04895709,0.99803358,0.03914342,1.91315746,0.69945002,-0.00628139,-0.71465409,0.87285304
3,1598304054139997000,1598304054139951800,-0.71357262,0.06200954,-0.69783175,0.40265584,0.04886626,0.99805456,0.03871890,1.91315675,0.69887513,-0.00647168,-0.71521455,0.87346506
3,1598304054149121100,1598304054149002200,-0.71331388,0.06212903,-0.69808555,0.40396512,0.04879700,0.99804842,0.03896400,1.91317606,0.69914401,-0.00627092,-0.71495342,0.87348843
3,1598304054157913200,1598304054157880600,-0.71356678,0.06211666,-0.69782817,0.40472567,0.04861230,0.99805087,0.03913207,1.91335201,0.69889873,-0.00599969,-0.71519554,0.87434101
3,1598304054167053800,1598304054166995200,-0.71365905,0.06196729,-0.69774711,0.40592945,0.04850997,0.99806017,0.03902203,1.91334403,0.69881165,-0.00599926,-0.71528071,0.87395716
3,1598304054175850900,1598304054175799700,-0.71353149,0.06183068,-0.69788957,0.40729153,0.04858356,0.99806708,0.03875292,1.91345477,0.69893670,-0.00625453,-0.71515626,0.87414432
3,1598304054184932600,1598304054184879200,-0.71369255,0.06206639,-0.69770396,0.40823054,0.04844929,0.99805510,0.03922549,1.91337371,0.69878161,-0.00580832,-0.71531153,0.87447357
3,1598304054193950100,1598304054193822500,-0.71358460,0.06211975,-0.69780964,0.40987742,0.04871822,0.99804980,0.03902788,1.91335464,0.69887316,-0.00614635,-0.71521932,0.87377954
3,1598304054202887300,1598304054202835800,-0.71374106,0.06190401,-0.69766879,0.41031742,0.04871672,0.99806190,0.03871882,1.91346371,0.69871354,-0.00635293,-0.71537352,0.87449574
3,1598304054211778200,1598304054211726400,-0.71364039,0.06194521,-0.69776809,0.41239703,0.04859501,0.99806064,0.03890362,1.91336739,0.69882476,-0.00614485,-0.71526659,0.87367606
3,1598304054220835400,1598304054220783000,-0.71372628,0.06210726,-0.69766581,0.41313827,0.04862091,0.99805140,0.03910787,1.91333878,0.69873524,-0.00600883,-0.71535516,0.87389731
3,1598304054229714900,1598304054229655300,-0.71378636,0.06204973,-0.69760948,0.41508317,0.04870233,0.99805391,0.03894144,1.91326344,0.69866818,-0.00617933,-0.71541929,0.87290883
3,1598304054238804600,1598304054238747800,-0.71361876,0.06187661,-0.69779634,0.41611362,0.04850902,0.99806517,0.03889378,1.91318798,0.69885284,-0.00609409,-0.71523964,0.87315631
3,1598304054247660100,1598304054247607400,-0.71378440,0.06192476,-0.69762266,0.41694856,0.04846239,0.99806297,0.03900835,1.91322231,0.69868696,-0.00596491,-0.71540272,0.87390614
3,1598304054256935100,1598304054256878900,-0.71349096,0.06202121,-0.69791424,0.41809714,0.04834321,0.99805844,0.03927181,1.91320395,0.69899487,-0.00571933,-0.71510392,0.87383294
3,1598304054265667900,1598304054265544500,-0.71394086,0.06177583,-0.69747573,0.41915977,0.04845895,0.99807143,0.03879686,1.91323400,0.69852734,-0.00610028,-0.71555746,0.87413216
3,1598304054274725600,1598304054274612600,-0.71377695,0.06205680,-0.69761848,0.42038298,0.04812180,0.99805832,0.03954607,1.91312969,0.69871801,-0.00534358,-0.71537733,0.87404728
3,1598304054283579900,1598304054283497000,-0.71369922,0.06167673,-0.69773173,0.42080522,0.04814195,0.99807954,0.03898262,1.91320145,0.69879603,-0.00576830,-0.71529782,0.87478471
3,1598304054292651200,1598304054292588600,-0.71383041,0.06195720,-0.69757265,0.42303014,0.04814783,0.99806374,0.03937634,1.91303444,0.69866168,-0.00547858,-0.71543133,0.87364364
3,1598304054301530700,1598304054301486900,-0.71369731,0.06126281,-0.69777024,0.42374897,0.04796597,0.99810398,0.03857068,1.91317320,0.69881010,-0.00594144,-0.71528262,0.87366915
3,1598304054310575700,1598304054310547700,-0.71387911,0.06159804,-0.69755471,0.42559898,0.04791314,0.99808586,0.03910223,1.91306710,0.69862807,-0.00550777,-0.71546394,0.87327743
3,1598304054319536700,1598304054319488800,-0.71381867,0.06185570,-0.69759363,0.42639375,0.04785147,0.99807179,0.03953469,1.91297340,0.69869399,-0.00516028,-0.71540219,0.87291646
3,1598304054328495700,1598304054328437900,-0.71392912,0.06155652,-0.69750714,0.42759216,0.04809476,0.99808669,0.03885623,1.91290903,0.69856441,-0.00580584,-0.71552378,0.87321115
3,1598304054337525600,1598304054337400300,-0.71377164,0.06181145,-0.69764578,0.42994463,0.04789965,0.99807388,0.03942257,1.91259634,0.69873881,-0.00527827,-0.71535754,0.87145424
3,1598304054346655800,1598304054346599800,-0.71380234,0.06139236,-0.69765127,0.43053079,0.04815605,0.99809521,0.03856011,1.91283369,0.69868970,-0.00607183,-0.71539915,0.87210608
3,1598304054355437100,1598304054355382000,-0.71392226,0.06205001,-0.69747037,0.43190145,0.04795698,0.99805999,0.03970360,1.91266584,0.69858092,-0.00510329,-0.71551299,0.87191772
3,1598304054364563300,1598304054364499800,-0.71378386,0.06123740,-0.69768381,0.43294680,0.04802329,0.99810493,0.03847460,1.91262114,0.69871771,-0.00604252,-0.71537203,0.87196398
3,1598304054373411500,1598304054373345200,-0.71411765,0.06206830,-0.69726872,0.43415844,0.04794595,0.99805909,0.03973903,1.91238964,0.69838196,-0.00505286,-0.71570754,0.87192607
3,1598304054382490400,1598304054382449800,-0.71384478,0.06171479,-0.69757938,0.43542850,0.04787303,0.99807960,0.03931072,1.91265082,0.69866586,-0.00533349,-0.71542835,0.87202096
3,1598304054391262000,1598304054391228800,-0.71409744,0.06140389,-0.69734824,0.43637514,0.04790599,0.99809682,0.03882922,1.91266966,0.69840533,-0.00567931,-0.71568000,0.87238479
3,1598304054400427600,1598304054400337300,-0.71384466,0.06174951,-0.69757640,0.43777955,0.04768270,0.99807900,0.03955531,1.91249454,0.69867897,-0.00502598,-0.71541774,0.87154698
3,1598304054409307100,1598304054409216100,-0.71420979,0.06139610,-0.69723386,0.43884599,0.04782064,0.99809802,0.03890424,1.91251707,0.69829631,-0.00555637,-0.71578741,0.87151122
3,1598304054418343500,1598304054418312600,-0.71404654,0.06198836,-0.69734865,0.43939126,0.04767345,0.99806559,0.03990456,1.91240430,0.69847333,-0.00475130,-0.71562052,0.87255740
3,1598304054427281000,1598304054427218900,-0.71425939,0.06120166,-0.69720006,0.44113863,0.04781575,0.99810886,0.03863034,1.91267443,0.69824582,-0.00574506,-0.71583509,0.87240982
3,1598304054436328100,1598304054436252200,-0.71428132,0.06222181,-0.69708735,0.44324243,0.04794537,0.99805039,0.03995772,1.91217065,0.69821453,-0.00488106,-0.71587205,0.87175679
3,1598304054445285500,1598304054445232900,-0.71409196,0.06180215,-0.69731867,0.44339895,0.04782066,0.99807513,0.03948674,1.91241848,0.69841677,-0.00514907,-0.71567285,0.87238932
3,1598304054454426400,1598304054454372200,-0.71427667,0.06238501,-0.69707757,0.44541323,0.04789734,0.99804133,0.04024066,1.91242325,0.69822264,-0.00464519,-0.71586573,0.87252259
3,1598304054463269800,1598304054463217400,-0.71458924,0.06225457,-0.69676876,0.44607651,0.04821276,0.99804676,0.03972717,1.91252995,0.69788098,-0.00520453,-0.71619499,0.87285638
3,1598304054472290400,1598304054472257900,-0.71426344,0.06177206,-0.69714570,0.44694936,0.04826872,0.99807340,0.03898247,1.91264606,0.69821060,-0.00580658,-0.71586901,0.87308908
