0,1598336644826454000,1598336644826345400,-0.00537133,-0.99708521,0.07610666,0.04576778,0.01516208,-0.07618018,-0.99697870,1.88762498,0.99987072,-0.00420114,0.01552703,1.00314569
0,1598336644835963100,1598336644835880700,-0.00532788,-0.99706656,0.07635394,0.04743803,0.01511770,-0.07642657,-0.99696052,1.88760233,0.99987149,-0.00415730,0.01548049,1.00318384
0,1598336644844560800,1598336644844523200,-0.00538462,-0.99707371,0.07625605,0.04895699,0.01511088,-0.07632954,-0.99696809,1.88763547,0.99987137,-0.00421596,0.01547762,1.00312424
0,1598336644853620200,1598336644853560900,-0.00540116,-0.99706602,0.07635605,0.05049753,0.01513975,-0.07642990,-0.99695992,1.88761735,0.99987084,-0.00422868,0.01550809,1.00317836
0,1598336644862745400,1598336644862639000,-0.00544164,-0.99705875,0.07644783,0.05211163,0.01509788,-0.07652213,-0.99695349,1.88755572,0.99987125,-0.00427082,0.01546983,1.00320601
0,1598336644871592400,1598336644871543300,-0.00545278,-0.99706888,0.07631484,0.05369580,0.01510631,-0.07638936,-0.99696356,1.88757396,0.99987102,-0.00428334,0.01547852,1.00323129
0,1598336644880518900,1598336644880436900,-0.00543857,-0.99705112,0.07654813,0.05527306,0.01512472,-0.07662249,-0.99694538,1.88757670,0.99987090,-0.00426415,0.01549678,1.00324178
0,1598336644889560800,1598336644889514700,-0.00546715,-0.99705660,0.07647416,0.05685341,0.01507747,-0.07654876,-0.99695176,1.88760328,0.99987137,-0.00429741,0.01545154,1.00330830
0,1598336644898510800,1598336644898414200,-0.00548327,-0.99706531,0.07635873,0.05844808,0.01510709,-0.07643372,-0.99696016,1.88762355,0.99987096,-0.00431302,0.01548181,1.00334835
0,1598336644907419700,1598336644907296400,-0.00541204,-0.99704450,0.07663538,0.06002557,0.01515377,-0.07670944,-0.99693829,1.88764906,0.99987054,-0.00423411,0.01552408,1.00336671
0,1598336644916315700,1598336644916215200,-0.00549799,-0.99705070,0.07654908,0.06150711,0.01513145,-0.07662439,-0.99694514,1.88766766,0.99987048,-0.00432283,0.01550805,1.00334167
0,1598336644925245000,1598336644925167600,-0.00554055,-0.99704611,0.07660484,0.06308329,0.01521042,-0.07668114,-0.99693960,1.88757575,0.99986899,-0.00435835,0.01559029,1.00332332
0,1598336644934169800,1598336644934127800,-0.00555789,-0.99704081,0.07667308,0.06467497,0.01511231,-0.07674921,-0.99693584,1.88756907,0.99987042,-0.00438210,0.01549411,1.00332522
0,1598336644943304600,1598336644943257400,-0.00563502,-0.99705011,0.07654689,0.06625390,0.01515588,-0.07662443,-0.99694479,1.88760006,0.99986935,-0.00445768,0.01554291,1.00327587
0,1598336644952346000,1598336644952227900,-0.00568864,-0.99702942,0.07681207,0.06780946,0.01514766,-0.07689038,-0.99692440,1.88757885,0.99986917,-0.00450757,0.01554002,1.00334024
0,1598336644961158000,1598336644961092200,-0.00570235,-0.99703646,0.07671944,0.06937706,0.01505839,-0.07679757,-0.99693292,1.88745606,0.99987036,-0.00452951,0.01545164,1.00331664
0,1598336644970150600,1598336644970025300,-0.00572962,-0.99704552,0.07659893,0.07094395,0.01505035,-0.07667746,-0.99694228,1.88744318,0.99987036,-0.00455919,0.01544517,1.00333118
0,1598336644979150700,1598336644979086800,-0.00588346,-0.99702227,0.07688951,0.07251263,0.01500714,-0.07697018,-0.99692041,1.88745213,0.99987012,-0.00471139,0.01541526,1.00331140
0,1598336644988030400,1598336644987986000,-0.00594661,-0.99702919,0.07679481,0.07398248,0.01504504,-0.07687664,-0.99692702,1.88743794,0.99986923,-0.00477290,0.01545745,1.00336194
0,1598336644997115100,1598336644997043300,-0.00590485,-0.99702710,0.07682515,0.07558107,0.01500325,-0.07690614,-0.99692541,1.88737869,0.99987006,-0.00473404,0.01541272,1.00338507
0,1598336645006048200,1598336645005962700,-0.00592068,-0.99702454,0.07685748,0.07713103,0.01502146,-0.07693879,-0.99692261,1.88740134,0.99986970,-0.00474790,0.01543225,1.00339651
0,1598336645014991800,1598336645014899700,-0.00600240,-0.99701095,0.07702777,0.07866549,0.01507148,-0.07711057,-0.99690855,1.88742042,0.99986851,-0.00482285,0.01548924,1.00333714
0,1598336645024001600,1598336645023916300,-0.00598034,-0.99702013,0.07690997,0.08032417,0.01501760,-0.07699218,-0.99691856,1.88738906,0.99986947,-0.00480685,0.01543324,1.00337076
0,1598336645032987700,1598336645032920900,-0.00597438,-0.99702567,0.07683852,0.08189356,0.01502797,-0.07692070,-0.99692392,1.88739049,0.99986929,-0.00480124,0.01544278,1.00335479
0,1598336645041955600,1598336645041899400,-0.00603151,-0.99700207,0.07713983,0.08345747,0.01502520,-0.07722285,-0.99690056,1.88740122,0.99986899,-0.00485373,0.01544588,1.00333285
0,1598336645051017200,1598336645050907900,-0.00591603,-0.99701166,0.07702519,0.08499682,0.01505929,-0.07710660,-0.99690908,1.88738585,0.99986917,-0.00473776,0.01547040,1.00337076
0,1598336645059870500,1598336645059775800,-0.00596938,-0.99701422,0.07698736,0.08654392,0.01499565,-0.07706928,-0.99691290,1.88730049,0.99986976,-0.00479645,0.01541089,1.00335860
0,1598336645068900300,1598336645068826800,-0.00598687,-0.99700516,0.07710313,0.08812904,0.01502834,-0.07718547,-0.99690342,1.88730001,0.99986917,-0.00480956,0.01544538,1.00334764
0,1598336645077825500,1598336645077731600,-0.00602800,-0.99700034,0.07716265,0.08968246,0.01500625,-0.07724552,-0.99689913,1.88730288,0.99986929,-0.00485134,0.01542682,1.00331712
0,1598336645086853400,1598336645086782000,-0.00605720,-0.99700940,0.07704265,0.09121394,0.01491947,-0.07712556,-0.99690968,1.88728678,0.99987042,-0.00488898,0.01534197,1.00336456
0,1598336645095766700,1598336645095705300,-0.00604758,-0.99700797,0.07706192,0.09278953,0.01500071,-0.07714507,-0.99690700,1.88731146,0.99986929,-0.00487286,0.01542232,1.00341582
0,1598336645104876900,1598336645104744400,-0.00608435,-0.99698764,0.07732169,0.09436250,0.01495773,-0.07740518,-0.99688745,1.88731158,0.99986970,-0.00490880,0.01538359,1.00346780
0,1598336645113755600,1598336645113670700,-0.00606170,-0.99700403,0.07711226,0.09590650,0.01488499,-0.07719506,-0.99690485,1.88730335,0.99987090,-0.00489503,0.01530828,1.00343513
0,1598336645122881400,1598336645122792600,-0.00599766,-0.99700451,0.07711055,0.09748709,0.01491011,-0.07719249,-0.99690467,1.88719702,0.99987090,-0.00482932,0.01532837,1.00339890
0,1598336645131700900,1598336645131622200,-0.00595212,-0.99698585,0.07735494,0.09901941,0.01490488,-0.07743613,-0.99688584,1.88719368,0.99987125,-0.00478050,0.01532081,1.00343728
0,1598336645140674100,1598336645140580400,-0.00565144,-0.99699605,0.07724656,0.10058129,0.01481972,-0.07732278,-0.99689591,1.88717365,0.99987423,-0.00448906,0.01521213,1.00342059
0,1598336645149567200,1598336645149500300,-0.00555277,-0.99700916,0.07708396,0.10212266,0.01481425,-0.07715867,-0.99690872,1.88716948,0.99987483,-0.00439361,0.01519834,1.00347114
0,1598336645158651500,1598336645158591300,-0.00541946,-0.99698347,0.07742535,0.10374093,0.01482909,-0.07749806,-0.99688214,1.88720369,0.99987543,-0.00425437,0.01520431,1.00354385
0,1598336645167539500,1598336645167487000,-0.00540337,-0.99699628,0.07726106,0.10529041,0.01482273,-0.07733352,-0.99689502,1.88718414,0.99987555,-0.00424132,0.01519602,1.00355911
0,1598336645176724700,1598336645176669100,-0.00537854,-0.99699628,0.07726239,0.10688150,0.01476300,-0.07733422,-0.99689585,1.88718653,0.99987662,-0.00422117,0.01513455,1.00354171
0,1598336645185545000,1598336645185490400,-0.00534821,-0.99699593,0.07726931,0.10849440,0.01482108,-0.07734092,-0.99689448,1.88717961,0.99987590,-0.00418636,0.01519015,1.00359559
0,1598336645194613400,1598336645194569600,-0.00530905,-0.99698365,0.07743072,0.11007392,0.01477644,-0.07750153,-0.99688268,1.88702393,0.99987680,-0.00414827,0.01514328,1.00355411
0,1598336645203460000,1598336645203377100,-0.00530210,-0.99700391,0.07716908,0.11161149,0.01468476,-0.07723944,-0.99690437,1.88700068,0.99987817,-0.00415242,0.01505025,1.00355339
0,1598336645212555800,1598336645212511400,-0.00531754,-0.99697685,0.07751739,0.11318254,0.01470771,-0.07758804,-0.99687696,1.88701952,0.99987775,-0.00416079,0.01507577,1.00351143
0,1598336645221442600,1598336645221378200,-0.00528121,-0.99698508,0.07741373,0.11472547,0.01470785,-0.07748384,-0.99688506,1.88699913,0.99987793,-0.00412613,0.01507266,1.00356245
0,1598336645230379300,1598336645230321200,-0.00524804,-0.99698997,0.07735258,0.11631811,0.01471559,-0.07742222,-0.99688971,1.88701797,0.99987805,-0.00409338,0.01507757,1.00362062
0,1598336645239327100,1598336645239291700,-0.00526124,-0.99698508,0.07741579,0.11786628,0.01472362,-0.07748567,-0.99688470,1.88703334,0.99987781,-0.00410497,0.01508685,1.00362635
0,1598336645248383400,1598336645248311300,-0.00527889,-0.99697173,0.07758583,0.11940479,0.01469737,-0.07765584,-0.99687183,1.88703620,0.99987811,-0.00412205,0.01506274,1.00361252
0,1598336645257411300,1598336645257286400,-0.00525221,-0.99699104,0.07733876,0.12096536,0.01476376,-0.07740866,-0.99689007,1.88699341,0.99987727,-0.00409403,0.01512585,1.00361419
0,1598336645266395600,1598336645266320400,-0.00519082,-0.99696481,0.07768095,0.12254214,0.01476857,-0.07774992,-0.99686342,1.88699126,0.99987745,-0.00402728,0.01512728,1.00362325
0,1598336645275275700,1598336645275198600,-0.00526795,-0.99697578,0.07753433,0.12406838,0.01472847,-0.07760432,-0.99687541,1.88697922,0.99987769,-0.00410950,0.01509270,1.00358272
0,1598336645284278200,1598336645284186100,-0.00523576,-0.99698567,0.07740915,0.12575817,0.01472648,-0.07747865,-0.99688518,1.88696325,0.99987793,-0.00407943,0.01508770,1.00362587
0,1598336645293178600,1598336645293116900,-0.00524828,-0.99697453,0.07755256,0.12733519,0.01471927,-0.07762221,-0.99687415,1.88694632,0.99987793,-0.00409034,0.01508208,1.00366640
0,1598336645302326500,1598336645302250300,-0.00521365,-0.99697387,0.07756270,0.12895846,0.01469035,-0.07763171,-0.99687380,1.88691401,0.99987853,-0.00405788,0.01505059,1.00364852
0,1598336645311121300,1598336645311059000,-0.00525191,-0.99698746,0.07738481,0.13047838,0.01463425,-0.07745419,-0.99688846,1.88692701,0.99987918,-0.00410306,0.01499690,1.00360489
0,1598336645320191800,1598336645320111700,-0.00527230,-0.99695516,0.07779904,0.13189304,0.01465242,-0.07786875,-0.99685591,1.88691187,0.99987876,-0.00411576,0.01501831,1.00365973
0,1598336645329148000,1598336645329078700,-0.00530940,-0.99696189,0.07771053,0.13350940,0.01463815,-0.07778075,-0.99686295,1.88694537,0.99987888,-0.00415513,0.01500660,1.00373816
0,1598336645338263100,1598336645338089500,-0.00538144,-0.99697196,0.07757629,0.13506985,0.01458399,-0.07764737,-0.99687415,1.88693762,0.99987918,-0.00423318,0.01495764,1.00378704
0,1598336645347105600,1598336645347062100,-0.00542662,-0.99695063,0.07784592,0.13662350,0.01453715,-0.07791745,-0.99685377,1.88691974,0.99987966,-0.00427788,0.01491560,1.00378537
0,1598336645356152800,1598336645356089500,-0.00545710,-0.99696958,0.07760110,0.13832724,0.01451033,-0.07767300,-0.99687326,1.88689494,0.99987996,-0.00431398,0.01489018,1.00384021
0,1598336645365033600,1598336645364991000,-0.00555679,-0.99696755,0.07762106,0.13989723,0.01451231,-0.07769444,-0.99687153,1.88688874,0.99987930,-0.00441292,0.01489998,1.00387549
0,1598336645374117400,1598336645374017800,-0.00566459,-0.99695039,0.07783175,0.14144468,0.01441063,-0.07790626,-0.99685645,1.88687408,0.99988019,-0.00452513,0.01480795,1.00384736
0,1598336645383040900,1598336645382981400,-0.00568673,-0.99697375,0.07753057,0.14309764,0.01444528,-0.07760560,-0.99687946,1.88687134,0.99987954,-0.00454897,0.01484284,1.00389194
0,1598336645391948400,1598336645391905200,-0.00569591,-0.99695873,0.07772355,0.14466357,0.01447480,-0.07779883,-0.99686396,1.88688016,0.99987900,-0.00455296,0.01487386,1.00392675
0,1598336645400970200,1598336645400917200,-0.00575739,-0.99695194,0.07780605,0.14625466,0.01450512,-0.07788238,-0.99685699,1.88688147,0.99987829,-0.00461072,0.01490926,1.00395846
0,1598336645410037800,1598336645409977600,-0.00582299,-0.99696255,0.07766470,0.14781785,0.01447866,-0.07774190,-0.99686831,1.88690567,0.99987829,-0.00468025,0.01488732,1.00392890
0,1598336645418900300,1598336645418839200,-0.00577641,-0.99694544,0.07788714,0.14940107,0.01450339,-0.07796373,-0.99685067,1.88689411,0.99987817,-0.00462851,0.01490939,1.00398302
0,1598336645427937200,1598336645427855700,-0.00586489,-0.99695784,0.07772197,0.15098262,0.01453265,-0.07780004,-0.99686301,1.88686585,0.99987727,-0.00471693,0.01494468,1.00400186
0,1598336645436847300,1598336645436787500,-0.00586990,-0.99694645,0.07786697,0.15252864,0.01452804,-0.07794508,-0.99685174,1.88685310,0.99987733,-0.00472012,0.01494116,1.00404501
0,1598336645445805500,1598336645445726200,-0.00591350,-0.99694461,0.07788868,0.15407634,0.01450018,-0.07796731,-0.99685043,1.88684762,0.99987739,-0.00476542,0.01491689,1.00402999
0,1598336645454894900,1598336645454764800,-0.00590941,-0.99695277,0.07778387,0.15564823,0.01450715,-0.07786248,-0.99685848,1.88685000,0.99987733,-0.00476238,0.01492301,1.00407791
0,1598336645463822400,1598336645463772600,-0.00596341,-0.99694026,0.07793949,0.15720224,0.01455581,-0.07801912,-0.99684554,1.88678312,0.99987632,-0.00481009,0.01497648,1.00409603
0,1598336645472747300,1598336645472684200,-0.00601530,-0.99694413,0.07788590,0.15876961,0.01455203,-0.07796630,-0.99684972,1.88677740,0.99987602,-0.00486287,0.01497650,1.00415301
0,1598336645481760400,1598336645481700600,-0.00604686,-0.99693531,0.07799642,0.16031110,0.01453439,-0.07807719,-0.99684131,1.88677931,0.99987614,-0.00489411,0.01496192,1.00410295
0,1598336645490759200,1598336645490689400,-0.00606400,-0.99694228,0.07790603,0.16180456,0.01452225,-0.07798701,-0.99684852,1.88670969,0.99987620,-0.00491348,0.01495071,1.00414658
0,1598336645499723100,1598336645499681400,-0.00604117,-0.99693680,0.07797805,0.16337776,0.01451131,-0.07805862,-0.99684310,1.88670874,0.99987650,-0.00489050,0.01493837,1.00420094
0,1598336645508682900,1598336645508580700,-0.00608072,-0.99692583,0.07811480,0.16492498,0.01446224,-0.07819571,-0.99683309,1.88667452,0.99987698,-0.00493169,0.01489322,1.00420189
0,1598336645517677700,1598336645517595300,-0.00604007,-0.99695194,0.07778466,0.16659272,0.01451093,-0.07786524,-0.99685824,1.88667583,0.99987656,-0.00489232,0.01493696,1.00424600
0,1598336645526589700,1598336645526535500,-0.00602391,-0.99692726,0.07810102,0.16817665,0.01445448,-0.07818105,-0.99683434,1.88669527,0.99987739,-0.00487587,0.01488097,1.00430512
0,1598336645535801000,1598336645535656900,-0.00605944,-0.99693882,0.07795054,0.16979480,0.01456454,-0.07803166,-0.99684441,1.88669837,0.99987561,-0.00490496,0.01499273,1.00434208
0,1598336645544580500,1598336645544530500,-0.00590852,-0.99693418,0.07802158,0.17130828,0.01456211,-0.07810041,-0.99683911,1.88671911,0.99987656,-0.00475365,0.01497887,1.00427246
0,1598336645553688800,1598336645553567200,-0.00589153,-0.99693453,0.07801800,0.17300212,0.01453611,-0.07809646,-0.99683976,1.88670349,0.99987704,-0.00473875,0.01495161,1.00432467
0,1598336645562556000,1598336645562505700,-0.00591096,-0.99694341,0.07790281,0.17460227,0.01458892,-0.07798181,-0.99684799,1.88670421,0.99987614,-0.00475580,0.01500523,1.00436234
0,1598336645571609800,1598336645571521400,-0.00592425,-0.99692988,0.07807454,0.17620718,0.01449122,-0.07815327,-0.99683595,1.88667870,0.99987745,-0.00477406,0.01490968,1.00440884
0,1598336645580503800,1598336645580432400,-0.00590548,-0.99693823,0.07796980,0.17773211,0.01456030,-0.07804859,-0.99684316,1.88669765,0.99987662,-0.00475156,0.01497659,1.00434351
0,1598336645589422900,1598336645589354500,-0.00581983,-0.99692851,0.07810044,0.17927206,0.01455740,-0.07817792,-0.99683309,1.88664484,0.99987715,-0.00466442,0.01496763,1.00438619
0,1598336645598460600,1598336645598388500,-0.00576684,-0.99693525,0.07801878,0.18086791,0.01452040,-0.07809530,-0.99684012,1.88662219,0.99987799,-0.00461569,0.01492621,1.00441790
0,1598336645607451200,1598336645607362900,-0.00575256,-0.99692678,0.07812741,0.18241489,0.01452290,-0.07820372,-0.99683154,1.88661408,0.99987805,-0.00459966,0.01492810,1.00439572
0,1598336645616498000,1598336645616393800,-0.00573155,-0.99692947,0.07809538,0.18396318,0.01451925,-0.07817136,-0.99683416,1.88657498,0.99987817,-0.00457951,0.01492266,1.00445795
0,1598336645625452700,1598336645625384500,-0.00567129,-0.99692750,0.07812485,0.18551481,0.01455819,-0.07820010,-0.99683130,1.88649845,0.99987799,-0.00451592,0.01495690,1.00444078
0,1598336645634414600,1598336645634318400,-0.00560656,-0.99692637,0.07814361,0.18708909,0.01449236,-0.07821760,-0.99683094,1.88646913,0.99987930,-0.00445628,0.01488630,1.00450444
0,1598336645643434500,1598336645643377700,-0.00563911,-0.99692959,0.07809986,0.18860531,0.01460365,-0.07817484,-0.99683267,1.88651752,0.99987751,-0.00448066,0.01499960,1.00441360
0,1598336645652368100,1598336645652231900,-0.00559515,-0.99691224,0.07832497,0.19013953,0.01456889,-0.07839911,-0.99681556,1.88651776,0.99987829,-0.00443617,0.01496251,1.00445795
0,1598336645661311100,1598336645661239300,-0.00564238,-0.99692798,0.07812044,0.19171298,0.01467387,-0.07819577,-0.99682999,1.88652408,0.99987650,-0.00447816,0.01506996,1.00448370
0,1598336645670259800,1598336645670164200,-0.00559130,-0.99691391,0.07830361,0.19327760,0.01463729,-0.07837800,-0.99681622,1.88652098,0.99987727,-0.00442731,0.01503030,1.00453115
0,1598336645679283100,1598336645679205700,-0.00564831,-0.99691987,0.07822394,0.19481158,0.01467160,-0.07829935,-0.99682188,1.88653588,0.99987650,-0.00448266,0.01506862,1.00447369
0,1598336645688323600,1598336645688203000,-0.00559452,-0.99691242,0.07832204,0.19638884,0.01468573,-0.07839669,-0.99681401,1.88651836,0.99987650,-0.00442645,0.01507893,1.00452209
0,1598336645697250900,1598336645697189300,-0.00563961,-0.99692261,0.07818948,0.19794917,0.01466698,-0.07826475,-0.99682468,1.88650060,0.99987656,-0.00447488,0.01506318,1.00455427
0,1598336645706164400,1598336645706093900,-0.00551564,-0.99690604,0.07840881,0.19951487,0.01475397,-0.07848256,-0.99680626,1.88648367,0.99987596,-0.00434116,0.01514116,1.00458455
0,1598336645715121200,1598336645715053800,-0.00550106,-0.99691612,0.07828128,0.20112622,0.01468253,-0.07835451,-0.99681735,1.88649213,0.99987710,-0.00433412,0.01506824,1.00455427
0,1598336645724188000,1598336645724091300,-0.00553903,-0.99691719,0.07826538,0.20268261,0.01471763,-0.07833934,-0.99681807,1.88640475,0.99987638,-0.00436950,0.01510614,1.00454783
0,1598336645733085400,1598336645733023900,-0.00552788,-0.99691349,0.07831322,0.20427048,0.01465291,-0.07838672,-0.99681526,1.88637435,0.99987739,-0.00436267,0.01504094,1.00459862
0,1598336645742107800,1598336645741971200,-0.00557327,-0.99691087,0.07834363,0.20580435,0.01462593,-0.07841769,-0.99681324,1.88636065,0.99987751,-0.00440961,0.01501775,1.00456047
0,1598336645751069000,1598336645750973900,-0.00561789,-0.99691474,0.07829081,0.20743299,0.01464006,-0.07836561,-0.99681711,1.88632905,0.99987710,-0.00445375,0.01503509,1.00461626
0,1598336645760085200,1598336645759983900,-0.00568110,-0.99691421,0.07829288,0.20901525,0.01466976,-0.07836877,-0.99681646,1.88634539,0.99987632,-0.00451443,0.01506966,1.00464606
0,1598336645769040500,1598336645768953300,-0.00571701,-0.99690861,0.07836142,0.21057832,0.01462742,-0.07843765,-0.99681163,1.88633597,0.99987674,-0.00455251,0.01503058,1.00470400
0,1598336645777978300,1598336645777931500,-0.00573829,-0.99690652,0.07838704,0.21210349,0.01474636,-0.07846413,-0.99680781,1.88634145,0.99987483,-0.00456402,0.01515094,1.00465059
0,1598336645787021000,1598336645786939500,-0.00581169,-0.99689889,0.07847854,0.21363008,0.01466801,-0.07855638,-0.99680167,1.88634491,0.99987555,-0.00464192,0.01507902,1.00469232
0,1598336645796041800,1598336645795949900,-0.00582361,-0.99689662,0.07850692,0.21516848,0.01485688,-0.07858581,-0.99679661,1.88627827,0.99987274,-0.00463855,0.01526838,1.00466251
0,1598336645804994300,1598336645804930100,-0.00579011,-0.99689734,0.07849960,0.21674109,0.01478568,-0.07857765,-0.99679828,1.88627172,0.99987394,-0.00461087,0.01519473,1.00469255
0,1598336645813995000,1598336645813862900,-0.00583890,-0.99689162,0.07856870,0.21823370,0.01491102,-0.07864807,-0.99679089,1.88631332,0.99987185,-0.00464857,0.01532384,1.00460339
0,1598336645822954600,1598336645822881600,-0.00579569,-0.99688929,0.07860175,0.21983457,0.01490517,-0.07868042,-0.99678838,1.88629484,0.99987215,-0.00460544,0.01531476,1.00463772
0,1598336645831819000,1598336645831756800,-0.00577155,-0.99689209,0.07856824,0.22137642,0.01485921,-0.07864633,-0.99679178,1.88621843,0.99987298,-0.00458550,0.01526689,1.00463152
0,1598336645840781400,1598336645840715600,-0.00570741,-0.99689955,0.07847780,0.22293723,0.01487577,-0.07855500,-0.99679875,1.88618660,0.99987316,-0.00452164,0.01527794,1.00465894
0,1598336645849762000,1598336645849694100,-0.00569370,-0.99687958,0.07873178,0.22445929,0.01481681,-0.07880847,-0.99677962,1.88613486,0.99987406,-0.00450876,0.01521923,1.00466752
0,1598336645858889300,1598336645858820700,-0.00565466,-0.99689990,0.07847709,0.22607601,0.01475009,-0.07855292,-0.99680078,1.88614714,0.99987531,-0.00447896,0.01514850,1.00473499
0,1598336645867791700,1598336645867703500,-0.00553250,-0.99689037,0.07860692,0.22763121,0.01474426,-0.07868086,-0.99679077,1.88613570,0.99987602,-0.00435570,0.01513367,1.00476360
0,1598336645876803700,1598336645876723500,-0.00557786,-0.99688542,0.07866596,0.22916412,0.01472093,-0.07874047,-0.99678642,1.88613534,0.99987614,-0.00440183,0.01511424,1.00470519
0,1598336645885710700,1598336645885647300,-0.00554496,-0.99689341,0.07856718,0.23086274,0.01475913,-0.07864138,-0.99679363,1.88611853,0.99987572,-0.00436756,0.01514929,1.00471950
0,1598336645894799000,1598336645894716000,-0.00556654,-0.99689323,0.07856848,0.23245335,0.01464458,-0.07864250,-0.99679524,1.88610971,0.99987733,-0.00439802,0.01503680,1.00475192
0,1598336645903711500,1598336645903596400,-0.00549069,-0.99689251,0.07858301,0.23400307,0.01471559,-0.07865620,-0.99679315,1.88609838,0.99987662,-0.00431663,0.01510169,1.00475311
0,1598336645912649500,1598336645912575700,-0.00552297,-0.99688649,0.07865638,0.23553395,0.01462547,-0.07872966,-0.99678868,1.88609564,0.99987781,-0.00435483,0.01501470,1.00470591
0,1598336645921736500,1598336645921681100,-0.00545892,-0.99688965,0.07862128,0.23727262,0.01473709,-0.07869408,-0.99678981,1.88609004,0.99987656,-0.00428268,0.01512079,1.00473309
0,1598336645930552200,1598336645930515700,-0.00530070,-0.99688578,0.07868087,0.23879468,0.01464875,-0.07875091,-0.99678665,1.88601363,0.99987864,-0.00413102,0.01502051,1.00470686
0,1598336645939614600,1598336645939568800,-0.00527233,-0.99689078,0.07861962,0.24033892,0.01467023,-0.07868932,-0.99679118,1.88599300,0.99987853,-0.00410199,0.01503945,1.00464869
0,1598336645948620500,1598336645948543800,-0.00512111,-0.99688274,0.07873163,0.24190402,0.01465553,-0.07879898,-0.99678272,1.88597035,0.99987954,-0.00395074,0.01501333,1.00466561
0,1598336645957685100,1598336645957573500,-0.00478369,-0.99688947,0.07866691,0.24360120,0.01461717,-0.07872908,-0.99678880,1.88602138,0.99988174,-0.00361839,0.01494827,1.00476599
0,1598336645966535200,1598336645966466900,-0.00464934,-0.99689424,0.07861575,0.24513364,0.01460397,-0.07867587,-0.99679321,1.88602304,0.99988258,-0.00348625,0.01492436,1.00477195
0,1598336645975521400,1598336645975426600,-0.00460884,-0.99688238,0.07876779,0.24666858,0.01460069,-0.07882728,-0.99678129,1.88602233,0.99988282,-0.00344387,0.01491842,1.00474572
0,1598336645984450500,1598336645984389800,-0.00453928,-0.99688232,0.07877165,0.24829304,0.01459263,-0.07883008,-0.99678123,1.88599396,0.99988329,-0.00337514,0.01490491,1.00478101
0,1598336645993551700,1598336645993509000,-0.00449052,-0.99690747,0.07845620,0.24990034,0.01458206,-0.07851389,-0.99680632,1.88601983,0.99988365,-0.00333208,0.01488948,1.00483537
0,1598336646002469400,1598336646002353600,-0.00440887,-0.99687397,0.07888445,0.25142932,0.01453040,-0.07894072,-0.99677336,1.88601816,0.99988478,-0.00324836,0.01483297,1.00483727
0,1598336646011656500,1598336646011583200,-0.00442389,-0.99689066,0.07867350,0.25302780,0.01450431,-0.07872993,-0.99679041,1.88601387,0.99988508,-0.00326854,0.01480745,1.00481296
0,1598336646020713200,1598336646020651000,-0.00432712,-0.99688357,0.07876852,0.25463164,0.01454514,-0.07882363,-0.99678242,1.88601279,0.99988496,-0.00316742,0.01484084,1.00485468
0,1598336646029656800,1598336646029593600,-0.00429374,-0.99688476,0.07875493,0.25620198,0.01446359,-0.07880929,-0.99678475,1.88598633,0.99988621,-0.00314087,0.01475687,1.00485206
0,1598336646038753100,1598336646038698300,-0.00425795,-0.99688697,0.07872892,0.25778043,0.01450351,-0.07878288,-0.99678624,1.88597655,0.99988580,-0.00310236,0.01479376,1.00485134
0,1598336646047584400,1598336646047513000,-0.00420839,-0.99687737,0.07885326,0.25930965,0.01444295,-0.07890630,-0.99677736,1.88594222,0.99988687,-0.00305590,0.01472987,1.00483370
0,1598336646056737900,1598336646056668500,-0.00416085,-0.99688256,0.07879095,0.26087868,0.01453315,-0.07884356,-0.99678099,1.88592839,0.99988574,-0.00300235,0.01481585,1.00489354
0,1598336646065548500,1598336646065481500,-0.00412777,-0.99687231,0.07892202,0.26236200,0.01455508,-0.07897419,-0.99677032,1.88580525,0.99988556,-0.00296566,0.01483550,1.00479245
0,1598336646074608900,1598336646074557200,-0.00415289,-0.99687082,0.07893905,0.26389945,0.01453190,-0.07899152,-0.99676931,1.88577926,0.99988580,-0.00299230,0.01481441,1.00474715
0,1598336646083514900,1598336646083454600,-0.00411817,-0.99687690,0.07886395,0.26546884,0.01462755,-0.07891620,-0.99677390,1.88575423,0.99988461,-0.00295120,0.01490681,1.00478101
0,1598336646092567500,1598336646092523600,-0.00417772,-0.99687403,0.07889737,0.26708817,0.01443310,-0.07894991,-0.99677402,1.88583803,0.99988717,-0.00302547,0.01471777,1.00490952
0,1598336646101486100,1598336646101373500,-0.00409782,-0.99687672,0.07886773,0.26860929,0.01456416,-0.07891949,-0.99677455,1.88582790,0.99988556,-0.00293592,0.01484202,1.00490832
0,1598336646110451000,1598336646110396500,-0.00409570,-0.99685752,0.07910999,0.27016175,0.01443597,-0.07916131,-0.99675721,1.88582158,0.99988747,-0.00294033,0.01471478,1.00489640
0,1598336646119441600,1598336646119361800,-0.00410795,-0.99687338,0.07890864,0.27173030,0.01452323,-0.07896042,-0.99677187,1.88579369,0.99988616,-0.00294864,0.01480214,1.00494051
0,1598336646128536600,1598336646128467000,-0.00408551,-0.99686927,0.07896179,0.27328360,0.01455151,-0.07901332,-0.99676728,1.88573480,0.99988586,-0.00292328,0.01482872,1.00491929
0,1598336646137392000,1598336646137316800,-0.00415412,-0.99686259,0.07904302,0.27479970,0.01443431,-0.07909521,-0.99676251,1.88573015,0.99988723,-0.00299966,0.01471755,1.00491834
0,1598336646146394200,1598336646146346000,-0.00415120,-0.99686646,0.07899360,0.27631366,0.01457704,-0.07904617,-0.99676430,1.88573492,0.99988514,-0.00298625,0.01485945,1.00487876
0,1598336646155294400,1598336646155228900,-0.00419283,-0.99685436,0.07914405,0.27794623,0.01450337,-0.07919700,-0.99675339,1.88575506,0.99988610,-0.00303131,0.01478976,1.00489378
0,1598336646164364500,1598336646164299400,-0.00423530,-0.99685842,0.07909131,0.27954125,0.01454244,-0.07914501,-0.99675697,1.88579142,0.99988532,-0.00307131,0.01483190,1.00497270
0,1598336646173333400,1598336646173206600,-0.00430146,-0.99686074,0.07905850,0.28104079,0.01451065,-0.07911309,-0.99675995,1.88577890,0.99988550,-0.00314027,0.01480535,1.00489593
0,1598336646182315600,1598336646182230600,-0.00428668,-0.99684882,0.07920893,0.28266084,0.01446115,-0.07926314,-0.99674881,1.88576043,0.99988627,-0.00312725,0.01475531,1.00493526
0,1598336646191218400,1598336646191143500,-0.00431886,-0.99686033,0.07906285,0.28419948,0.01457028,-0.07911789,-0.99675870,1.88569784,0.99988461,-0.00315285,0.01486618,1.00490880
0,1598336646200282000,1598336646200200400,-0.00435969,-0.99684000,0.07931590,0.28577316,0.01448894,-0.07937127,-0.99673975,1.88568306,0.99988556,-0.00319621,0.01478914,1.00491023
0,1598336646209257100,1598336646209174000,-0.00443703,-0.99685204,0.07916057,0.28732705,0.01441771,-0.07921686,-0.99675310,1.88565099,0.99988627,-0.00328124,0.01472376,1.00487447
0,1598336646218178100,1598336646218131800,-0.00445184,-0.99685574,0.07911307,0.28895783,0.01453032,-0.07916994,-0.99675518,1.88563585,0.99988455,-0.00328782,0.01483704,1.00490665
0,1598336646227131400,1598336646227063900,-0.00451207,-0.99684322,0.07926740,0.29055417,0.01441969,-0.07932479,-0.99674445,1.88566267,0.99988586,-0.00335431,0.01473204,1.00495553
0,1598336646236158000,1598336646236077700,-0.00454527,-0.99685872,0.07907004,0.29210913,0.01444014,-0.07912800,-0.99675983,1.88566434,0.99988544,-0.00338870,0.01475439,1.00495315
0,1598336646245061700,1598336646245017000,-0.00452006,-0.99683744,0.07933953,0.29364288,0.01442289,-0.07939704,-0.99673867,1.88565242,0.99988580,-0.00336099,0.01473610,1.00493073
0,1598336646254144500,1598336646254080400,-0.00450143,-0.99684113,0.07929364,0.29522288,0.01437408,-0.07935072,-0.99674308,1.88564467,0.99988663,-0.00334698,0.01468581,1.00496483
0,1598336646263083800,1598336646262970000,-0.00444862,-0.99684483,0.07924996,0.29673254,0.01444494,-0.07930650,-0.99674559,1.88552022,0.99988580,-0.00328931,0.01475211,1.00488734
0,1598336646272133400,1598336646272074700,-0.00456083,-0.99683940,0.07931143,0.29829812,0.01440609,-0.07936948,-0.99674112,1.88551569,0.99988586,-0.00340337,0.01472250,1.00490189
0,1598336646280960500,1598336646280895200,-0.00451374,-0.99682808,0.07945670,0.29986596,0.01444183,-0.07951416,-0.99672908,1.88548779,0.99988562,-0.00335145,0.01475489,1.00488067
0,1598336646290040100,1598336646289971700,-0.00449908,-0.99684107,0.07929548,0.30150545,0.01434600,-0.07935242,-0.99674332,1.88557816,0.99988699,-0.00334680,0.01465764,1.00499821
0,1598336646298908800,1598336646298840000,-0.00451204,-0.99683583,0.07936034,0.30304956,0.01436361,-0.07941753,-0.99673790,1.88555646,0.99988663,-0.00335738,0.01467645,1.00502205
0,1598336646308054700,1598336646307977000,-0.00457996,-0.99682665,0.07947074,0.30463707,0.01433393,-0.07952881,-0.99672943,1.88554227,0.99988681,-0.00342581,0.01465263,1.00500917
0,1598336646316954800,1598336646316875100,-0.00455377,-0.99683875,0.07932129,0.30627167,0.01433362,-0.07937899,-0.99674141,1.88553524,0.99988693,-0.00340194,0.01464973,1.00503540
0,1598336646326011900,1598336646325905900,-0.00451213,-0.99683428,0.07937881,0.30788910,0.01437155,-0.07943603,-0.99673629,1.88559294,0.99988663,-0.00335658,0.01468443,1.00512314
0,1598336646334838300,1598336646334793300,-0.00455400,-0.99682957,0.07943617,0.30944932,0.01426914,-0.07949365,-0.99673319,1.88558435,0.99988782,-0.00340560,0.01458587,1.00516534
0,1598336646343872800,1598336646343825800,-0.00458530,-0.99683416,0.07937617,0.31100404,0.01424112,-0.07943401,-0.99673831,1.88558388,0.99988812,-0.00343990,0.01456022,1.00515556
0,1598336646352841800,1598336646352766300,-0.00459623,-0.99683052,0.07942146,0.31251490,0.01426095,-0.07947953,-0.99673444,1.88558483,0.99988776,-0.00344855,0.01458101,1.00520730
0,1598336646361876800,1598336646361802900,-0.00460780,-0.99682105,0.07953988,0.31409407,0.01425623,-0.07959808,-0.99672502,1.88558960,0.99988782,-0.00345871,0.01457763,1.00523758
0,1598336646370797200,1598336646370732500,-0.00468114,-0.99683106,0.07941018,0.31564462,0.01421035,-0.07946931,-0.99673599,1.88559437,0.99988812,-0.00353736,0.01453728,1.00528502
0,1598336646379725700,1598336646379685000,-0.00473806,-0.99682450,0.07948923,0.31717551,0.01423022,-0.07954925,-0.99672931,1.88559139,0.99988753,-0.00359133,0.01456190,1.00527883
0,1598336646388801400,1598336646388639200,-0.00475639,-0.99681473,0.07961055,0.31882942,0.01430301,-0.07967108,-0.99671853,1.88555968,0.99988639,-0.00360206,0.01463635,1.00524187
0,1598336646397845800,1598336646397726600,-0.00472647,-0.99682361,0.07950117,0.32040417,0.01432971,-0.07956137,-0.99672693,1.88558006,0.99988627,-0.00357172,0.01466019,1.00528836
0,1598336646406752500,1598336646406626000,-0.00468639,-0.99680990,0.07967561,0.32194328,0.01433322,-0.07973523,-0.99671298,1.88556445,0.99988633,-0.00352889,0.01466112,1.00529122
0,1598336646415487900,1598336646415372200,-0.00463423,-0.99681354,0.07963251,0.32345366,0.01432587,-0.07969133,-0.99671656,1.88556099,0.99988669,-0.00347817,0.01464948,1.00534201
0,1598336646424289300,1598336646424235200,-0.00453553,-0.99681449,0.07962650,0.32498002,0.01430606,-0.07968381,-0.99671745,1.88552845,0.99988741,-0.00338143,0.01462184,1.00535727
0,1598336646433306700,1598336646433265700,-0.00460085,-0.99681073,0.07966992,0.32656205,0.01432345,-0.07972825,-0.99671370,1.88551080,0.99988687,-0.00344455,0.01464454,1.00540137
0,1598336646442345100,1598336646442255600,-0.00457874,-0.99680150,0.07978546,0.32812440,0.01416612,-0.07984291,-0.99670672,1.88546038,0.99988925,-0.00343341,0.01448634,1.00543761
0,1598336646451332800,1598336646451271700,-0.00455761,-0.99681640,0.07960045,0.32979858,0.01414116,-0.07965752,-0.99672192,1.88544106,0.99988967,-0.00341696,0.01445915,1.00547385
0,1598336646460333900,1598336646460247500,-0.00454083,-0.99680799,0.07970767,0.33136940,0.01412582,-0.07976444,-0.99671358,1.88543129,0.99988997,-0.00339991,0.01444288,1.00552034
0,1598336646469276200,1598336646469178200,-0.00463563,-0.99680805,0.07970143,0.33292997,0.01417832,-0.07975975,-0.99671322,1.88544953,0.99988878,-0.00349030,0.01450275,1.00558352
0,1598336646478269700,1598336646478182200,-0.00459599,-0.99679768,0.07983294,0.33449352,0.01415170,-0.07989059,-0.99670315,1.88542557,0.99988937,-0.00345108,0.01447351,1.00560641
0,1598336646487293800,1598336646487220300,-0.00454566,-0.99680060,0.07979889,0.33598888,0.01410819,-0.07985567,-0.99670655,1.88541985,0.99989021,-0.00340486,0.01442600,1.00567007
0,1598336646496084000,1598336646496024800,-0.00453818,-0.99680179,0.07978491,0.33750057,0.01415688,-0.07984174,-0.99670696,1.88540077,0.99988955,-0.00339368,0.01447389,1.00568604
0,1598336646505262500,1598336646505161700,-0.00467005,-0.99678361,0.08000428,0.33910620,0.01413507,-0.08006293,-0.99668956,1.88540483,0.99988925,-0.00352368,0.01446345,1.00574470
0,1598336646514061600,1598336646514011500,-0.00462097,-0.99679613,0.07985140,0.34060884,0.01410433,-0.07990924,-0.99670231,1.88539338,0.99988991,-0.00347945,0.01442836,1.00577879
0,1598336646523154900,1598336646523099800,-0.00463173,-0.99679089,0.07991571,0.34216487,0.01403901,-0.07997347,-0.99669808,1.88535023,0.99989074,-0.00349444,0.01436433,1.00578165
0,1598336646532063700,1598336646531980400,-0.00477245,-0.99678731,0.07995202,0.34372270,0.01408583,-0.08001196,-0.99669433,1.88536835,0.99988949,-0.00363046,0.01442238,1.00585055
0,1598336646541111800,1598336646541044100,-0.00477374,-0.99677533,0.08010100,0.34527993,0.01406008,-0.08016086,-0.99668270,1.88538885,0.99988979,-0.00363165,0.01439736,1.00586319
0,1598336646549992900,1598336646549916900,-0.00471354,-0.99678302,0.08000936,0.34691846,0.01412292,-0.08006859,-0.99668926,1.88539505,0.99988919,-0.00356790,0.01445484,1.00590014
0,1598336646559068200,1598336646558971700,-0.00470248,-0.99678719,0.07995792,0.34846830,0.01417652,-0.08001718,-0.99669260,1.88530755,0.99988848,-0.00355339,0.01450720,1.00586915
0,1598336646568014100,1598336646567910000,-0.00485483,-0.99677545,0.08009428,0.35006583,0.01411232,-0.08015550,-0.99668241,1.88528502,0.99988872,-0.00370836,0.01445590,1.00594974
0,1598336646576994700,1598336646576894600,-0.00480583,-0.99677801,0.08006638,0.35163093,0.01409069,-0.08012682,-0.99668503,1.88525701,0.99988919,-0.00366163,0.01443032,1.00599051
0,1598336646585899800,1598336646585833400,-0.00473350,-0.99677145,0.08015247,0.35321259,0.01407511,-0.08021180,-0.99667841,1.88522255,0.99988985,-0.00358957,0.01440930,1.00605464
0,1598336646594957400,1598336646594878000,-0.00477561,-0.99677992,0.08004428,0.35479331,0.01401295,-0.08010401,-0.99668795,1.88516307,0.99989039,-0.00363809,0.01435033,1.00605392
0,1598336646604003200,1598336646603808100,-0.00491273,-0.99677849,0.08005372,0.35636377,0.01403723,-0.08011550,-0.99668670,1.88515937,0.99988943,-0.00377268,0.01438554,1.00612807
0,1598336646612890200,1598336646612838800,-0.00494573,-0.99676102,0.08026866,0.35791469,0.01403940,-0.08033090,-0.99666929,1.88518119,0.99988925,-0.00380230,0.01439117,1.00609469
0,1598336646621830400,1598336646621739300,-0.00496137,-0.99677509,0.08009277,0.35963750,0.01404184,-0.08015526,-0.99668342,1.88509631,0.99988914,-0.00382021,0.01439419,1.00603604
0,1598336646630869000,1598336646630799800,-0.00496954,-0.99678206,0.08000486,0.36122215,0.01409974,-0.08006770,-0.99668962,1.88508773,0.99988830,-0.00382498,0.01445222,1.00606418
0,1598336646639928200,1598336646639700900,-0.00510868,-0.99675465,0.08033756,0.36277246,0.01405407,-0.08040220,-0.99666339,1.88510013,0.99988824,-0.00396249,0.01441916,1.00608826
0,1598336646648809900,1598336646648748200,-0.00510132,-0.99676162,0.08025120,0.36431241,0.01404357,-0.08031570,-0.99667048,1.88506210,0.99988842,-0.00395727,0.01440776,1.00615716
0,1598336646657727000,1598336646657637800,-0.00520101,-0.99676919,0.08015013,0.36585891,0.01397436,-0.08021580,-0.99667948,1.88503051,0.99988890,-0.00406367,0.01434636,1.00618505
0,1598336646666757300,1598336646666688100,-0.00537163,-0.99675143,0.08036069,0.36747742,0.01395383,-0.08042870,-0.99666262,1.88501573,0.99988824,-0.00423232,0.01434049,1.00628185
0,1598336646675706100,1598336646675611700,-0.00537461,-0.99675316,0.08033870,0.36900413,0.01395937,-0.08040678,-0.99666435,1.88503385,0.99988818,-0.00423512,0.01434615,1.00625968
0,1598336646684656200,1598336646684593200,-0.00532541,-0.99675173,0.08035925,0.37059605,0.01399928,-0.08042679,-0.99666214,1.88503730,0.99988788,-0.00418264,0.01438206,1.00630975
0,1598336646693607400,1598336646693549200,-0.00536382,-0.99675000,0.08037892,0.37215865,0.01399342,-0.08044698,-0.99666059,1.88498175,0.99988770,-0.00422108,0.01437940,1.00630260
0,1598336646702731100,1598336646702650600,-0.00541759,-0.99675548,0.08030788,0.37378025,0.01402540,-0.08037686,-0.99666584,1.88496804,0.99988699,-0.00427315,0.01441530,1.00639772
0,1598336646711628300,1598336646711567100,-0.00541019,-0.99674034,0.08049586,0.37531602,0.01400204,-0.08056463,-0.99665099,1.88495660,0.99988735,-0.00426489,0.01439222,1.00636888
0,1598336646720747700,1598336646720623400,-0.00537214,-0.99675179,0.08035556,0.37700772,0.01397380,-0.08042366,-0.99666274,1.88493872,0.99988794,-0.00423127,0.01436040,1.00640702
0,1598336646729540600,1598336646729485600,-0.00546300,-0.99675465,0.08031456,0.37856054,0.01396601,-0.08038394,-0.99666607,1.88488746,0.99988759,-0.00432307,0.01435977,1.00646973
0,1598336646738530800,1598336646738453000,-0.00548285,-0.99674129,0.08047754,0.38012469,0.01404730,-0.08054755,-0.99665171,1.88489890,0.99988633,-0.00433394,0.01444310,1.00650144
0,1598336646747540900,1598336646747445800,-0.00548849,-0.99672896,0.08063093,0.38167739,0.01396549,-0.08070064,-0.99664050,1.88490391,0.99988747,-0.00434393,0.01436268,1.00647449
0,1598336646756506400,1598336646756462600,-0.00543839,-0.99675798,0.08027459,0.38339138,0.01400145,-0.08034378,-0.99666882,1.88485730,0.99988723,-0.00429627,0.01439295,1.00645590
0,1598336646765455700,1598336646765370000,-0.00554192,-0.99673361,0.08056903,0.38498628,0.01398034,-0.08063959,-0.99664521,1.88486266,0.99988699,-0.00439695,0.01438152,1.00655437
0,1598336646774497600,1598336646774432700,-0.00556847,-0.99673033,0.08060824,0.38654959,0.01399618,-0.08067925,-0.99664181,1.88484359,0.99988651,-0.00442150,0.01439963,1.00653148
0,1598336646783490500,1598336646783362800,-0.00549990,-0.99673879,0.08050802,0.38818824,0.01395557,-0.08057786,-0.99665058,1.88483489,0.99988759,-0.00435790,0.01435318,1.00657105
0,1598336646792435600,1598336646792382000,-0.00548735,-0.99673587,0.08054528,0.38974071,0.01399107,-0.08061508,-0.99664706,1.88477683,0.99988711,-0.00434199,0.01438772,1.00653911
0,1598336646801391600,1598336646801283800,-0.00567037,-0.99672812,0.08062834,0.39131308,0.01402390,-0.08070093,-0.99663967,1.88478947,0.99988562,-0.00452051,0.01443557,1.00665116
0,1598336646810375800,1598336646810286700,-0.00563309,-0.99671739,0.08076319,0.39286566,0.01396549,-0.08083498,-0.99662960,1.88481021,0.99988663,-0.00448614,0.01437495,1.00661564
0,1598336646819349300,1598336646819263100,-0.00554228,-0.99673283,0.08057889,0.39447200,0.01392312,-0.08064920,-0.99664527,1.88481271,0.99988776,-0.00440177,0.01432457,1.00665712
