0,1598329906491815500,1598329906491718200,-0.99996096,0.00526279,0.00710971,-0.64773661,-0.00756786,-0.09287416,-0.99564904,1.85240972,-0.00457954,-0.99566400,0.09291036,-1.13009894
0,1598329906500671800,1598329906500592800,-0.99996114,0.00524792,0.00709023,-0.64772087,-0.00754690,-0.09283567,-0.99565279,1.85245061,-0.00456688,-0.99566764,0.09287168,-1.13005853
0,1598329906509564000,1598329906509471900,-0.99996126,0.00524071,0.00708717,-0.64770412,-0.00754328,-0.09285550,-0.99565101,1.85245347,-0.00455979,-0.99566585,0.09289143,-1.13007057
0,1598329906518449900,1598329906518383600,-0.99996090,0.00526571,0.00711083,-0.64773238,-0.00756916,-0.09285425,-0.99565089,1.85248566,-0.00458252,-0.99566585,0.09289048,-1.13012278
0,1598329906527423000,1598329906527374300,-0.99996084,0.00526938,0.00711883,-0.64771622,-0.00757747,-0.09285640,-0.99565065,1.85248923,-0.00458539,-0.99566561,0.09289270,-1.13011360
0,1598329906536574500,1598329906536465000,-0.99996084,0.00525761,0.00713229,-0.64773446,-0.00758973,-0.09284512,-0.99565160,1.85250521,-0.00457254,-0.99566674,0.09288139,-1.13009596
0,1598329906545448000,1598329906545319500,-0.99996096,0.00525996,0.00710868,-0.64769310,-0.00756622,-0.09279723,-0.99565625,1.85246491,-0.00457746,-0.99567115,0.09283341,-1.13001585
0,1598329906554378300,1598329906554265800,-0.99996084,0.00527489,0.00711698,-0.64767921,-0.00757593,-0.09281146,-0.99565482,1.85246599,-0.00459138,-0.99566978,0.09284779,-1.13001978
0,1598329906563357700,1598329906563204300,-0.99996078,0.00528923,0.00711784,-0.64767671,-0.00757809,-0.09280418,-0.99565548,1.85247350,-0.00460571,-0.99567044,0.09284061,-1.13001215
0,1598329906572353000,1598329906572268800,-0.99996090,0.00527099,0.00711562,-0.64768302,-0.00757420,-0.09280588,-0.99565536,1.85247815,-0.00458768,-0.99567032,0.09284217,-1.13000727
0,1598329906581221600,1598329906581140600,-0.99996084,0.00526068,0.00712602,-0.64766628,-0.00758365,-0.09281866,-0.99565411,1.85245967,-0.00457636,-0.99566913,0.09285492,-1.12996566
0,1598329906590241300,1598329906590169500,-0.99996090,0.00525385,0.00712113,-0.64771020,-0.00757817,-0.09282473,-0.99565357,1.85245728,-0.00456995,-0.99566865,0.09286091,-1.12993741
0,1598329906599230500,1598329906599122200,-0.99996066,0.00527766,0.00713693,-0.64771438,-0.00759605,-0.09280985,-0.99565482,1.85246682,-0.00459233,-0.99566990,0.09284629,-1.12992513
0,1598329906608253800,1598329906608169900,-0.99996072,0.00526375,0.00714434,-0.64769769,-0.00760220,-0.09282343,-0.99565351,1.85246944,-0.00457767,-0.99566871,0.09285980,-1.12993109
0,1598329906617173200,1598329906617075600,-0.99996072,0.00526273,0.00714704,-0.64772171,-0.00760496,-0.09286068,-0.99565005,1.85249162,-0.00457612,-0.99566519,0.09289706,-1.12995744
0,1598329906626208200,1598329906626130400,-0.99996060,0.00527880,0.00713981,-0.64767766,-0.00759944,-0.09290231,-0.99564618,1.85249901,-0.00459251,-0.99566126,0.09293877,-1.12997890
0,1598329906635171500,1598329906635066000,-0.99996054,0.00530049,0.00714970,-0.64769065,-0.00761125,-0.09288944,-0.99564731,1.85249174,-0.00461322,-0.99566239,0.09292611,-1.12999034
0,1598329906644341800,1598329906644243200,-0.99996030,0.00529101,0.00717478,-0.64769769,-0.00763537,-0.09289591,-0.99564654,1.85249567,-0.00460145,-0.99566180,0.09293262,-1.12998509
0,1598329906653137800,1598329906653001800,-0.99996036,0.00527772,0.00717694,-0.64769828,-0.00763630,-0.09289910,-0.99564618,1.85249352,-0.00458798,-0.99566156,0.09293573,-1.12997782
0,1598329906662138100,1598329906662028700,-0.99996048,0.00529376,0.00715400,-0.64769167,-0.00761496,-0.09290031,-0.99564624,1.85248685,-0.00460604,-0.99566138,0.09293694,-1.13000810
0,1598329906671004500,1598329906670927000,-0.99996030,0.00531286,0.00716431,-0.64770174,-0.00762700,-0.09289995,-0.99564618,1.85249054,-0.00462413,-0.99566126,0.09293678,-1.13000429
0,1598329906680155900,1598329906680065100,-0.99996030,0.00530496,0.00716375,-0.64772719,-0.00762579,-0.09291656,-0.99564463,1.85251629,-0.00461623,-0.99565983,0.09295333,-1.13004553
0,1598329906689031700,1598329906688962300,-0.99996024,0.00531808,0.00716328,-0.64771718,-0.00762649,-0.09290610,-0.99564564,1.85251999,-0.00462937,-0.99566078,0.09294296,-1.13005781
0,1598329906697959700,1598329906697900300,-0.99996018,0.00531003,0.00717776,-0.64772546,-0.00764017,-0.09290988,-0.99564517,1.85251236,-0.00462005,-0.99566042,0.09294675,-1.13007188
0,1598329906707010000,1598329906706908900,-0.99996030,0.00530550,0.00717018,-0.64772123,-0.00763223,-0.09291536,-0.99564475,1.85251307,-0.00461614,-0.99565989,0.09295217,-1.13008380
0,1598329906716103100,1598329906715985800,-0.99996018,0.00532082,0.00717200,-0.64772594,-0.00763545,-0.09291325,-0.99564487,1.85251784,-0.00463125,-0.99566001,0.09295019,-1.13009882
0,1598329906724862700,1598329906724797200,-0.99996024,0.00531366,0.00717233,-0.64771837,-0.00763521,-0.09293008,-0.99564332,1.85251760,-0.00462401,-0.99565846,0.09296696,-1.13010192
0,1598329906733997200,1598329906733887500,-0.99996018,0.00532290,0.00717710,-0.64771467,-0.00764067,-0.09290023,-0.99564606,1.85252190,-0.00463298,-0.99566126,0.09293720,-1.13010502
0,1598329906742860300,1598329906742749200,-0.99996012,0.00530452,0.00719154,-0.64769995,-0.00765334,-0.09290131,-0.99564588,1.85252452,-0.00461331,-0.99566126,0.09293821,-1.13011765
0,1598329906752099800,1598329906751990100,-0.99996072,0.00527397,0.00713822,-0.64762866,-0.00759715,-0.09284381,-0.99565166,1.85244811,-0.00458825,-0.99566680,0.09288023,-1.12998819
0,1598329906760781900,1598329906760722200,-0.99996060,0.00528845,0.00714141,-0.64762866,-0.00760161,-0.09283126,-0.99565279,1.85244119,-0.00460252,-0.99566782,0.09286781,-1.12997580
0,1598329906769819900,1598329906769741000,-0.99996030,0.00532287,0.00715489,-0.64764225,-0.00761815,-0.09281328,-0.99565434,1.85243392,-0.00463569,-0.99566936,0.09285016,-1.12996793
0,1598329906778773600,1598329906778681800,-0.99996018,0.00533575,0.00715963,-0.64764047,-0.00762405,-0.09281161,-0.99565446,1.85242987,-0.00464803,-0.99566942,0.09284860,-1.12996912
0,1598329906787768800,1598329906787664400,-0.99996030,0.00532746,0.00714995,-0.64764696,-0.00761374,-0.09283250,-0.99565262,1.85243642,-0.00464058,-0.99566752,0.09286938,-1.12998867
0,1598329906796728000,1598329906796566300,-0.99996024,0.00533217,0.00715642,-0.64764303,-0.00762057,-0.09282196,-0.99565351,1.85243869,-0.00464469,-0.99566853,0.09285891,-1.12998915
0,1598329906805942300,1598329906805709100,-0.99996042,0.00531903,0.00714510,-0.64763045,-0.00760807,-0.09281790,-0.99565399,1.85243881,-0.00463274,-0.99566889,0.09285469,-1.12999749
0,1598329906814780900,1598329906814683800,-0.99996036,0.00531119,0.00715443,-0.64766645,-0.00761680,-0.09285627,-0.99565035,1.85247815,-0.00462374,-0.99566537,0.09289305,-1.13006997
0,1598329906823678200,1598329906823601000,-0.99996048,0.00530285,0.00714168,-0.64767629,-0.00760332,-0.09285492,-0.99565059,1.85248220,-0.00461665,-0.99566561,0.09289157,-1.13006926
0,1598329906832568900,1598329906832488200,-0.99996054,0.00529984,0.00714039,-0.64767039,-0.00760172,-0.09284434,-0.99565160,1.85250032,-0.00461385,-0.99566656,0.09288096,-1.13006067
0,1598329906841733500,1598329906841593300,-0.99996030,0.00531983,0.00715160,-0.64768678,-0.00761474,-0.09284417,-0.99565148,1.85250330,-0.00463271,-0.99566650,0.09288101,-1.13005590
0,1598329906850617200,1598329906850528500,-0.99996030,0.00532490,0.00715267,-0.64769864,-0.00761628,-0.09284683,-0.99565125,1.85251641,-0.00463766,-0.99566621,0.09288370,-1.13007784
0,1598329906859627200,1598329906859510600,-0.99996030,0.00531688,0.00716018,-0.64770824,-0.00762308,-0.09286282,-0.99564970,1.85251951,-0.00462881,-0.99566472,0.09289967,-1.13007307
0,1598329906868504700,1598329906868393400,-0.99996018,0.00531787,0.00716730,-0.64771688,-0.00763035,-0.09288047,-0.99564797,1.85250998,-0.00462899,-0.99566311,0.09291735,-1.13008833
0,1598329906877785500,1598329906877644800,-0.99996018,0.00531545,0.00717554,-0.64772844,-0.00763821,-0.09285457,-0.99565035,1.85251021,-0.00462604,-0.99566555,0.09289148,-1.13008761
0,1598329906886535400,1598329906886420700,-0.99996030,0.00529799,0.00717595,-0.64773387,-0.00763712,-0.09287972,-0.99564803,1.85251498,-0.00460839,-0.99566329,0.09291649,-1.13009310
0,1598329906895109000,1598329906895021600,-0.99996036,0.00529504,0.00716441,-0.64773297,-0.00762544,-0.09290078,-0.99564612,1.85250556,-0.00460643,-0.99566138,0.09293748,-1.13011432
0,1598329906904129300,1598329906904008600,-0.99996048,0.00527066,0.00717547,-0.64772230,-0.00763420,-0.09290072,-0.99564606,1.85250783,-0.00458112,-0.99566150,0.09293728,-1.13012993
0,1598329906913162000,1598329906913077000,-0.99996072,0.00526172,0.00714600,-0.64767498,-0.00760391,-0.09287676,-0.99564856,1.85245681,-0.00457510,-0.99566376,0.09291312,-1.13004386
0,1598329906922021800,1598329906921948400,-0.99996072,0.00523961,0.00716104,-0.64772666,-0.00761673,-0.09285498,-0.99565047,1.85245097,-0.00455186,-0.99566591,0.09289125,-1.13001418
0,1598329906931025800,1598329906930957500,-0.99996066,0.00523496,0.00716618,-0.64772940,-0.00762130,-0.09282898,-0.99565285,1.85245919,-0.00454697,-0.99566829,0.09286523,-1.13001335
0,1598329906940107400,1598329906939975800,-0.99996078,0.00522131,0.00716819,-0.64771205,-0.00762216,-0.09285820,-0.99565011,1.85246074,-0.00453296,-0.99566567,0.09289436,-1.13002706
0,1598329906948982700,1598329906948920700,-0.99996084,0.00521368,0.00715868,-0.64768088,-0.00761184,-0.09282786,-0.99565303,1.85242724,-0.00452650,-0.99566859,0.09286392,-1.12996793
0,1598329906958036400,1598329906957945700,-0.99996090,0.00522998,0.00713936,-0.64765936,-0.00759420,-0.09284427,-0.99565166,1.85242748,-0.00454438,-0.99566698,0.09288036,-1.12997794
0,1598329906967001600,1598329906966868300,-0.99996090,0.00522524,0.00713688,-0.64764220,-0.00759107,-0.09279647,-0.99565613,1.85245633,-0.00454026,-0.99567139,0.09283252,-1.12994695
0,1598329906975954300,1598329906975859000,-0.99996078,0.00523424,0.00715452,-0.64764905,-0.00760944,-0.09278941,-0.99565667,1.85245872,-0.00454763,-0.99567199,0.09282561,-1.12994003
0,1598329906984918300,1598329906984816400,-0.99996060,0.00525042,0.00716529,-0.64765555,-0.00762174,-0.09280505,-0.99565512,1.85246837,-0.00456262,-0.99567044,0.09284141,-1.12995124
0,1598329906993680200,1598329906993592900,-0.99996066,0.00527263,0.00713931,-0.64763629,-0.00759806,-0.09283222,-0.99565274,1.85246933,-0.00458694,-0.99566782,0.09286864,-1.12995744
0,1598329907002624500,1598329907002530400,-0.99996078,0.00526428,0.00713156,-0.64763981,-0.00758957,-0.09283448,-0.99565262,1.85246146,-0.00457934,-0.99566770,0.09287079,-1.12997174
0,1598329907011627900,1598329907011511100,-0.99996090,0.00524735,0.00713069,-0.64764053,-0.00758708,-0.09282254,-0.99565375,1.85246599,-0.00456259,-0.99566889,0.09285872,-1.12997127
0,1598329907020579700,1598329907020492900,-0.99996102,0.00523844,0.00711736,-0.64761484,-0.00757294,-0.09281447,-0.99565458,1.85244823,-0.00455505,-0.99566972,0.09285052,-1.12993741
0,1598329907029561800,1598329907029444600,-0.99996078,0.00524959,0.00713342,-0.64760941,-0.00758984,-0.09278438,-0.99565727,1.85244942,-0.00456491,-0.99567246,0.09282059,-1.12994385
0,1598329907038552500,1598329907038452300,-0.99996072,0.00524825,0.00715318,-0.64761227,-0.00760939,-0.09278536,-0.99565703,1.85245168,-0.00456172,-0.99567229,0.09282165,-1.12993610
0,1598329907047492800,1598329907047432900,-0.99996078,0.00525430,0.00713668,-0.64757621,-0.00759348,-0.09277699,-0.99565792,1.85241938,-0.00456932,-0.99567312,0.09281325,-1.12987590
0,1598329907056532900,1598329907056426700,-0.99996114,0.00523120,0.00710846,-0.64758527,-0.00756321,-0.09276913,-0.99565887,1.85241973,-0.00454906,-0.99567389,0.09280510,-1.12987196
0,1598329907065437700,1598329907065367900,-0.99996078,0.00523728,0.00714849,-0.64757907,-0.00760362,-0.09276637,-0.99565881,1.85242009,-0.00455144,-0.99567419,0.09280256,-1.12986720
0,1598329907074440400,1598329907074338300,-0.99996090,0.00523534,0.00713546,-0.64757895,-0.00759043,-0.09276149,-0.99565941,1.85241854,-0.00455067,-0.99567467,0.09279761,-1.12985849
0,1598329907083416600,1598329907083301400,-0.99996078,0.00523704,0.00715290,-0.64762974,-0.00760819,-0.09281182,-0.99565458,1.85247779,-0.00455040,-0.99566996,0.09284803,-1.12995315
0,1598329907092741600,1598329907092624800,-0.99996102,0.00522816,0.00713339,-0.64762676,-0.00758801,-0.09282675,-0.99565333,1.85248160,-0.00454322,-0.99566859,0.09286278,-1.12995839
0,1598329907101693100,1598329907101564800,-0.99996066,0.00523487,0.00716713,-0.64763290,-0.00762224,-0.09283033,-0.99565274,1.85246563,-0.00454676,-0.99566817,0.09286658,-1.12997937
0,1598329907110612400,1598329907110519700,-0.99996084,0.00522909,0.00715045,-0.64760488,-0.00760508,-0.09282556,-0.99565333,1.85246277,-0.00454259,-0.99566871,0.09286170,-1.12999523
0,1598329907119575900,1598329907119467400,-0.99996090,0.00522575,0.00715069,-0.64763010,-0.00760523,-0.09287512,-0.99564868,1.85249281,-0.00453886,-0.99566412,0.09291124,-1.13005352
0,1598329907128599200,1598329907128497000,-0.99996078,0.00522026,0.00716669,-0.64765310,-0.00762055,-0.09285293,-0.99565065,1.85247636,-0.00453210,-0.99566621,0.09288907,-1.13004971
0,1598329907137483000,1598329907137405500,-0.99996048,0.00522661,0.00720093,-0.64766926,-0.00765529,-0.09286654,-0.99564910,1.85247612,-0.00453511,-0.99566489,0.09290288,-1.13004422
0,1598329907146558800,1598329907146456300,-0.99996054,0.00523266,0.00719083,-0.64767063,-0.00764575,-0.09285662,-0.99565011,1.85247540,-0.00454217,-0.99566579,0.09289297,-1.13004827
0,1598329907155432200,1598329907155372100,-0.99996072,0.00523791,0.00716275,-0.64767307,-0.00761823,-0.09284402,-0.99565148,1.85246992,-0.00455016,-0.99566698,0.09288028,-1.13003862
0,1598329907164600400,1598329907164408000,-0.99996054,0.00521892,0.00719309,-0.64767087,-0.00764661,-0.09283055,-0.99565250,1.85247540,-0.00452846,-0.99566829,0.09286681,-1.13003576
0,1598329907173426900,1598329907173320200,-0.99996084,0.00518852,0.00718018,-0.64765424,-0.00763094,-0.09283189,-0.99565250,1.85247779,-0.00449944,-0.99566835,0.09286785,-1.13005328
0,1598329907182488200,1598329907182359000,-0.99996108,0.00517935,0.00715511,-0.64761084,-0.00760495,-0.09279144,-0.99565649,1.85243082,-0.00449291,-0.99567211,0.09282721,-1.12997627
0,1598329907191395000,1598329907191311700,-0.99996096,0.00517476,0.00716831,-0.64762819,-0.00761767,-0.09279476,-0.99565607,1.85243130,-0.00448707,-0.99567187,0.09283056,-1.12998033
0,1598329907200431700,1598329907200293800,-0.99996114,0.00517812,0.00714527,-0.64762467,-0.00759505,-0.09279529,-0.99565619,1.85244632,-0.00449258,-0.99567181,0.09283101,-1.12996805
0,1598329907209409100,1598329907209251500,-0.99996120,0.00518116,0.00713500,-0.64762223,-0.00758514,-0.09280324,-0.99565554,1.85244465,-0.00449651,-0.99567103,0.09283894,-1.12997413
0,1598329907218336300,1598329907218228700,-0.99996120,0.00519240,0.00712957,-0.64763534,-0.00758074,-0.09279438,-0.99565637,1.85245562,-0.00450823,-0.99567181,0.09283015,-1.12999749
0,1598329907227296700,1598329907227168400,-0.99996126,0.00517648,0.00713037,-0.64764118,-0.00758003,-0.09278976,-0.99565685,1.85245383,-0.00449240,-0.99567229,0.09282541,-1.13000083
0,1598329907236272700,1598329907236209600,-0.99996114,0.00517833,0.00714017,-0.64765358,-0.00758996,-0.09278931,-0.99565679,1.85245740,-0.00449330,-0.99567235,0.09282501,-1.12999392
0,1598329907245261300,1598329907245163300,-0.99996102,0.00517097,0.00715865,-0.64765275,-0.00760765,-0.09278355,-0.99565721,1.85245645,-0.00448430,-0.99567288,0.09281928,-1.12999797
0,1598329907254252000,1598329907254154900,-0.99996108,0.00517696,0.00715870,-0.64766830,-0.00760832,-0.09279695,-0.99565595,1.85246193,-0.00449017,-0.99567163,0.09283273,-1.13001204
0,1598329907263218300,1598329907263081600,-0.99996084,0.00517130,0.00719079,-0.64766556,-0.00763972,-0.09279010,-0.99565637,1.85246682,-0.00448158,-0.99567235,0.09282598,-1.13000822
0,1598329907272200400,1598329907272106000,-0.99996078,0.00517097,0.00719780,-0.64768493,-0.00764661,-0.09277800,-0.99565744,1.85246658,-0.00448075,-0.99567342,0.09281391,-1.13000417
0,1598329907281081200,1598329907281006700,-0.99996090,0.00517535,0.00718091,-0.64763141,-0.00763005,-0.09274343,-0.99566078,1.85240400,-0.00448692,-0.99567664,0.09277930,-1.12989926
0,1598329907290181000,1598329907290067300,-0.99996102,0.00515777,0.00718185,-0.64761823,-0.00762939,-0.09275309,-0.99565989,1.85239816,-0.00446919,-0.99567580,0.09278882,-1.12990642
0,1598329907299173200,1598329907299093000,-0.99996084,0.00515947,0.00719722,-0.64761406,-0.00764487,-0.09275731,-0.99565935,1.85240221,-0.00446948,-0.99567544,0.09279312,-1.12989497
0,1598329907308115800,1598329907307988500,-0.99996084,0.00517198,0.00719067,-0.64762056,-0.00763945,-0.09274402,-0.99566066,1.85239518,-0.00448263,-0.99567664,0.09277990,-1.12989008
0,1598329907317093500,1598329907316994300,-0.99996078,0.00518179,0.00719258,-0.64764476,-0.00764234,-0.09276197,-0.99565893,1.85241437,-0.00449207,-0.99567485,0.09279794,-1.12993097
0,1598329907326095800,1598329907325999300,-0.99996084,0.00518808,0.00717375,-0.64762086,-0.00762423,-0.09277409,-0.99565798,1.85241234,-0.00450003,-0.99567372,0.09281002,-1.12995005
0,1598329907335000000,1598329907334892100,-0.99996084,0.00520048,0.00717170,-0.64761829,-0.00762333,-0.09277156,-0.99565822,1.85242367,-0.00451258,-0.99567389,0.09280758,-1.12993932
0,1598329907344005500,1598329907343907400,-0.99996084,0.00522089,0.00715774,-0.64763093,-0.00761116,-0.09273545,-0.99566168,1.85241747,-0.00453442,-0.99567711,0.09277156,-1.12993574
0,1598329907352998200,1598329907352928900,-0.99996066,0.00524050,0.00716647,-0.64769578,-0.00762199,-0.09280530,-0.99565506,1.85247755,-0.00455263,-0.99567056,0.09284160,-1.13004994
0,1598329907361939600,1598329907361861200,-0.99996072,0.00523961,0.00716563,-0.64769298,-0.00762117,-0.09282749,-0.99565297,1.85247374,-0.00455165,-0.99566847,0.09286378,-1.13005185
0,1598329907370956300,1598329907370818700,-0.99996078,0.00523052,0.00715484,-0.64769745,-0.00760957,-0.09282355,-0.99565345,1.85247087,-0.00454363,-0.99566889,0.09285972,-1.13005638
0,1598329907379924400,1598329907379818000,-0.99996078,0.00523445,0.00715399,-0.64767253,-0.00760890,-0.09278335,-0.99565721,1.85243559,-0.00454795,-0.99567258,0.09281955,-1.13000536
0,1598329907388906600,1598329907388819000,-0.99996096,0.00521255,0.00714209,-0.64766186,-0.00759509,-0.09279942,-0.99565583,1.85242796,-0.00452712,-0.99567121,0.09283539,-1.13001060
0,1598329907397865400,1598329907397759300,-0.99996072,0.00523382,0.00715808,-0.64765978,-0.00761283,-0.09276402,-0.99565899,1.85242915,-0.00454706,-0.99567437,0.09280022,-1.13000524
0,1598329907406901500,1598329907406794900,-0.99996078,0.00522667,0.00716283,-0.64764416,-0.00761693,-0.09277217,-0.99565822,1.85242009,-0.00453943,-0.99567366,0.09280834,-1.13002110
0,1598329907415836700,1598329907415749800,-0.99996078,0.00522986,0.00716044,-0.64769763,-0.00761509,-0.09282389,-0.99565339,1.85246253,-0.00454244,-0.99566883,0.09286007,-1.13011408
0,1598329907424758600,1598329907424670500,-0.99996078,0.00521803,0.00716353,-0.64771307,-0.00761712,-0.09283688,-0.99565214,1.85245407,-0.00453028,-0.99566770,0.09287298,-1.13011122
0,1598329907433787300,1598329907433719500,-0.99996060,0.00525311,0.00716354,-0.64770752,-0.00762033,-0.09282471,-0.99565327,1.85247171,-0.00456527,-0.99566865,0.09286109,-1.13009691
0,1598329907442830500,1598329907442696000,-0.99996054,0.00522754,0.00718805,-0.64771992,-0.00764234,-0.09282043,-0.99565351,1.85246873,-0.00453758,-0.99566913,0.09285672,-1.13010073
0,1598329907451712400,1598329907451608000,-0.99996036,0.00524712,0.00719640,-0.64774418,-0.00765253,-0.09283101,-0.99565244,1.85248566,-0.00455630,-0.99566805,0.09286749,-1.13014245
0,1598329907460685900,1598329907460542900,-0.99996030,0.00522867,0.00722090,-0.64778531,-0.00767519,-0.09282754,-0.99565256,1.85247850,-0.00453559,-0.99566853,0.09286399,-1.13011789
0,1598329907469667800,1598329907469581600,-0.99996030,0.00524002,0.00722231,-0.64779043,-0.00767760,-0.09281598,-0.99565363,1.85248160,-0.00454688,-0.99566954,0.09285252,-1.13011694
0,1598329907478644600,1598329907478493100,-0.99996042,0.00523680,0.00720320,-0.64779001,-0.00765827,-0.09281443,-0.99565393,1.85248363,-0.00454551,-0.99566972,0.09285087,-1.13012815
0,1598329907487672700,1598329907487563100,-0.99996042,0.00526214,0.00719145,-0.64773542,-0.00764903,-0.09284125,-0.99565148,1.85246634,-0.00457159,-0.99566704,0.09287783,-1.13011050
0,1598329907496648100,1598329907496555700,-0.99996030,0.00525820,0.00719849,-0.64774668,-0.00765564,-0.09283267,-0.99565226,1.85244799,-0.00456706,-0.99566787,0.09286925,-1.13013601
0,1598329907505583400,1598329907505496100,-0.99996036,0.00526035,0.00718997,-0.64774561,-0.00764734,-0.09283040,-0.99565256,1.85244882,-0.00457004,-0.99566805,0.09286694,-1.13014472
0,1598329907514581700,1598329907514462200,-0.99996060,0.00525111,0.00716786,-0.64770079,-0.00762432,-0.09279693,-0.99565583,1.85239363,-0.00456312,-0.99567121,0.09283332,-1.13005602
0,1598329907523501100,1598329907523412100,-0.99996042,0.00527546,0.00717233,-0.64768255,-0.00763105,-0.09280048,-0.99565542,1.85239041,-0.00458696,-0.99567080,0.09283707,-1.13006461
0,1598329907532559200,1598329907532439300,-0.99996060,0.00525209,0.00716854,-0.64766073,-0.00762486,-0.09274635,-0.99566054,1.85243380,-0.00456443,-0.99567598,0.09278274,-1.13002062
0,1598329907541492600,1598329907541392800,-0.99996060,0.00524735,0.00717377,-0.64766157,-0.00762956,-0.09273260,-0.99566180,1.85243571,-0.00455934,-0.99567723,0.09276898,-1.13001776
0,1598329907550433300,1598329907550310100,-0.99996054,0.00524241,0.00717449,-0.64763796,-0.00762976,-0.09271929,-0.99566305,1.85241485,-0.00455445,-0.99567854,0.09275563,-1.12997425
0,1598329907559414500,1598329907559320600,-0.99996072,0.00523576,0.00715857,-0.64763081,-0.00761324,-0.09270822,-0.99566418,1.85241544,-0.00454935,-0.99567962,0.09274445,-1.12997890
0,1598329907568418300,1598329907568319300,-0.99996054,0.00524759,0.00716782,-0.64761627,-0.00762362,-0.09272317,-0.99566269,1.85243535,-0.00456023,-0.99567813,0.09275952,-1.12995577
0,1598329907577372300,1598329907577255600,-0.99996078,0.00522235,0.00715723,-0.64759290,-0.00761074,-0.09272483,-0.99566263,1.85243273,-0.00453603,-0.99567813,0.09276094,-1.12996125
0,1598329907586350100,1598329907586238000,-0.99996078,0.00524226,0.00715279,-0.64759457,-0.00760819,-0.09273010,-0.99566215,1.85244346,-0.00455624,-0.99567747,0.09276634,-1.12997341
0,1598329907595292800,1598329907595187800,-0.99996084,0.00522831,0.00715326,-0.64760196,-0.00760732,-0.09272160,-0.99566299,1.85245085,-0.00454238,-0.99567837,0.09275774,-1.12995648
0,1598329907604203000,1598329907604136400,-0.99996054,0.00524253,0.00718065,-0.64760590,-0.00763590,-0.09271614,-0.99566329,1.85245502,-0.00455403,-0.99567878,0.09275252,-1.12994659
0,1598329907613312900,1598329907613233200,-0.99996078,0.00522572,0.00716859,-0.64759612,-0.00762230,-0.09271318,-0.99566364,1.85245407,-0.00453842,-0.99567914,0.09274937,-1.12993622
0,1598329907622178400,1598329907622064500,-0.99996054,0.00524977,0.00717423,-0.64759588,-0.00763018,-0.09271705,-0.99566323,1.85245836,-0.00456181,-0.99567866,0.09275346,-1.12993073
0,1598329907631196600,1598329907631125200,-0.99996042,0.00525290,0.00718904,-0.64759392,-0.00764514,-0.09270284,-0.99566442,1.85245800,-0.00456363,-0.99567997,0.09273933,-1.12993741
0,1598329907640205400,1598329907640092100,-0.99996042,0.00526300,0.00717689,-0.64759398,-0.00763404,-0.09271473,-0.99566340,1.85246348,-0.00457481,-0.99567878,0.09275125,-1.12993431
0,1598329907649328500,1598329907649197300,-0.99996054,0.00525352,0.00717697,-0.64760971,-0.00763333,-0.09273268,-0.99566174,1.85248733,-0.00456518,-0.99567723,0.09276912,-1.12996888
0,1598329907658142800,1598329907658013800,-0.99996054,0.00524643,0.00717221,-0.64761090,-0.00762795,-0.09273683,-0.99566138,1.85248756,-0.00455853,-0.99567688,0.09277319,-1.12995315
0,1598329907667161500,1598329907667047200,-0.99996042,0.00526077,0.00718541,-0.64761591,-0.00764244,-0.09274243,-0.99566078,1.85246658,-0.00457153,-0.99567622,0.09277897,-1.12997246
0,1598329907676120700,1598329907676038700,-0.99996030,0.00526795,0.00719058,-0.64761531,-0.00764820,-0.09272967,-0.99566191,1.85246742,-0.00457826,-0.99567747,0.09276628,-1.12997031
0,1598329907685208100,1598329907685098800,-0.99996030,0.00528380,0.00718630,-0.64762622,-0.00764545,-0.09273798,-0.99566114,1.85248375,-0.00459442,-0.99567658,0.09277469,-1.12999582
0,1598329907693985100,1598329907693909400,-0.99996024,0.00528947,0.00719089,-0.64762342,-0.00765059,-0.09274998,-0.99566001,1.85248721,-0.00459954,-0.99567538,0.09278676,-1.12999022
0,1598329907703067100,1598329907702968800,-0.99996042,0.00525543,0.00719141,-0.64762932,-0.00764814,-0.09279009,-0.99565631,1.85243356,-0.00456527,-0.99567187,0.09282662,-1.13005793
0,1598329907711995700,1598329907711890900,-0.99996036,0.00524959,0.00720217,-0.64764816,-0.00765857,-0.09284615,-0.99565095,1.85245526,-0.00455806,-0.99566668,0.09288268,-1.13010025
0,1598329907721063600,1598329907720941500,-0.99996030,0.00526202,0.00720792,-0.64766467,-0.00766543,-0.09284391,-0.99565113,1.85245454,-0.00456992,-0.99566680,0.09288055,-1.13009167
0,1598329907729937700,1598329907729834400,-0.99996024,0.00527570,0.00719958,-0.64764619,-0.00765824,-0.09280790,-0.99565452,1.85249364,-0.00458461,-0.99567014,0.09284462,-1.13006032
0,1598329907738954500,1598329907738876700,-0.99996006,0.00529036,0.00721422,-0.64766252,-0.00767410,-0.09279083,-0.99565601,1.85249925,-0.00459799,-0.99567163,0.09282773,-1.13005126
0,1598329907747891500,1598329907747771700,-0.99996018,0.00529245,0.00720140,-0.64765072,-0.00766154,-0.09279315,-0.99565589,1.85249162,-0.00460121,-0.99567139,0.09283001,-1.13003302
0,1598329907756901300,1598329907756784300,-0.99996012,0.00529003,0.00720822,-0.64765906,-0.00766814,-0.09279937,-0.99565524,1.85249281,-0.00459811,-0.99567080,0.09283624,-1.13002491
0,1598329907765868300,1598329907765785500,-0.99996006,0.00530002,0.00720502,-0.64766139,-0.00766589,-0.09280321,-0.99565494,1.85248899,-0.00460830,-0.99567038,0.09284014,-1.13003242
0,1598329907774971500,1598329907774831800,-0.99995989,0.00533018,0.00720910,-0.64766234,-0.00767287,-0.09282833,-0.99565256,1.85248780,-0.00463781,-0.99566793,0.09286550,-1.13003016
0,1598329907783800500,1598329907783719200,-0.99995995,0.00532535,0.00720783,-0.64767832,-0.00767118,-0.09283319,-0.99565208,1.85250342,-0.00463304,-0.99566746,0.09287032,-1.13006294
0,1598329907793004100,1598329907792887400,-0.99996018,0.00531387,0.00718141,-0.64767885,-0.00764379,-0.09282885,-0.99565268,1.85250151,-0.00462413,-0.99566793,0.09286577,-1.13006186
0,1598329907801925300,1598329907801831600,-0.99996018,0.00530031,0.00718556,-0.64768016,-0.00764657,-0.09280840,-0.99565458,1.85249758,-0.00461042,-0.99566996,0.09284524,-1.13006949
0,1598329907810756000,1598329907810659700,-0.99996012,0.00531846,0.00719206,-0.64768678,-0.00765475,-0.09281351,-0.99565405,1.85249782,-0.00462782,-0.99566931,0.09285052,-1.13006866
0,1598329907819699200,1598329907819631000,-0.99996030,0.00531095,0.00716747,-0.64764035,-0.00762948,-0.09279507,-0.99565595,1.85244393,-0.00462276,-0.99567109,0.09283190,-1.12998009
0,1598329907828676800,1598329907828612400,-0.99996018,0.00530457,0.00718183,-0.64764744,-0.00764308,-0.09277149,-0.99565804,1.85244799,-0.00461531,-0.99567330,0.09280834,-1.12997508
0,1598329907837644700,1598329907837563300,-0.99996018,0.00531664,0.00717640,-0.64765906,-0.00763875,-0.09276264,-0.99565893,1.85244536,-0.00462785,-0.99567407,0.09279957,-1.12996650
0,1598329907846720200,1598329907846626200,-0.99996018,0.00530514,0.00717893,-0.64766347,-0.00764029,-0.09278161,-0.99565715,1.85244536,-0.00461599,-0.99567240,0.09281845,-1.12996614
0,1598329907855621300,1598329907855509300,-0.99996012,0.00532112,0.00718043,-0.64766437,-0.00764333,-0.09279567,-0.99565578,1.85244727,-0.00463167,-0.99567097,0.09283264,-1.12997532
0,1598329907864603200,1598329907864512500,-0.99996012,0.00531563,0.00718386,-0.64766371,-0.00764615,-0.09277664,-0.99565756,1.85244966,-0.00462607,-0.99567282,0.09281359,-1.12997031
0,1598329907873487100,1598329907873415100,-0.99996030,0.00530031,0.00717754,-0.64765191,-0.00763854,-0.09280072,-0.99565536,1.85244942,-0.00461122,-0.99567062,0.09283753,-1.12997699
0,1598329907882681400,1598329907882555700,-0.99996030,0.00530532,0.00716443,-0.64768386,-0.00762604,-0.09281909,-0.99565375,1.85248244,-0.00461724,-0.99566889,0.09285586,-1.13002920
0,1598329907891496800,1598329907891411500,-0.99996036,0.00530675,0.00716547,-0.64767617,-0.00762719,-0.09281269,-0.99565434,1.85248637,-0.00461861,-0.99566948,0.09284949,-1.13003254
0,1598329907900611900,1598329907900532900,-0.99996036,0.00530586,0.00716284,-0.64768034,-0.00762452,-0.09282124,-0.99565357,1.85248792,-0.00461793,-0.99566871,0.09285802,-1.13003290
0,1598329907909493000,1598329907909370300,-0.99996054,0.00529328,0.00714600,-0.64765567,-0.00760668,-0.09284288,-0.99565166,1.85249197,-0.00460678,-0.99566674,0.09287948,-1.13004804
0,1598329907918461100,1598329907918381000,-0.99996036,0.00530073,0.00716360,-0.64766216,-0.00762494,-0.09285096,-0.99565077,1.85250401,-0.00461251,-0.99566597,0.09288770,-1.13005996
0,1598329907927385100,1598329907927283300,-0.99996048,0.00529391,0.00715308,-0.64767259,-0.00761383,-0.09285084,-0.99565089,1.85250509,-0.00460672,-0.99566603,0.09288748,-1.13004494
0,1598329907936441500,1598329907936330800,-0.99996018,0.00530192,0.00719363,-0.64768094,-0.00765485,-0.09282905,-0.99565262,1.85250878,-0.00461107,-0.99566793,0.09286594,-1.13004279
0,1598329907945484300,1598329907945324300,-0.99996042,0.00529617,0.00716187,-0.64768577,-0.00762266,-0.09282319,-0.99565339,1.85251153,-0.00460833,-0.99566859,0.09285989,-1.13004208
0,1598329907954352800,1598329907954261100,-0.99996054,0.00528774,0.00714542,-0.64766896,-0.00760546,-0.09281396,-0.99565440,1.85250497,-0.00460154,-0.99566948,0.09285051,-1.13002455
0,1598329907963294000,1598329907963208600,-0.99996042,0.00530434,0.00715648,-0.64768404,-0.00761803,-0.09281786,-0.99565393,1.85248768,-0.00461704,-0.99566901,0.09285459,-1.13004375
0,1598329907972302200,1598329907972184600,-0.99996054,0.00531426,0.00713292,-0.64769518,-0.00759548,-0.09281576,-0.99565428,1.85249150,-0.00462911,-0.99566913,0.09285246,-1.13003910
0,1598329907981260800,1598329907981182900,-0.99996060,0.00530571,0.00712831,-0.64764959,-0.00758990,-0.09277356,-0.99565828,1.85243940,-0.00462133,-0.99567318,0.09281018,-1.12994027
0,1598329907990253600,1598329907990148900,-0.99996072,0.00530484,0.00711532,-0.64765066,-0.00757691,-0.09277842,-0.99565792,1.85243988,-0.00462162,-0.99567270,0.09281497,-1.12994456
0,1598329907999207700,1598329907999133200,-0.99996078,0.00530571,0.00709733,-0.64765400,-0.00755910,-0.09278457,-0.99565750,1.85243785,-0.00462413,-0.99567211,0.09282104,-1.12994027
0,1598329908008224400,1598329908008116500,-0.99996072,0.00531542,0.00710229,-0.64766121,-0.00756497,-0.09279005,-0.99565691,1.85243773,-0.00463334,-0.99567151,0.09282662,-1.12992930
0,1598329908017156600,1598329908017087200,-0.99996042,0.00532222,0.00713531,-0.64771545,-0.00759870,-0.09283873,-0.99565214,1.85249281,-0.00463662,-0.99566698,0.09287550,-1.13001871
0,1598329908026179800,1598329908026040200,-0.99996048,0.00530970,0.00713445,-0.64775252,-0.00759665,-0.09282919,-0.99565303,1.85249209,-0.00462437,-0.99566787,0.09286587,-1.12999463
0,1598329908035122800,1598329908035016900,-0.99996066,0.00530607,0.00711032,-0.64776868,-0.00757225,-0.09282112,-0.99565399,1.85248303,-0.00462303,-0.99566871,0.09285766,-1.13000441
0,1598329908044125600,1598329908044040800,-0.99996066,0.00529024,0.00712917,-0.64774150,-0.00758957,-0.09282649,-0.99565333,1.85248554,-0.00460547,-0.99566829,0.09286299,-1.13001871
0,1598329908053179400,1598329908053039600,-0.99996060,0.00529870,0.00713412,-0.64772797,-0.00759518,-0.09280260,-0.99565554,1.85247016,-0.00461361,-0.99567044,0.09283919,-1.12998366
0,1598329908062071200,1598329908062016300,-0.99996066,0.00529167,0.00712886,-0.64768678,-0.00758930,-0.09280741,-0.99565512,1.85247421,-0.00460702,-0.99567008,0.09284393,-1.13000298
0,1598329908071037100,1598329908070949600,-0.99996054,0.00528708,0.00715044,-0.64769673,-0.00761038,-0.09281058,-0.99565464,1.85247624,-0.00460050,-0.99566978,0.09284715,-1.12999082
0,1598329908080075300,1598329908079994600,-0.99996048,0.00529996,0.00715100,-0.64771485,-0.00761207,-0.09279703,-0.99565589,1.85249519,-0.00461331,-0.99567097,0.09283370,-1.13001966
0,1598329908088955500,1598329908088883400,-0.99996030,0.00532198,0.00714501,-0.64767784,-0.00760829,-0.09282915,-0.99565297,1.85249972,-0.00463554,-0.99566782,0.09286597,-1.13003063
0,1598329908098230200,1598329908098092300,-0.99996030,0.00531697,0.00716203,-0.64768541,-0.00762481,-0.09283381,-0.99565238,1.85248518,-0.00462893,-0.99566746,0.09287067,-1.13005018
0,1598329908106930700,1598329908106831800,-0.99996030,0.00531912,0.00715696,-0.64770764,-0.00762000,-0.09284389,-0.99565148,1.85248685,-0.00463152,-0.99566650,0.09288075,-1.13003576
0,1598329908115958800,1598329908115839800,-0.99996006,0.00532320,0.00718888,-0.64766139,-0.00765204,-0.09281748,-0.99565369,1.85244143,-0.00463274,-0.99566889,0.09285451,-1.12994850
0,1598329908124879300,1598329908124802500,-0.99996042,0.00531939,0.00714011,-0.64764005,-0.00760314,-0.09282088,-0.99565375,1.85244143,-0.00463349,-0.99566865,0.09285764,-1.12995732
0,1598329908133894400,1598329908133784100,-0.99996030,0.00532743,0.00714585,-0.64763588,-0.00760966,-0.09283427,-0.99565244,1.85243869,-0.00464085,-0.99566740,0.09287113,-1.12995362
0,1598329908142816300,1598329908142733600,-0.99996036,0.00532645,0.00714491,-0.64764035,-0.00760867,-0.09283915,-0.99565202,1.85243678,-0.00463992,-0.99566692,0.09287600,-1.12994218
0,1598329908151881400,1598329908151796100,-0.99996048,0.00531599,0.00713852,-0.64758694,-0.00760118,-0.09280857,-0.99565494,1.85238314,-0.00463036,-0.99566978,0.09284531,-1.12984848
0,1598329908160797600,1598329908160712800,-0.99996030,0.00532603,0.00714975,-0.64757192,-0.00761335,-0.09282007,-0.99565375,1.85238230,-0.00463921,-0.99566865,0.09285694,-1.12985396
0,1598329908169796500,1598329908169711000,-0.99996024,0.00534195,0.00715343,-0.64755529,-0.00761850,-0.09282193,-0.99565357,1.85239232,-0.00465471,-0.99566841,0.09285893,-1.12983036
0,1598329908178764600,1598329908178632800,-0.99996036,0.00532126,0.00714301,-0.64752614,-0.00760625,-0.09283076,-0.99565279,1.85238838,-0.00463501,-0.99566776,0.09286756,-1.12982988
0,1598329908187756100,1598329908187669900,-0.99996036,0.00530937,0.00715822,-0.64755666,-0.00762041,-0.09285711,-0.99565023,1.85240316,-0.00462160,-0.99566531,0.09289390,-1.12984931
0,1598329908196523200,1598329908196459400,-0.99996036,0.00531450,0.00714514,-0.64754254,-0.00760786,-0.09285636,-0.99565041,1.85240996,-0.00462788,-0.99566537,0.09289312,-1.12983215
0,1598329908205521800,1598329908205427800,-0.99996024,0.00533134,0.00715350,-0.64754122,-0.00761760,-0.09282487,-0.99565327,1.85240948,-0.00464416,-0.99566823,0.09286179,-1.12981260
0,1598329908214432000,1598329908214335100,-0.99996006,0.00535157,0.00716333,-0.64754742,-0.00762936,-0.09284363,-0.99565142,1.85242844,-0.00466323,-0.99566638,0.09288076,-1.12983394
0,1598329908223392800,1598329908223307400,-0.99996030,0.00532743,0.00715032,-0.64754868,-0.00761416,-0.09284406,-0.99565148,1.85243416,-0.00464037,-0.99566644,0.09288095,-1.12983322
0,1598329908232375800,1598329908232294900,-0.99996036,0.00532159,0.00715474,-0.64754343,-0.00761803,-0.09284662,-0.99565125,1.85242760,-0.00463414,-0.99566627,0.09288349,-1.12983406
0,1598329908241384200,1598329908241297100,-0.99996001,0.00534493,0.00717673,-0.64753819,-0.00764205,-0.09283481,-0.99565214,1.85242975,-0.00465542,-0.99566722,0.09287195,-1.12981999
0,1598329908250418100,1598329908250308500,-0.99996012,0.00533634,0.00717084,-0.64754796,-0.00763553,-0.09286901,-0.99564904,1.85245216,-0.00464717,-0.99566406,0.09290606,-1.12984371
0,1598329908259373100,1598329908259271200,-0.99996018,0.00532541,0.00716165,-0.64755404,-0.00762541,-0.09287802,-0.99564826,1.85245764,-0.00463706,-0.99566329,0.09291495,-1.12983274
0,1598329908268325700,1598329908268195000,-0.99995989,0.00534579,0.00719330,-0.64755458,-0.00765888,-0.09289033,-0.99564683,1.85244429,-0.00465432,-0.99566203,0.09292755,-1.12984681
0,1598329908277312500,1598329908277217800,-0.99995983,0.00536871,0.00718202,-0.64754200,-0.00764975,-0.09288520,-0.99564743,1.85244632,-0.00467819,-0.99566245,0.09292255,-1.12984657
0,1598329908286196700,1598329908286135600,-0.99995983,0.00535986,0.00719030,-0.64753938,-0.00765735,-0.09292402,-0.99564373,1.85246253,-0.00466835,-0.99565881,0.09296134,-1.12985873
0,1598329908295188600,1598329908295126400,-0.99995983,0.00535384,0.00719620,-0.64755249,-0.00766273,-0.09293710,-0.99564248,1.85245371,-0.00466168,-0.99565762,0.09297439,-1.12987900
0,1598329908304144500,1598329908304085900,-0.99995995,0.00533026,0.00719522,-0.64752281,-0.00765951,-0.09292421,-0.99564368,1.85246086,-0.00463840,-0.99565899,0.09296132,-1.12988758
0,1598329908313158100,1598329908313074100,-0.99995995,0.00531706,0.00721336,-0.64753604,-0.00767656,-0.09297101,-0.99563920,1.85249603,-0.00462323,-0.99565470,0.09300811,-1.12993407
0,1598329908322124100,1598329908322050900,-0.99995995,0.00529605,0.00722409,-0.64758712,-0.00768517,-0.09294435,-0.99564159,1.85250413,-0.00460151,-0.99565727,0.09298133,-1.12991250
0,1598329908331114500,1598329908331047400,-0.99995989,0.00529179,0.00723553,-0.64759725,-0.00769617,-0.09294635,-0.99564135,1.85248721,-0.00459617,-0.99565709,0.09298335,-1.12993860
0,1598329908340089900,1598329908339997500,-0.99995995,0.00527009,0.00724448,-0.64757842,-0.00770307,-0.09294714,-0.99564123,1.85249352,-0.00457373,-0.99565715,0.09298402,-1.12994456
0,1598329908349167000,1598329908349071400,-0.99996001,0.00527602,0.00723578,-0.64760762,-0.00769513,-0.09298578,-0.99563766,1.85253382,-0.00458014,-0.99565351,0.09302266,-1.13000298
0,1598329908358037000,1598329908357967400,-0.99995995,0.00526127,0.00725500,-0.64766240,-0.00771289,-0.09298492,-0.99563760,1.85253823,-0.00456369,-0.99565369,0.09302178,-1.12997103
0,1598329908367238800,1598329908367112700,-0.99995995,0.00528046,0.00723638,-0.64767921,-0.00769621,-0.09299983,-0.99563634,1.85252082,-0.00458443,-0.99565214,0.09303675,-1.12999535
0,1598329908376012400,1598329908375913000,-0.99995971,0.00528055,0.00726733,-0.64768720,-0.00772701,-0.09299480,-0.99563658,1.85252571,-0.00458163,-0.99565262,0.09303186,-1.12999392
0,1598329908385090500,1598329908385029300,-0.99995977,0.00528809,0.00725265,-0.64772475,-0.00771314,-0.09300488,-0.99563575,1.85256040,-0.00459048,-0.99565160,0.09304193,-1.13004768
0,1598329908393978100,1598329908393920800,-0.99995995,0.00529903,0.00722360,-0.64771241,-0.00768515,-0.09298808,-0.99563754,1.85256565,-0.00460419,-0.99565315,0.09302508,-1.13005197
0,1598329908403013500,1598329908402952700,-0.99995971,0.00530878,0.00724540,-0.64773268,-0.00770796,-0.09302794,-0.99563360,1.85254288,-0.00461155,-0.99564940,0.09306511,-1.13008928
0,1598329908411990200,1598329908411872200,-0.99995983,0.00531256,0.00723050,-0.64775354,-0.00769338,-0.09300905,-0.99563551,1.85255206,-0.00461683,-0.99565113,0.09304619,-1.13009202
0,1598329908420956800,1598329908420883400,-0.99996006,0.00531191,0.00720624,-0.64766663,-0.00766912,-0.09299921,-0.99563658,1.85249197,-0.00461853,-0.99565208,0.09303623,-1.12999141
0,1598329908429812400,1598329908429742200,-0.99996001,0.00530311,0.00721011,-0.64766216,-0.00767207,-0.09297953,-0.99563843,1.85250556,-0.00460958,-0.99565393,0.09301650,-1.12998414
0,1598329908438880900,1598329908438799000,-0.99996006,0.00531980,0.00719925,-0.64767295,-0.00766274,-0.09296473,-0.99563986,1.85250926,-0.00462732,-0.99565530,0.09300178,-1.12998247
0,1598329908447817800,1598329908447715600,-0.99996036,0.00529718,0.00717614,-0.64761251,-0.00763745,-0.09292690,-0.99564362,1.85244095,-0.00460720,-0.99565887,0.09296367,-1.12986374
