6,1597161614816751900,1597161614816658400,-0.00923353,-0.01663060,0.99981916,-0.82499588,0.35351399,-0.93534851,-0.01229342,1.81085765,0.93538380,0.35333651,0.01451582,-1.13268256
6,1597161614825811900,1597161614825708300,-0.00925756,-0.01661658,0.99981916,-0.82501698,0.35350424,-0.93535250,-0.01227199,1.81084526,0.93538719,0.35332668,0.01453316,-1.13264430
6,1597161614834551000,1597161614834478100,-0.00920916,-0.01650916,0.99982142,-0.82512742,0.35351244,-0.93535048,-0.01218848,1.81088233,0.93538457,0.35333705,0.01445004,-1.13266981
6,1597161614843412100,1597161614843304200,-0.00918955,-0.01657535,0.99982053,-0.82512492,0.35353503,-0.93534106,-0.01225697,1.81085730,0.93537629,0.35335892,0.01445538,-1.13261271
6,1597161614852200800,1597161614852058500,-0.00915602,-0.01664719,0.99981964,-0.82512045,0.35350481,-0.93535143,-0.01233648,1.81082857,0.93538803,0.35332805,0.01444900,-1.13265598
6,1597161614861390600,1597161614861324600,-0.00918373,-0.01661208,0.99981999,-0.82510412,0.35350788,-0.93535084,-0.01229380,1.81082368,0.93538654,0.35333130,0.01446256,-1.13264751
6,1597161614870121300,1597161614869959800,-0.00907856,-0.01669014,0.99981964,-0.82500184,0.35351139,-0.93534803,-0.01240392,1.81083941,0.93538630,0.35333499,0.01439184,-1.13271666
6,1597161614879207300,1597161614879140600,-0.00911528,-0.01664694,0.99981999,-0.82498062,0.35354194,-0.93533719,-0.01235009,1.81084275,0.93537438,0.35336572,0.01441130,-1.13266897
6,1597161614888019500,1597161614887946000,-0.00912628,-0.01662019,0.99982035,-0.82499772,0.35354489,-0.93533647,-0.01232112,1.81083274,0.93537313,0.35336891,0.01441216,-1.13267398
6,1597161614897669500,1597161614897585700,-0.00912732,-0.01666561,0.99981958,-0.82489228,0.35348755,-0.93535757,-0.01236414,1.81069314,0.93539476,0.35331091,0.01442844,-1.13249016
6,1597161614907249200,1597161614907043800,-0.00915033,-0.01667748,0.99981922,-0.82493120,0.35350654,-0.93535036,-0.01236683,1.81072712,0.93538737,0.35332942,0.01445436,-1.13254118
6,1597161614916155200,1597161614916069600,-0.00914142,-0.01670906,0.99981868,-0.82487887,0.35355937,-0.93532997,-0.01239869,1.81072593,0.93536747,0.35338196,0.01445800,-1.13242412
6,1597161614925033500,1597161614924945700,-0.00912210,-0.01668411,0.99981934,-0.82486999,0.35350716,-0.93534994,-0.01238299,1.81069684,0.93538743,0.35333031,0.01443040,-1.13238990
6,1597161614933998900,1597161614933913200,-0.00912380,-0.01675434,0.99981809,-0.82487684,0.35352153,-0.93534362,-0.01244785,1.81071579,0.93538201,0.35334364,0.01445702,-1.13240218
6,1597161614943283100,1597161614943250000,-0.00913131,-0.01673897,0.99981833,-0.82486588,0.35353237,-0.93533975,-0.01243065,1.81071198,0.93537784,0.35335463,0.01445872,-1.13238835
6,1597161614952353200,1597161614952334300,-0.00906920,-0.01678196,0.99981815,-0.82482386,0.35351613,-0.93534505,-0.01249307,1.81069756,0.93538457,0.35333854,0.01441559,-1.13240361
6,1597161614961096800,1597161614961050200,-0.00910467,-0.01672395,0.99981880,-0.82481879,0.35358799,-0.93531883,-0.01242517,1.81081307,0.93535709,0.35341078,0.01442921,-1.13256550
6,1597161614970270300,1597161614970201100,-0.00907746,-0.01669855,0.99981952,-0.82498354,0.35358807,-0.93531895,-0.01241103,1.81085348,0.93535727,0.35341159,0.01439479,-1.13260531
6,1597161614979143400,1597161614979041100,-0.00904110,-0.01668876,0.99981999,-0.82497627,0.35353628,-0.93533850,-0.01241550,1.81087589,0.93537724,0.35336038,0.01435664,-1.13258386
6,1597161614987994100,1597161614987938800,-0.00912574,-0.01669575,0.99981910,-0.82495713,0.35354441,-0.93533576,-0.01239202,1.81088018,0.93537331,0.35336736,0.01443839,-1.13254893
6,1597161614997048700,1597161614996914500,-0.00907964,-0.01666354,0.99981999,-0.82497180,0.35355061,-0.93533355,-0.01237806,1.81089079,0.93537146,0.35337460,0.01438397,-1.13256216
6,1597161615005941900,1597161615005880300,-0.00907242,-0.01667215,0.99981999,-0.82505435,0.35355887,-0.93533033,-0.01238855,1.81091678,0.93536836,0.35338277,0.01438031,-1.13260293
6,1597161615015516800,1597161615014827900,-0.00907856,-0.01665294,0.99982023,-0.82506168,0.35357374,-0.93532497,-0.01236819,1.81087780,0.93536270,0.35339791,0.01437953,-1.13262081
6,1597161615023994700,1597161615023907500,-0.00911376,-0.01662867,0.99982035,-0.82505560,0.35361114,-0.93531126,-0.01233245,1.81088507,0.93534821,0.35343519,0.01440436,-1.13263059
6,1597161615032836600,1597161615032767800,-0.00909570,-0.01670429,0.99981922,-0.82509243,0.35356671,-0.93532705,-0.01241027,1.81087577,0.93536520,0.35338989,0.01441363,-1.13264561
6,1597161615042090100,1597161615042023400,-0.00910661,-0.01672964,0.99981874,-0.82500207,0.35358298,-0.93532068,-0.01242988,1.81089067,0.93535888,0.35340568,0.01443294,-1.13271046
6,1597161615051022800,1597161615050970000,-0.00915086,-0.01670511,0.99981874,-0.82497025,0.35362807,-0.93530411,-0.01239060,1.81085420,0.93534148,0.35345054,0.01446632,-1.13269329
6,1597161615059997000,1597161615059917700,-0.00917178,-0.01672506,0.99981815,-0.82500339,0.35361055,-0.93531060,-0.01240214,1.81085205,0.93534786,0.35343248,0.01449266,-1.13273680
6,1597161615068957000,1597161615068903800,-0.00910419,-0.01671351,0.99981898,-0.82502544,0.35357040,-0.93532556,-0.01241586,1.81089544,0.93536371,0.35339335,0.01442483,-1.13279521
6,1597161615078211000,1597161615078053500,-0.00919119,-0.01665317,0.99981922,-0.82495272,0.35356244,-0.93532974,-0.01232875,1.81089520,0.93536592,0.35338518,0.01448473,-1.13273144
6,1597161615086927100,1597161615086811400,-0.00909671,-0.01672307,0.99981892,-0.82498413,0.35353786,-0.93533772,-0.01242791,1.81089067,0.93537605,0.35336077,0.01442081,-1.13272870
6,1597161615096597800,1597161615096460100,-0.00921842,-0.01671836,0.99981785,-0.82498199,0.35355422,-0.93533218,-0.01238026,1.81086540,0.93536872,0.35337567,0.01453319,-1.13272810
6,1597161615104982700,1597161615104876800,-0.00916648,-0.01663324,0.99981976,-0.82503694,0.35354996,-0.93533462,-0.01231904,1.81089520,0.93537080,0.35337329,0.01445448,-1.13277209
6,1597161615113870700,1597161615113817100,-0.00915489,-0.01665591,0.99981952,-0.82505554,0.35355747,-0.93533140,-0.01234423,1.81089520,0.93536818,0.35338062,0.01445174,-1.13274074
6,1597161615122947000,1597161615122904300,-0.00915298,-0.01665692,0.99981952,-0.82506621,0.35355267,-0.93533319,-0.01234593,1.81091416,0.93536985,0.35337585,0.01445022,-1.13277674
6,1597161615131834900,1597161615131732700,-0.00912744,-0.01666181,0.99981964,-0.82502055,0.35353494,-0.93533975,-0.01235979,1.81091857,0.93537688,0.35335833,0.01442787,-1.13280451
6,1597161615141472800,1597161615141177800,-0.00912076,-0.01663683,0.99982017,-0.82508796,0.35355565,-0.93533218,-0.01233848,1.81092560,0.93536907,0.35337946,0.01441303,-1.13287771
6,1597161615150254900,1597161615150128300,-0.00914255,-0.01659496,0.99982065,-0.82504570,0.35354313,-0.93533754,-0.01229181,1.81090772,0.93537360,0.35336733,0.01441845,-1.13282323
6,1597161615159106100,1597161615158979500,-0.00912055,-0.01660784,0.99982059,-0.82510412,0.35355136,-0.93533415,-0.01231148,1.81089401,0.93537074,0.35337564,0.01440254,-1.13285732
6,1597161615168125700,1597161615168047000,-0.00912863,-0.01662351,0.99982029,-0.82510203,0.35355258,-0.93533355,-0.01232327,1.81091964,0.93537021,0.35337651,0.01441568,-1.13291967
6,1597161615177198800,1597161615177066000,-0.00919163,-0.01656692,0.99982059,-0.82507288,0.35357377,-0.93532652,-0.01224773,1.81094837,0.93536156,0.35339776,0.01445487,-1.13287413
6,1597161615186237000,1597161615186096000,-0.00916249,-0.01657990,0.99982065,-0.82508123,0.35357246,-0.93532676,-0.01227020,1.81094527,0.93536240,0.35339659,0.01443219,-1.13290834
6,1597161615195101700,1597161615195058700,-0.00916246,-0.01662068,0.99981999,-0.82505095,0.35355076,-0.93533444,-0.01230870,1.81083596,0.93537062,0.35337436,0.01444629,-1.13280225
6,1597161615204065100,1597161615204012000,-0.00914168,-0.01659603,0.99982059,-0.82505548,0.35354522,-0.93533671,-0.01229308,1.81084132,0.93537289,0.35336941,0.01441804,-1.13286042
6,1597161615212967200,1597161615212927100,-0.00917163,-0.01657812,0.99982059,-0.82505304,0.35355118,-0.93533486,-0.01226564,1.81082201,0.93537033,0.35337526,0.01443985,-1.13281977
6,1597161615222246300,1597161615221961600,-0.00921455,-0.01659700,0.99981993,-0.82505840,0.35355064,-0.93533498,-0.01226814,1.81079316,0.93537009,0.35337391,0.01448661,-1.13278818
6,1597161615231003800,1597161615230865700,-0.00918511,-0.01666707,0.99981904,-0.82507598,0.35353106,-0.93534142,-0.01234441,1.81076193,0.93537784,0.35335368,0.01448360,-1.13276935
6,1597161615239941300,1597161615239836900,-0.00913972,-0.01655321,0.99982131,-0.82504094,0.35353488,-0.93534112,-0.01225387,1.81078744,0.93537682,0.35335973,0.01440096,-1.13279438
6,1597161615248788500,1597161615248759100,-0.00916395,-0.01655553,0.99982107,-0.82494831,0.35344955,-0.93537349,-0.01224879,1.81087995,0.93540883,0.35327408,0.01442328,-1.13257217
6,1597161615258018200,1597161615257864400,-0.00905472,-0.01672193,0.99981928,-0.82489121,0.35353833,-0.93533736,-0.01244171,1.81084692,0.93537629,0.35336176,0.01438114,-1.13254905
6,1597161615266796300,1597161615266743200,-0.00913456,-0.01650673,0.99982214,-0.82486570,0.35370195,-0.93527853,-0.01220963,1.81083918,0.93531370,0.35352752,0.01438189,-1.13239610
6,1597161615275864700,1597161615275763300,-0.00902650,-0.01642895,0.99982440,-0.82502949,0.35379156,-0.93524516,-0.01217373,1.81098986,0.93528080,0.35361955,0.01425451,-1.13217103
6,1597161615284730700,1597161615284670400,-0.00893959,-0.01637192,0.99982613,-0.82500362,0.35388690,-0.93520939,-0.01214967,1.81095922,0.93524563,0.35371676,0.01415426,-1.13180113
6,1597161615293724600,1597161615293664900,-0.00896317,-0.01632348,0.99982673,-0.82504201,0.35396671,-0.93517989,-0.01209482,1.81098616,0.93521523,0.35379696,0.01416019,-1.13119674
6,1597161615302847700,1597161615302678200,-0.00878441,-0.01625286,0.99982947,-0.82503271,0.35400680,-0.93516475,-0.01209142,1.81111324,0.93520170,0.35384017,0.01396856,-1.13059592
6,1597161615311722500,1597161615311651100,-0.00858629,-0.01617903,0.99983239,-0.82514268,0.35410470,-0.93512768,-0.01209103,1.81105649,0.93516642,0.35394150,0.01375839,-1.12991428
6,1597161615320750900,1597161615320718100,-0.00829113,-0.01607916,0.99983644,-0.82516515,0.35406944,-0.93514091,-0.01210260,1.81123734,0.93518245,0.35391119,0.01344657,-1.12895083
6,1597161615329766200,1597161615329741100,-0.00782967,-0.01591884,0.99984276,-0.82531607,0.35409153,-0.93513238,-0.01211570,1.81120968,0.93517804,0.35394096,0.01295853,-1.12784576
6,1597161615338647200,1597161615338560600,-0.00866011,-0.01626235,0.99983037,-0.82508409,0.35415840,-0.93510669,-0.01214203,1.81138551,0.93514544,0.35399312,0.01385766,-1.12668455
6,1597161615347719700,1597161615347595400,-0.00729492,-0.01580089,0.99984866,-0.82549155,0.35413489,-0.93511492,-0.01219410,1.81147218,0.93516600,0.35399231,0.01241729,-1.12583852
6,1597161615356873200,1597161615356846100,-0.00736168,-0.01590018,0.99984658,-0.82568145,0.35409322,-0.93512982,-0.01226389,1.81153905,0.93518126,0.35394859,0.01251435,-1.12444353
6,1597161615365682400,1597161615365588400,-0.00725651,-0.01575829,0.99984962,-0.82575440,0.35407141,-0.93513930,-0.01216870,1.81175900,0.93519032,0.35392985,0.01236543,-1.12316203
6,1597161615374669100,1597161615374619600,-0.00721020,-0.01617388,0.99984336,-0.82547492,0.35401610,-0.93515486,-0.01257452,1.81193244,0.93521160,0.35386994,0.01246852,-1.12172890
6,1597161615383621600,1597161615383509700,-0.00706124,-0.01610260,0.99984556,-0.82559431,0.35414332,-0.93510687,-0.01255888,1.81179392,0.93516457,0.35399991,0.01230568,-1.12031519
6,1597161615392463800,1597161615392444000,-0.00727838,-0.01581232,0.99984860,-0.82561010,0.35415548,-0.93510693,-0.01221035,1.81174183,0.93515831,0.35401300,0.01240617,-1.11852336
6,1597161615401619100,1597161615401551100,-0.00704759,-0.01625481,0.99984318,-0.82553017,0.35410103,-0.93512094,-0.01270664,1.81178761,0.93518078,0.35395592,0.01234627,-1.11667371
6,1597161615410388500,1597161615410320300,-0.00732756,-0.01596729,0.99984574,-0.82561052,0.35436046,-0.93502760,-0.01233517,1.81181014,0.93508023,0.35421541,0.01250967,-1.11459374
6,1597161615419664500,1597161615419445800,-0.00694004,-0.01643616,0.99984097,-0.82568133,0.35416338,-0.93509448,-0.01291350,1.81195223,0.93515790,0.35401741,0.01231077,-1.11240411
6,1597161615428408800,1597161615428311800,-0.00721738,-0.01650837,0.99983782,-0.82579035,0.35415685,-0.93509734,-0.01288295,1.81176114,0.93515825,0.35400644,0.01259556,-1.10989058
6,1597161615437469200,1597161615437307400,-0.00705415,-0.01658127,0.99983776,-0.82580459,0.35403728,-0.93514085,-0.01301048,1.81203997,0.93520474,0.35388806,0.01246706,-1.10725629
6,1597161615446342000,1597161615446257300,-0.00750232,-0.01625872,0.99983978,-0.82546532,0.35426635,-0.93506044,-0.01254707,1.81196356,0.93511456,0.35411546,0.01277512,-1.10420084
6,1597161615455342900,1597161615455317700,-0.00684568,-0.01647373,0.99984103,-0.82536668,0.35406837,-0.93512946,-0.01298328,1.81172633,0.93519461,0.35392317,0.01223448,-1.10137200
6,1597161615464497400,1597161615464292200,-0.00672743,-0.01664466,0.99983895,-0.82549173,0.35385221,-0.93520844,-0.01318782,1.81189013,0.93527722,0.35370648,0.01218134,-1.09827638
6,1597161615473403400,1597161615473352400,-0.00682101,-0.01692580,0.99983358,-0.82527983,0.35380924,-0.93522143,-0.01341825,1.81179845,0.93529284,0.35365880,0.01236773,-1.09546483
6,1597161615482291400,1597161615482204500,-0.00679898,-0.01683593,0.99983531,-0.82584709,0.35385847,-0.93520391,-0.01334132,1.81202805,0.93527436,0.35370946,0.01231608,-1.09204102
6,1597161615491411200,1597161615491302100,-0.00669596,-0.01663278,0.99983937,-0.82552099,0.35393646,-0.93517655,-0.01318675,1.81203032,0.93524557,0.35379130,0.01214889,-1.08883214
6,1597161615500256600,1597161615500207100,-0.00706488,-0.01643485,0.99984008,-0.82557929,0.35393068,-0.93518317,-0.01287116,1.81193566,0.93524510,0.35378313,0.01242381,-1.08549893
6,1597161615509264500,1597161615509241300,-0.00717202,-0.01642236,0.99983954,-0.82562876,0.35412991,-0.93510848,-0.01281891,1.81203878,0.93516886,0.35398114,0.01252234,-1.08161271
6,1597161615518148600,1597161615518081500,-0.00671291,-0.01647313,0.99984193,-0.82574773,0.35386601,-0.93520540,-0.01303234,1.81219113,0.93527216,0.35372257,0.01210728,-1.07800639
6,1597161615527153500,1597161615527095900,-0.00690883,-0.01674750,0.99983603,-0.82590973,0.35414752,-0.93509626,-0.01321594,1.81227279,0.93516421,0.35399812,0.01239157,-1.07469392
6,1597161615536078200,1597161615535989900,-0.00682071,-0.01633927,0.99984336,-0.82631129,0.35402477,-0.93514758,-0.01286695,1.81283772,0.93521118,0.35388154,0.01216295,-1.07040632
6,1597161615545332200,1597161615545233500,-0.00678334,-0.01638161,0.99984294,-0.82628036,0.35413930,-0.93510354,-0.01291825,1.81264007,0.93516815,0.35399601,0.01214457,-1.06613636
6,1597161615554056500,1597161615553989400,-0.00708735,-0.01626813,0.99984264,-0.82624573,0.35414091,-0.93510586,-0.01270450,1.81284559,0.93516529,0.35399511,0.01238871,-1.06138659
6,1597161615563101200,1597161615563081800,-0.00678784,-0.01614699,0.99984670,-0.82635868,0.35410929,-0.93511790,-0.01269763,1.81308103,0.93517947,0.35396877,0.01206529,-1.05687571
6,1597161615571983200,1597161615571924200,-0.00728545,-0.01599327,0.99984568,-0.82621741,0.35432947,-0.93503886,-0.01237478,1.81303883,0.93509233,0.35418460,0.01247913,-1.05202115
6,1597161615581026400,1597161615580941400,-0.00725636,-0.01644281,0.99983859,-0.82633638,0.35419753,-0.93508297,-0.01280725,1.81264341,0.93514258,0.35404742,0.01260939,-1.04775095
6,1597161615590028700,1597161615589982800,-0.00690317,-0.01653206,0.99983966,-0.82643884,0.35441265,-0.93499863,-0.01301295,1.81267226,0.93506372,0.35426593,0.01231369,-1.04276860
6,1597161615598921500,1597161615598833100,-0.00707182,-0.01627403,0.99984270,-0.82645375,0.35432866,-0.93503463,-0.01271301,1.81287932,0.93509436,0.35418299,0.01237881,-1.03783035
6,1597161615607964200,1597161615607826300,-0.00738108,-0.01654749,0.99983597,-0.82683885,0.35445470,-0.93498486,-0.01285748,1.81240702,0.93504417,0.35430163,0.01276660,-1.03292835
6,1597161615616935600,1597161615616893800,-0.00721633,-0.01633860,0.99984062,-0.82643902,0.35451499,-0.93496388,-0.01271972,1.81240010,0.93502259,0.35436666,0.01253936,-1.02759719
6,1597161615626020400,1597161615625775400,-0.00733694,-0.01641856,0.99983835,-0.82705367,0.35469791,-0.93489408,-0.01274926,1.81253374,0.93495226,0.35454705,0.01268297,-1.02264392
6,1597161615634936600,1597161615634823800,-0.00736117,-0.01610203,0.99984342,-0.82722694,0.35483095,-0.93484771,-0.01244292,1.81279874,0.93490160,0.35468376,0.01259512,-1.01677048
6,1597161615643775000,1597161615643746200,-0.00820076,-0.01629537,0.99983376,-0.82733256,0.35470474,-0.93489718,-0.01232768,1.81249034,0.93494248,0.35454464,0.01344696,-1.01066208
6,1597161615652812700,1597161615652732200,-0.00752693,-0.01649196,0.99983585,-0.82688111,0.35500741,-0.93477666,-0.01274627,1.81242442,0.93483323,0.35485315,0.01289082,-1.00430071
6,1597161615661750500,1597161615661638200,-0.00749731,-0.01646800,0.99983644,-0.82761467,0.35505381,-0.93475920,-0.01273374,1.81298709,0.93481588,0.35490021,0.01285526,-0.99893165
6,1597161615670826100,1597161615670750400,-0.00746682,-0.01635747,0.99983841,-0.82753283,0.35514849,-0.93472451,-0.01263994,1.81244993,0.93478012,0.35499674,0.01278880,-0.99273002
6,1597161615679686600,1597161615679610700,-0.00728095,-0.01620187,0.99984241,-0.82777679,0.35533488,-0.93465477,-0.01255795,1.81233978,0.93471080,0.35518742,0.01256233,-0.98622096
6,1597161615688671200,1597161615688580600,-0.00701785,-0.01650378,0.99983931,-0.82775366,0.35519448,-0.93470299,-0.01293549,1.81227112,0.93476617,0.35504660,0.01242170,-0.97965980
6,1597161615697575800,1597161615697515400,-0.00735506,-0.01591870,0.99984634,-0.82798898,0.35559234,-0.93456078,-0.01226347,1.81259656,0.93461227,0.35544747,0.01253435,-0.97390711
6,1597161615706758300,1597161615706689400,-0.00763544,-0.01572330,0.99984729,-0.82836878,0.35584044,-0.93447006,-0.01197778,1.81257582,0.93451560,0.35569465,0.01273012,-0.96679103
6,1597161615715710400,1597161615715671100,-0.00737816,-0.01546799,0.99985325,-0.82841682,0.35585323,-0.93446702,-0.01183051,1.81253624,0.93451285,0.35571370,0.01239902,-0.95973468
6,1597161615724730300,1597161615724681400,-0.00686568,-0.01584592,0.99985099,-0.82912320,0.35596365,-0.93441808,-0.01236460,1.81370819,0.93447471,0.35582572,0.01205605,-0.95361257
6,1597161615733565500,1597161615733460600,-0.00786749,-0.01581120,0.99984413,-0.82919955,0.35625651,-0.93431157,-0.01197159,1.81381035,0.93435514,0.35610679,0.01298356,-0.94548547
6,1597161615742738000,1597161615742639600,-0.00678253,-0.01514882,0.99986237,-0.82871222,0.35655490,-0.93420076,-0.01173530,1.81361914,0.93424988,0.35642621,0.01173770,-0.93769145
6,1597161615751588100,1597161615751538800,-0.00761467,-0.01567134,0.99984831,-0.82864058,0.35662583,-0.93417126,-0.01192592,1.81381941,0.93421638,0.35648090,0.01270232,-0.92987812
6,1597161615760687000,1597161615760564800,-0.00665537,-0.01516014,0.99986303,-0.82896447,0.35719556,-0.93395537,-0.01178323,1.81440187,0.93400604,0.35706818,0.01163098,-0.92313612
6,1597161615769525000,1597161615769458300,-0.00661001,-0.01540275,0.99985963,-0.82959408,0.35717380,-0.93396062,-0.01202633,1.81452131,0.93401462,0.35704416,0.01167497,-0.91596889
6,1597161615778484400,1597161615778436500,-0.00753334,-0.01536343,0.99985373,-0.82971954,0.35752922,-0.93382931,-0.01165512,1.81369328,0.93387163,0.35738909,0.01252779,-0.90846038
6,1597161615787472400,1597161615787416800,-0.00661117,-0.01553535,0.99985754,-0.82968342,0.35748786,-0.93383890,-0.01214583,1.81388140,0.93389452,0.35735661,0.01172751,-0.90072525
6,1597161615796451100,1597161615796405100,-0.00748685,-0.01513292,0.99985760,-0.83014631,0.35799345,-0.93365395,-0.01145027,1.81412244,0.93369418,0.35785675,0.01240769,-0.89352655
6,1597161615805386000,1597161615805294300,-0.00677195,-0.01553850,0.99985647,-0.83059168,0.35772806,-0.93374765,-0.01208823,1.81435061,0.93380135,0.35759485,0.01188189,-0.88566422
6,1597161615814487900,1597161615814297500,-0.00754195,-0.01541053,0.99985290,-0.83117199,0.35807031,-0.93362153,-0.01168876,1.81386459,0.93366420,0.35792947,0.01255944,-0.87780905
6,1597161615823498000,1597161615823452800,-0.00724211,-0.01572406,0.99985027,-0.83117056,0.35815832,-0.93358266,-0.01208769,1.81424224,0.93363285,0.35801715,0.01239285,-0.86867452
6,1597161615832512700,1597161615832367400,-0.00740680,-0.01541454,0.99985385,-0.83190060,0.35813871,-0.93359464,-0.01173997,1.81432343,0.93363917,0.35799941,0.01243559,-0.86022866
6,1597161615841407000,1597161615841259600,-0.00745726,-0.01553942,0.99985158,-0.83157820,0.35838604,-0.93349856,-0.01183519,1.81441259,0.93354380,0.35824454,0.01253051,-0.85131180
6,1597161615850269800,1597161615850248200,-0.00726008,-0.01597346,0.99984622,-0.83131242,0.35822928,-0.93355250,-0.01231318,1.81435847,0.93360549,0.35808477,0.01249990,-0.84237647
6,1597161615859307700,1597161615859251100,-0.00487068,-0.01455477,0.99988234,-0.83210802,0.35801867,-0.93363935,-0.01184649,1.81475651,0.93370181,0.35791880,0.00975838,-0.83368063
6,1597161615868299400,1597161615868213500,-0.00398037,-0.01405233,0.99989343,-0.83339369,0.35801390,-0.93364310,-0.01169607,1.81536388,0.93370783,0.35792917,0.00874725,-0.82529831
6,1597161615877149000,1597161615877052100,-0.00488541,-0.01425785,0.99988651,-0.83379352,0.35809171,-0.93361491,-0.01156321,1.81464899,0.93367368,0.35799456,0.00966677,-0.81602621
6,1597161615886247000,1597161615886176900,-0.00662592,-0.01571678,0.99985468,-0.83307141,0.35837451,-0.93349695,-0.01229877,1.81494951,0.93355453,0.35824090,0.01181781,-0.80371428
6,1597161615895144500,1597161615894997900,-0.00684682,-0.01470701,0.99986851,-0.83506078,0.35910514,-0.93322915,-0.01126778,1.81491923,0.93327206,0.35898077,0.01167104,-0.79525173
6,1597161615904074200,1597161615904009700,-0.00778458,-0.01613870,0.99983954,-0.83476365,0.35931870,-0.93313438,-0.01226438,1.81460547,0.93318254,0.35916561,0.01306307,-0.78495395
6,1597161615913239800,1597161615913143000,-0.00788012,-0.01558927,0.99984753,-0.83557689,0.35911471,-0.93321991,-0.01172013,1.81377137,0.93326026,0.35896757,0.01295227,-0.77493560
6,1597161615922032900,1597161615922000100,-0.00723428,-0.01597592,0.99984634,-0.83422488,0.35916668,-0.93319231,-0.01231217,1.81332397,0.93324554,0.35902238,0.01248902,-0.76547492
6,1597161615930994900,1597161615930956300,-0.00758266,-0.01579694,0.99984658,-0.83537388,0.36001351,-0.93286985,-0.01200845,1.81374621,0.93291634,0.35986722,0.01276082,-0.75569654
6,1597161615940076100,1597161615939981400,-0.00727704,-0.01575531,0.99984950,-0.83482146,0.35995945,-0.93288982,-0.01208033,1.81413388,0.93293965,0.35981739,0.01246002,-0.74413598
6,1597161615948962700,1597161615948879800,-0.00513047,-0.01525109,0.99987066,-0.83342344,0.35916194,-0.93319309,-0.01239113,1.81332278,0.93326128,0.35905191,0.01026538,-0.73429823
6,1597161615958019400,1597161615957933000,-0.00573182,-0.01512551,0.99986935,-0.83405823,0.35960761,-0.93302584,-0.01205284,1.81477880,0.93308610,0.35949153,0.01078725,-0.72481012
6,1597161615966961100,1597161615966933900,-0.00524858,-0.01536104,0.99986833,-0.83351463,0.35962445,-0.93301421,-0.01244619,1.81477118,0.93308252,0.35951176,0.01042128,-0.71174395
6,1597161615975958900,1597161615975889200,-0.00710702,-0.01683120,0.99983317,-0.83379149,0.35946149,-0.93306732,-0.01315214,1.81466198,0.93313295,0.35930803,0.01268154,-0.70205128
6,1597161615984815900,1597161615984794300,-0.00625888,-0.01603058,0.99985206,-0.83249199,0.35940409,-0.93309551,-0.01271046,1.81497788,0.93316120,0.35927132,0.01160169,-0.69005084
6,1597161615993924000,1597161615993858300,-0.00661972,-0.01701984,0.99983335,-0.83313859,0.35969430,-0.93297261,-0.01350019,1.81505561,0.93304682,0.35954499,0.01229802,-0.68061137
6,1597161616002880900,1597161616002855000,-0.00527889,-0.01592863,0.99985933,-0.83562493,0.35974553,-0.93296045,-0.01296353,1.81542027,0.93303561,0.35962650,0.01065537,-0.66966391
6,1597161616011892700,1597161616011825400,-0.00612932,-0.01648200,0.99984550,-0.83677626,0.35935944,-0.93310624,-0.01317885,1.81485236,0.93317920,0.35922316,0.01164231,-0.65884721
6,1597161616020787100,1597161616020685300,-0.00372964,-0.01536827,0.99987507,-0.83638299,0.35920691,-0.93316746,-0.01300309,1.81457615,0.93325061,0.35911351,0.00900084,-0.64749205
6,1597161616029985300,1597161616029844500,-0.00370756,-0.01513159,0.99987876,-0.83889294,0.35983738,-0.93292749,-0.01278412,1.81498384,0.93300772,0.35974637,0.00890386,-0.63668740
6,1597161616038881500,1597161616038798600,-0.00511280,-0.01561509,0.99986511,-0.84173167,0.35960287,-0.93301862,-0.01273229,1.81445062,0.93309152,0.35948923,0.01038563,-0.62619567
6,1597161616047802800,1597161616047729100,-0.00453293,-0.01558726,0.99986833,-0.84120798,0.35956430,-0.93303102,-0.01291521,1.81534517,0.93310940,0.35945839,0.00983405,-0.61488497
6,1597161616057009000,1597161616056905300,-0.00435257,-0.01546310,0.99987102,-0.84173721,0.35953695,-0.93304223,-0.01286446,1.81528437,0.93312079,0.35943457,0.00962076,-0.60347486
6,1597161616065776700,1597161616065747100,-0.00409296,-0.01650821,0.99985546,-0.83937240,0.35975367,-0.93294340,-0.01393078,1.81525183,0.93303835,0.35964465,0.00975746,-0.59212136
6,1597161616074607500,1597161616074543100,-0.00410026,-0.01585488,0.99986601,-0.83844948,0.35991073,-0.93289179,-0.01331693,1.81535578,0.93297780,0.35980791,0.00953150,-0.57997155
6,1597161616083814400,1597161616083752300,-0.00738952,-0.01849377,0.99980175,-0.84000129,0.35984227,-0.93289906,-0.01459665,1.81627226,0.93298393,0.35966307,0.01354855,-0.56616759
6,1597161616092610800,1597161616092518500,-0.00633296,-0.01741508,0.99982846,-0.83810103,0.35997325,-0.93285811,-0.01396847,1.81644332,0.93294126,0.35982299,0.01217678,-0.55321205
6,1597161616101808100,1597161616101650600,-0.00300521,-0.01761042,0.99984050,-0.84110963,0.35824135,-0.93350261,-0.01536522,1.81619072,0.93362427,0.35813802,0.00911418,-0.54313815
6,1597161616110624800,1597161616110463000,-0.00505814,-0.01878634,0.99981081,-0.84146023,0.35806629,-0.93356371,-0.01573006,1.81679201,0.93368256,0.35791898,0.01144889,-0.53052163
6,1597161616119666800,1597161616119567600,-0.00362784,-0.01961766,0.99980116,-0.84100270,0.35689941,-0.93398762,-0.01703127,1.81650543,0.93413591,0.35676661,0.01038998,-0.51583087
6,1597161616128817300,1597161616128746600,-0.00203237,-0.01820840,0.99983227,-0.84472203,0.35657817,-0.93412358,-0.01628693,1.81455159,0.93426335,0.35648522,0.00839126,-0.50517201
6,1597161616137513600,1597161616137495700,-0.00490233,-0.01926777,0.99980247,-0.84443569,0.35636720,-0.93420464,-0.01625619,1.81337261,0.93433321,0.35621709,0.01144630,-0.49732041
6,1597161616146472200,1597161616146392100,-0.00652999,-0.02049483,0.99976879,-0.83803129,0.35637891,-0.93419015,-0.01682279,1.81728578,0.93431878,0.35618663,0.01340425,-0.47688127
6,1597161617295360700,1597161617295310500,0.00285718,-0.03029591,0.99953699,-0.81748486,0.38211116,-0.92365843,-0.02908832,1.82432044,0.92411202,0.38201737,0.00893736,0.93621635
6,1597161617304262500,1597161617304238200,0.00222543,-0.02974333,0.99955517,-0.81433189,0.38196763,-0.92374116,-0.02833777,1.82404852,0.92417306,0.38186079,0.00930530,0.94316649
6,1597161617313398600,1597161617313249500,0.00336781,-0.02974293,0.99955201,-0.81098115,0.38207468,-0.92368340,-0.02877269,1.82402813,0.92412531,0.38200045,0.00825322,0.94950819
6,1597161617322297800,1597161617322253200,-0.15598938,-0.15690976,0.97521627,-0.80956542,0.36191714,-0.92772090,-0.09137791,1.82221615,0.91906661,0.33869350,0.20150286,0.95393562
6,1597161617331216200,1597161617331177600,-0.15339717,-0.15556517,0.97584271,-0.79161304,0.35235175,-0.93122882,-0.09306522,1.82744324,0.92321056,0.32956395,0.19766152,0.96634293
6,1597161617340330100,1597161617340248100,-0.15362176,-0.15597922,0.97574121,-0.78867292,0.35261807,-0.93110186,-0.09332670,1.82776523,0.92307144,0.32972699,0.19803861,0.97220206
6,1597161617349344100,1597161617349303000,-0.15538308,-0.14996368,0.97640526,-0.78423953,0.34897894,-0.93301195,-0.08776324,1.82717669,0.92415911,0.32710791,0.19730848,0.97361612
6,1597161617358268600,1597161617358229200,-0.15634283,-0.15005428,0.97623813,-0.77095848,0.34774873,-0.93346876,-0.08778898,1.82697105,0.92446089,0.32576036,0.19812232,0.98292780
6,1597161617367239000,1597161617367153200,-0.15502989,-0.14950447,0.97653180,-0.76689404,0.34748077,-0.93357098,-0.08776275,1.82706165,0.92478269,0.32572019,0.19668141,0.98775649
6,1597161617376039000,1597161617376002000,-0.15530196,-0.14954069,0.97648299,-0.76245117,0.34752136,-0.93356204,-0.08769712,1.82707620,0.92472178,0.32572919,0.19695258,0.99229717
6,1597161617385049200,1597161617385018000,-0.16304201,-0.14299460,0.97620183,-0.75772083,0.34798199,-0.93419021,-0.07872191,1.82678246,0.92321503,0.32686567,0.20207185,0.99358273
6,1597161617394147700,1597161617394039000,-0.16352570,-0.14363350,0.97602713,-0.73711413,0.34775090,-0.93423414,-0.07922027,1.82814741,0.92321658,0.32645977,0.20271993,1.00359869
6,1597161617403140300,1597161617402985600,-0.16363087,-0.14394514,0.97596359,-0.73053730,0.34775400,-0.93421072,-0.07948228,1.82821524,0.92319679,0.32638949,0.20292318,1.00710082
6,1597161617412197900,1597161617412076900,-0.16334593,-0.14364386,0.97605574,-0.72347611,0.34772325,-0.93423796,-0.07929708,1.82845092,0.92325878,0.32644439,0.20255229,1.01025200
6,1597161617421116300,1597161617421082300,-0.16259396,-0.14376152,0.97616386,-0.71578974,0.34684396,-0.93451715,-0.07985633,1.82870626,0.92372215,0.32559240,0.20180964,1.01264834
6,1597161617430282900,1597161617430165100,-0.15896234,-0.14655140,0.97634721,-0.70275748,0.34676424,-0.93420422,-0.08376782,1.82894170,0.92438394,0.32524636,0.19932210,1.01698637
6,1597161617439077400,1597161617438937600,-0.15873575,-0.14643368,0.97640169,-0.69463497,0.34689876,-0.93416011,-0.08370250,1.82917678,0.92437238,0.32542598,0.19908229,1.01900887
6,1597161617447949900,1597161617447905700,-0.15489978,-0.14919460,0.97659981,-0.68564188,0.34446988,-0.93464983,-0.08814911,1.82936168,0.92593020,0.32275495,0.19617003,1.02013373
6,1597161617456988900,1597161617456810900,-0.15494049,-0.14899869,0.97662330,-0.67672360,0.34453490,-0.93464607,-0.08793426,1.82973170,0.92589915,0.32285622,0.19614974,1.02115393
6,1597161617465931800,1597161617465848800,-0.15428442,-0.14818528,0.97685087,-0.65788263,0.34395599,-0.93490028,-0.08749688,1.83206987,0.92622387,0.32249430,0.19520983,1.02513123
6,1597161617474896300,1597161617474820900,-0.15430853,-0.14818487,0.97684705,-0.64825940,0.34407666,-0.93485904,-0.08746301,1.83251929,0.92617512,0.32261401,0.19524372,1.02526593
6,1597161617483904900,1597161617483862100,-0.15962750,-0.14514077,0.97644937,-0.64270371,0.34428921,-0.93521178,-0.08272760,1.83244348,0.92519414,0.32297537,0.19925588,1.02403784
6,1597161617492774400,1597161617492660100,-0.16036144,-0.14533773,0.97629982,-0.62801152,0.34460688,-0.93510586,-0.08260220,1.83332539,0.92494893,0.32319340,0.20003933,1.02685380
6,1597161617501734900,1597161617501667500,-0.15796173,-0.14546475,0.97667205,-0.61797547,0.34406012,-0.93521464,-0.08364367,1.83384407,0.92556518,0.32282141,0.19777673,1.02542877
6,1597161617510794700,1597161617510679500,-0.16001812,-0.14575472,0.97629398,-0.60844094,0.34464443,-0.93504715,-0.08310836,1.83433390,0.92499435,0.32317543,0.19985807,1.02425671
6,1597161617520041100,1597161617519857700,-0.15775380,-0.14314410,0.97704846,-0.62740427,0.33823451,-0.93741864,-0.08272687,1.82940757,0.92774528,0.31742102,0.19629768,1.01143765
6,1597161617528642100,1597161617528567800,-0.16568786,-0.13702366,0.97661263,-0.62303054,0.34255368,-0.93663454,-0.07329838,1.82813358,0.92477280,0.32239759,0.20212692,1.00717258
6,1597161617537900100,1597161617537874100,-0.16639328,-0.13658026,0.97655475,-0.61517882,0.34255990,-0.93668389,-0.07263581,1.82830119,0.92464375,0.32244241,0.20264485,1.00415349
6,1597161617546559900,1597161617546535400,-0.16748205,-0.13814336,0.97614872,-0.60787737,0.34306985,-0.93641734,-0.07365866,1.82876039,0.92425811,0.32255071,0.20422593,1.00009060
6,1597161617555683800,1597161617555565900,-0.16488847,-0.13235076,0.97739208,-0.61749828,0.34257406,-0.93694758,-0.06908099,1.82429743,0.92490816,0.32343850,0.19983175,0.98944426
6,1597161617564568000,1597161617564466600,-0.16826725,-0.12320457,0.97801167,-0.60661191,0.34355423,-0.93727994,-0.05896477,1.82507157,0.92393547,0.32607821,0.20004100,0.98575449
6,1597161617573773300,1597161617573681200,-0.16888461,-0.12427931,0.97776926,-0.59978187,0.34381172,-0.93713701,-0.05973007,1.82523525,0.92372704,0.32608104,0.20099673,0.98009801
6,1597161617582554700,1597161617582479000,-0.14906481,-0.12905720,0.98036933,-0.60945636,0.34175321,-0.93707395,-0.07139428,1.82184649,0.92789251,0.32440200,0.18379045,0.97032571
6,1597161617591745300,1597161617591565700,-0.15611887,-0.11749403,0.98072535,-0.59705770,0.34421667,-0.93712932,-0.05747622,1.82305992,0.92581958,0.32860887,0.18674693,0.96776032
6,1597161617600482500,1597161617600375800,-0.15689149,-0.11744892,0.98060745,-0.59127074,0.34452009,-0.93704021,-0.05710959,1.82330251,0.92557609,0.32887894,0.18747717,0.96169209
6,1597161617609654900,1597161617609558600,-0.15644169,-0.11777516,0.98064017,-0.58589518,0.34482363,-0.93690389,-0.05751266,1.82371294,0.92553920,0.32915053,0.18718246,0.95490050
6,1597161617618627000,1597161617618432400,-0.14574024,-0.11904382,0.98213464,-0.59477866,0.34396431,-0.93689907,-0.06251954,1.82022631,0.92760360,0.32870767,0.17749071,0.94440484
6,1597161617627519400,1597161617627418200,-0.15235698,-0.11152675,0.98201287,-0.58524311,0.34581327,-0.93681985,-0.05274209,1.82028830,0.92585135,0.33155748,0.18129846,0.94005394
6,1597161617636457800,1597161617636338700,-0.15210807,-0.11119263,0.98208934,-0.58082378,0.34585252,-0.93681890,-0.05250071,1.82020020,0.92587757,0.33167231,0.18095398,0.93305874
6,1597161617645591200,1597161617645430500,-0.15143961,-0.11141971,0.98216689,-0.57646197,0.34569705,-0.93684953,-0.05297601,1.82019877,0.92604518,0.33150953,0.18039358,0.92563057
6,1597161617654338900,1597161617654223100,-0.14475483,-0.11171705,0.98314059,-0.58163714,0.34542015,-0.93680006,-0.05559256,1.81794572,0.92721689,0.33154932,0.17419568,0.91449213
6,1597161617663166400,1597161617663097200,-0.14759961,-0.10617381,0.98333192,-0.57104838,0.34628278,-0.93684042,-0.04917641,1.81823242,0.92644626,0.33325249,0.17504340,0.91059685
6,1597161617672136600,1597161617672019700,-0.14764318,-0.10622705,0.98331958,-0.56761074,0.34613729,-0.93689084,-0.04923967,1.81792986,0.92649376,0.33309364,0.17509472,0.90270710
6,1597161617681266700,1597161617681066500,-0.14536074,-0.10430310,0.98386550,-0.57366216,0.34574243,-0.93708748,-0.04826244,1.81599975,0.92700195,0.33314860,0.17227772,0.89144564
6,1597161617690136700,1597161617690090500,-0.14534286,-0.10439093,0.98385876,-0.57088262,0.34547228,-0.93717986,-0.04840244,1.81565213,0.92710543,0.33286101,0.17227656,0.88327217
6,1597161617698946600,1597161617698902800,-0.14705694,-0.10112408,0.98394531,-0.56149006,0.34595749,-0.93718892,-0.04461317,1.81607592,0.92665410,0.33384258,0.17280477,0.87773466
6,1597161617707900800,1597161617707816900,-0.14725077,-0.10057494,0.98397261,-0.55865043,0.34604618,-0.93718487,-0.04400705,1.81577134,0.92659020,0.33401987,0.17280477,0.86923504
6,1597161617716909400,1597161617716835100,-0.13962966,-0.10174834,0.98496246,-0.56402302,0.34594548,-0.93703848,-0.04775600,1.81419921,0.92780674,0.33407515,0.16603768,0.85851908
6,1597161617725954000,1597161617725853400,-0.14025587,-0.09796708,0.98525673,-0.55588365,0.34617069,-0.93714368,-0.04390405,1.81500745,0.92762834,0.33490920,0.16535318,0.85312653
6,1597161617734917000,1597161617734853600,-0.14018041,-0.09773485,0.98529059,-0.55383205,0.34632012,-0.93709880,-0.04368246,1.81457078,0.92758393,0.33510253,0.16521043,0.84437370
6,1597161617743896300,1597161617743744800,-0.13999021,-0.09767014,0.98532403,-0.55196929,0.34633878,-0.93709189,-0.04368296,1.81433475,0.92760569,0.33514073,0.16501063,0.83564663
6,1597161617752828700,1597161617752779800,-0.13380748,-0.09860907,0.98608923,-0.55551833,0.34578949,-0.93714464,-0.04679266,1.81321836,0.92872244,0.33471808,0.15949494,0.82495117
6,1597161617761868700,1597161617761801600,-0.13464788,-0.09567932,0.98626345,-0.54866338,0.34622464,-0.93713582,-0.04364566,1.81450427,0.92843878,0.33559194,0.15930986,0.81934476
6,1597161617771049200,1597161617770950200,-0.13430744,-0.09598324,0.98628032,-0.54746544,0.34620801,-0.93712288,-0.04405418,1.81427884,0.92849427,0.33554134,0.15909278,0.81010389
6,1597161617779711400,1597161617779629300,-0.13464352,-0.09595058,0.98623770,-0.54643857,0.34631962,-0.93708938,-0.04388860,1.81398988,0.92840403,0.33564416,0.15940252,0.80133462
6,1597161617788809300,1597161617788757600,-0.13004825,-0.09558632,0.98688954,-0.54786026,0.34586626,-0.93719465,-0.04519625,1.81314826,0.92922765,0.33545411,0.15494061,0.79134607
6,1597161617797704300,1597161617797633800,-0.13263911,-0.09346296,0.98674810,-0.54138637,0.34634748,-0.93715620,-0.04220955,1.81391633,0.92868209,0.33615905,0.15667424,0.78591919
6,1597161617806687200,1597161617806596500,-0.13179544,-0.09285855,0.98691809,-0.54073393,0.34619045,-0.93722582,-0.04195192,1.81370628,0.92886072,0.33613259,0.15566885,0.77665401
6,1597161617815731400,1597161617815656400,-0.13160336,-0.09292091,0.98693788,-0.54000103,0.34614688,-0.93723595,-0.04208444,1.81348181,0.92890418,0.33608702,0.15550771,0.76772428
6,1597161617824774300,1597161617824655300,-0.12764278,-0.09104652,0.98763251,-0.53583491,0.34648949,-0.93713051,-0.04161021,1.81403124,0.92932904,0.33689302,0.15116462,0.76048851
6,1597161617833600100,1597161617833518900,-0.12747702,-0.09124822,0.98763531,-0.53520977,0.34641019,-0.93714821,-0.04187148,1.81402206,0.92938137,0.33678925,0.15107417,0.75149369
6,1597161617842743100,1597161617842661900,-0.12762293,-0.09143902,0.98759890,-0.53470504,0.34659296,-0.93707609,-0.04197263,1.81377852,0.92929316,0.33693811,0.15128452,0.74223304
6,1597161617851530300,1597161617851475200,-0.12137356,-0.09240627,0.98829633,-0.53326035,0.34587610,-0.93719321,-0.04515072,1.81452763,0.93039685,0.33634800,0.14571160,0.73454046
6,1597161617860592500,1597161617860460100,-0.12323767,-0.08917437,0.98836255,-0.53013653,0.34691703,-0.93698686,-0.04128237,1.81454110,0.92976409,0.33779228,0.14640820,0.72703338
6,1597161617869542200,1597161617869472400,-0.12293005,-0.08902764,0.98841411,-0.52967513,0.34667963,-0.93707454,-0.04128654,1.81458211,0.92989331,0.33758768,0.14605868,0.71822500
6,1597161617878596900,1597161617878511800,-0.12279350,-0.08914642,0.98842037,-0.52933407,0.34669802,-0.93706077,-0.04144323,1.81452990,0.92990446,0.33759445,0.14597186,0.70930719
6,1597161617887479100,1597161617887412400,-0.11493862,-0.08998347,0.98928875,-0.52603775,0.34578970,-0.93722880,-0.04507332,1.81526101,0.93124580,0.33690521,0.13883907,0.70221281
6,1597161617896420700,1597161617896380400,-0.11729118,-0.08581448,0.98938298,-0.52367496,0.34663916,-0.93713719,-0.04018892,1.81496108,0.93063641,0.33824506,0.13966456,0.69472814
6,1597161617905564700,1597161617905474900,-0.11710826,-0.08613467,0.98937690,-0.52323020,0.34644586,-0.93719167,-0.04058415,1.81492960,0.93073142,0.33801281,0.13959387,0.68608260
6,1597161617914443400,1597161617914425400,-0.11691573,-0.08604556,0.98940742,-0.52276212,0.34669200,-0.93710303,-0.04052912,1.81495452,0.93066406,0.33828112,0.13939339,0.67723393
6,1597161617923329900,1597161617923288700,-0.10762867,-0.08618585,0.99044847,-0.51826411,0.34596378,-0.93721753,-0.04395916,1.81594348,0.93205428,0.33792803,0.13068864,0.67127466
6,1597161617932538000,1597161617932484400,-0.10963374,-0.08336011,0.99047041,-0.51642358,0.34677440,-0.93707454,-0.04048225,1.81581497,0.93151921,0.33903158,0.13164216,0.66319561
6,1597161617941445500,1597161617941339100,-0.10921100,-0.08266360,0.99057543,-0.51591432,0.34646368,-0.93720967,-0.04001258,1.81577516,0.93168449,0.33882862,0.13099352,0.65501595
