5,1597165482774376200,1597165482774282500,0.99546599,-0.07942528,0.05233800,-0.64401770,-0.05395474,-0.01834655,0.99837488,1.57723665,-0.07833600,-0.99667203,-0.02254867,-1.10114026
5,1597165482783342700,1597165482783237900,0.99544144,-0.07957456,0.05257972,-0.64389992,-0.05413281,-0.01748643,0.99838066,1.57728231,-0.07852629,-0.99667561,-0.02171425,-1.09962320
5,1597165482792261200,1597165482792225100,0.99543673,-0.07944933,0.05285700,-0.64385951,-0.05440443,-0.01743895,0.99836671,1.57715833,-0.07839778,-0.99668652,-0.02168169,-1.09826684
5,1597165482801540200,1597165482801440300,0.99544621,-0.07958964,0.05246596,-0.64394605,-0.05402118,-0.01751361,0.99838620,1.57711506,-0.07854238,-0.99667400,-0.02173332,-1.09687829
5,1597165482810232600,1597165482810068000,0.99544990,-0.07946754,0.05258093,-0.64423591,-0.05414144,-0.01761040,0.99837804,1.57746100,-0.07841268,-0.99668205,-0.02183268,-1.09595633
5,1597165482819221400,1597165482819159700,0.99542671,-0.07956234,0.05287523,-0.64399517,-0.05442306,-0.01741199,0.99836618,1.57708549,-0.07851169,-0.99667799,-0.02166231,-1.09477592
5,1597165482828155900,1597165482828137100,0.99544179,-0.07942665,0.05279567,-0.64397168,-0.05437446,-0.01784642,0.99836117,1.57697248,-0.07835427,-0.99668109,-0.02208378,-1.09356844
5,1597165482837408700,1597165482837220000,0.99544817,-0.07955861,0.05247523,-0.64405829,-0.05401364,-0.01730847,0.99839020,1.57687151,-0.07852226,-0.99668008,-0.02152687,-1.09230077
5,1597165482846203000,1597165482845981100,0.99546027,-0.07956436,0.05223609,-0.64436257,-0.05375036,-0.01700952,0.99840957,1.57704520,-0.07854933,-0.99668473,-0.02120885,-1.09094834
5,1597165482855202200,1597165482855139100,0.99547648,-0.07940304,0.05217312,-0.64420092,-0.05372329,-0.01751214,0.99840230,1.57699180,-0.07836255,-0.99668884,-0.02169864,-1.08922064
5,1597165482864111400,1597165482863969100,0.99545157,-0.07951406,0.05247831,-0.64420056,-0.05405774,-0.01784169,0.99837846,1.57695842,-0.07844880,-0.99667418,-0.02205882,-1.08788610
5,1597165482873488700,1597165482873347100,0.99547064,-0.07953191,0.05208841,-0.64432490,-0.05363395,-0.01742096,0.99840873,1.57705522,-0.07849798,-0.99668020,-0.02160759,-1.08650196
5,1597165482882346700,1597165482882308300,0.99541587,-0.07944131,0.05325949,-0.64413518,-0.05479339,-0.01725401,0.99834865,1.57632995,-0.07839116,-0.99669027,-0.02152770,-1.08469272
5,1597165482891088300,1597165482891025000,0.99546236,-0.07937935,0.05247761,-0.64403903,-0.05400880,-0.01726586,0.99839121,1.57634676,-0.07834557,-0.99669504,-0.02147463,-1.08273029
5,1597165482900118000,1597165482900086000,0.99546397,-0.07942393,0.05238045,-0.64408171,-0.05389154,-0.01700190,0.99840206,1.57632935,-0.07840648,-0.99669600,-0.02120499,-1.08127904
5,1597165482909091600,1597165482909020300,0.99545920,-0.07920626,0.05279720,-0.64405292,-0.05436460,-0.01776345,0.99836320,1.57644105,-0.07813877,-0.99670011,-0.02198873,-1.08047664
5,1597165482918050400,1597165482918030700,0.99545169,-0.07917067,0.05299214,-0.64421248,-0.05457440,-0.01795590,0.99834830,1.57675290,-0.07808837,-0.99669945,-0.02219485,-1.07913113
5,1597165482927019200,1597165482926950800,0.99543995,-0.07932663,0.05298014,-0.64431930,-0.05455172,-0.01777590,0.99835277,1.57684541,-0.07825416,-0.99669027,-0.02202217,-1.07780027
5,1597165482936022100,1597165482935999000,0.99546468,-0.07919377,0.05271402,-0.64433122,-0.05427948,-0.01774537,0.99836814,1.57682300,-0.07812911,-0.99670142,-0.02196342,-1.07648969
5,1597165482945222600,1597165482945171400,0.99545151,-0.07913792,0.05304521,-0.64426190,-0.05461928,-0.01785880,0.99834758,1.57635033,-0.07805982,-0.99670380,-0.02209996,-1.07522321
5,1597165482954059700,1597165482954026000,0.99545288,-0.07908788,0.05309377,-0.64430010,-0.05467304,-0.01793756,0.99834323,1.57633209,-0.07800448,-0.99670643,-0.02217991,-1.07367015
5,1597165482963233800,1597165482963048600,0.99545878,-0.07904080,0.05305304,-0.64437324,-0.05462522,-0.01786187,0.99834716,1.57623506,-0.07796258,-0.99671143,-0.02209831,-1.07235694
5,1597165482972366800,1597165482971824000,0.99546170,-0.07908434,0.05293344,-0.64441895,-0.05450122,-0.01779769,0.99835509,1.57620120,-0.07801217,-0.99670911,-0.02202705,-1.07101345
5,1597165482980896900,1597165482980821900,0.99543774,-0.07917380,0.05324998,-0.64439863,-0.05481729,-0.01775457,0.99833858,1.57673049,-0.07809687,-0.99670279,-0.02201360,-1.06992412
5,1597165482989819300,1597165482989746000,0.99543917,-0.07921866,0.05315557,-0.64441538,-0.05473211,-0.01786310,0.99834132,1.57674122,-0.07813773,-0.99669731,-0.02211737,-1.06858730
5,1597165482999018000,1597165482998909800,0.99545527,-0.07915792,0.05294454,-0.64443284,-0.05450643,-0.01770129,0.99835652,1.57678485,-0.07809067,-0.99670506,-0.02193539,-1.06711197
5,1597165483007835000,1597165483007744500,0.99543798,-0.07918057,0.05323568,-0.64476168,-0.05484353,-0.01827068,0.99832785,1.57695782,-0.07807550,-0.99669296,-0.02252980,-1.06614900
5,1597165483017060900,1597165483017010600,0.99548763,-0.07918727,0.05228819,-0.64457291,-0.05388081,-0.01810956,0.99838316,1.57704139,-0.07811236,-0.99669540,-0.02229445,-1.06439829
5,1597165483025797200,1597165483025697100,0.99549019,-0.07902926,0.05247727,-0.64457047,-0.05404880,-0.01787806,0.99837828,1.57717896,-0.07796291,-0.99671209,-0.02206881,-1.06304908
5,1597165483034881300,1597165483034831100,0.99544775,-0.07911614,0.05314799,-0.64451861,-0.05471431,-0.01776212,0.99834406,1.57712865,-0.07804111,-0.99670732,-0.02200998,-1.06172192
5,1597165483043651100,1597165483043586400,0.99550951,-0.07902679,0.05211351,-0.64484620,-0.05371469,-0.01827141,0.99838918,1.57718754,-0.07794732,-0.99670517,-0.02243420,-1.06068802
5,1597165483052700500,1597165483052667200,0.99549544,-0.07894111,0.05251167,-0.64481157,-0.05410283,-0.01815331,0.99837035,1.57714438,-0.07785919,-0.99671406,-0.02234240,-1.05917490
5,1597165483061568100,1597165483061508000,0.99547064,-0.07903996,0.05283007,-0.64487851,-0.05442058,-0.01810474,0.99835402,1.57725084,-0.07795337,-0.99670714,-0.02232407,-1.05786085
5,1597165483071142900,1597165483070974000,0.99549162,-0.07887298,0.05268592,-0.64479798,-0.05429674,-0.01841844,0.99835497,1.57724690,-0.07777286,-0.99671459,-0.02261788,-1.05648053
5,1597165483079696300,1597165483079631300,0.99551159,-0.07897830,0.05214754,-0.64488161,-0.05377416,-0.01860976,0.99837971,1.57681441,-0.07787991,-0.99670267,-0.02277316,-1.05541384
5,1597165483088713800,1597165483088618900,0.99548793,-0.07875988,0.05292423,-0.64496410,-0.05452364,-0.01829620,0.99834490,1.57680666,-0.07766116,-0.99672580,-0.02250785,-1.05370200
5,1597165483097569300,1597165483097520400,0.99555862,-0.07850927,0.05195828,-0.64500344,-0.05354782,-0.01827765,0.99839801,1.57669652,-0.07743385,-0.99674594,-0.02240041,-1.05232430
5,1597165483106639100,1597165483106586400,0.99551940,-0.07858899,0.05258558,-0.64501786,-0.05419599,-0.01849985,0.99835896,1.57672966,-0.07748720,-0.99673557,-0.02267609,-1.05108154
5,1597165483115564500,1597165483115477500,0.99551517,-0.07855183,0.05271965,-0.64489836,-0.05433727,-0.01859871,0.99834943,1.57676196,-0.07744166,-0.99673665,-0.02278352,-1.04949760
5,1597165483124767600,1597165483124738700,0.99552065,-0.07846245,0.05275096,-0.64491439,-0.05434632,-0.01833715,0.99835378,1.57672763,-0.07736599,-0.99674851,-0.02251908,-1.04809046
5,1597165483133383600,1597165483133343900,0.99549466,-0.07866913,0.05293250,-0.64495295,-0.05453612,-0.01837647,0.99834269,1.57671332,-0.07756603,-0.99673152,-0.02258392,-1.04678428
5,1597165483142609000,1597165483142534800,0.99552190,-0.07844856,0.05274652,-0.64498490,-0.05431521,-0.01799777,0.99836165,1.57658911,-0.07737076,-0.99675584,-0.02217806,-1.04538214
5,1597165483151441700,1597165483151379900,0.99551612,-0.07849556,0.05278611,-0.64478379,-0.05439446,-0.01849358,0.99834830,1.57660341,-0.07738972,-0.99674308,-0.02268032,-1.04393709
5,1597165483160511500,1597165483160458000,0.99553156,-0.07843646,0.05258242,-0.64475971,-0.05417442,-0.01830754,0.99836367,1.57662439,-0.07734549,-0.99675113,-0.02247492,-1.04253578
5,1597165483169301500,1597165483169275200,0.99550110,-0.07849133,0.05307479,-0.64476454,-0.05468975,-0.01856917,0.99833077,1.57653701,-0.07737476,-0.99674201,-0.02277823,-1.04124010
5,1597165483179061900,1597165483178736500,0.99549532,-0.07851988,0.05314080,-0.64472860,-0.05475993,-0.01861207,0.99832612,1.57660687,-0.07739940,-0.99673891,-0.02282791,-1.03931642
5,1597165483187365900,1597165483187315800,0.99552429,-0.07838765,0.05279304,-0.64466983,-0.05431967,-0.01747137,0.99837077,1.57638168,-0.07733756,-0.99677002,-0.02165109,-1.03776002
5,1597165483196382400,1597165483196319200,0.99548715,-0.07855225,0.05324585,-0.64462829,-0.05482965,-0.01814390,0.99833089,1.57639992,-0.07745507,-0.99674499,-0.02236894,-1.03639722
5,1597165483205316100,1597165483205218700,0.99548107,-0.07857418,0.05332691,-0.64498055,-0.05492908,-0.01837100,0.99832129,1.57643342,-0.07746264,-0.99673909,-0.02260392,-1.03519702
5,1597165483214502300,1597165483214465400,0.99547994,-0.07854059,0.05339755,-0.64484203,-0.05498598,-0.01820135,0.99832124,1.57629156,-0.07743683,-0.99674481,-0.02243765,-1.03341448
5,1597165483223385000,1597165483223356000,0.99549991,-0.07851705,0.05305970,-0.64496338,-0.05465670,-0.01833091,0.99833697,1.57619834,-0.07741383,-0.99674433,-0.02253983,-1.03187799
5,1597165483232417000,1597165483232328500,0.99549365,-0.07847190,0.05324354,-0.64488041,-0.05483123,-0.01821761,0.99832946,1.57604814,-0.07737085,-0.99675000,-0.02243816,-1.03039002
5,1597165483241143100,1597165483241104700,0.99548769,-0.07868838,0.05303540,-0.64506334,-0.05461562,-0.01806632,0.99834406,1.57616782,-0.07759994,-0.99673569,-0.02228234,-1.02960062
5,1597165483250448200,1597165483250360900,0.99548000,-0.07862779,0.05326886,-0.64531875,-0.05484890,-0.01807297,0.99833113,1.57639575,-0.07753390,-0.99674028,-0.02230386,-1.02799106
5,1597165483259167800,1597165483259086100,0.99547386,-0.07866672,0.05332584,-0.64537430,-0.05489350,-0.01790050,0.99833179,1.57627583,-0.07758093,-0.99674034,-0.02213771,-1.02655494
5,1597165483268063800,1597165483268029500,0.99549538,-0.07872704,0.05283191,-0.64544177,-0.05443126,-0.01830839,0.99834967,1.57620835,-0.07762986,-0.99672818,-0.02251106,-1.02522171
5,1597165483277027900,1597165483276965700,0.99550712,-0.07853100,0.05290403,-0.64526224,-0.05447948,-0.01805528,0.99835169,1.57640433,-0.07744637,-0.99674827,-0.02225242,-1.02464950
5,1597165483285995700,1597165483285957300,0.99545658,-0.07880044,0.05345039,-0.64527428,-0.05502976,-0.01800801,0.99832237,1.57654071,-0.07770571,-0.99672782,-0.02226249,-1.02306676
5,1597165483295035300,1597165483295003900,0.99547708,-0.07854176,0.05344856,-0.64525896,-0.05502177,-0.01800328,0.99832284,1.57649446,-0.07744780,-0.99674833,-0.02224329,-1.02181685
5,1597165483303965100,1597165483303909400,0.99548650,-0.07872066,0.05300812,-0.64528006,-0.05462357,-0.01851045,0.99833548,1.57646942,-0.07760847,-0.99672496,-0.02272684,-1.02058828
5,1597165483312970800,1597165483312861800,0.99549854,-0.07847524,0.05314741,-0.64520991,-0.05472456,-0.01808430,0.99833775,1.57665825,-0.07738364,-0.99675214,-0.02229734,-1.01912141
5,1597165483322175500,1597165483322139300,0.99548709,-0.07853207,0.05327695,-0.64520216,-0.05487267,-0.01830213,0.99832565,1.57664108,-0.07742548,-0.99674368,-0.02252872,-1.01774335
5,1597165483330984000,1597165483330874900,0.99546319,-0.07864141,0.05356159,-0.64514190,-0.05513825,-0.01801477,0.99831623,1.57663298,-0.07754409,-0.99674034,-0.02226912,-1.01650298
5,1597165483339908400,1597165483339846900,0.99549425,-0.07854638,0.05312231,-0.64514720,-0.05473791,-0.01855960,0.99832827,1.57655549,-0.07742912,-0.99673784,-0.02277537,-1.01517248
5,1597165483348864700,1597165483348814200,0.99547535,-0.07859406,0.05340463,-0.64552259,-0.05501448,-0.01846117,0.99831492,1.57708812,-0.07747576,-0.99673587,-0.02270138,-1.01439250
5,1597165483357822400,1597165483357763800,0.99546850,-0.07855970,0.05358336,-0.64545059,-0.05516821,-0.01814292,0.99831223,1.57709360,-0.07745495,-0.99674439,-0.02239463,-1.01250219
5,1597165483366731600,1597165483366691200,0.99550295,-0.07849541,0.05303443,-0.64542556,-0.05461601,-0.01813966,0.99834269,1.57708716,-0.07740331,-0.99674952,-0.02234512,-1.01121151
5,1597165483375849400,1597165483375709200,0.99549186,-0.07855779,0.05315038,-0.64601105,-0.05468880,-0.01756206,0.99834901,1.57688522,-0.07749465,-0.99675500,-0.02177905,-1.01020718
5,1597165483384839400,1597165483384747100,0.99547362,-0.07864785,0.05335780,-0.64584845,-0.05494471,-0.01815225,0.99832439,1.57652795,-0.07754746,-0.99673730,-0.02239130,-1.00815463
5,1597165483393730800,1597165483393669800,0.99550146,-0.07847291,0.05309557,-0.64588600,-0.05466775,-0.01802281,0.99834198,1.57635760,-0.07738587,-0.99675345,-0.02223160,-1.00671315
5,1597165483402779700,1597165483402679100,0.99550283,-0.07859039,0.05289607,-0.64597821,-0.05442504,-0.01744087,0.99836558,1.57617307,-0.07753938,-0.99675453,-0.02163966,-1.00516045
5,1597165483411875800,1597165483411797600,0.99547869,-0.07847974,0.05351023,-0.64575994,-0.05506551,-0.01778783,0.99832433,1.57620311,-0.07739639,-0.99675715,-0.02202886,-1.00387323
5,1597165483420736500,1597165483420683200,0.99546874,-0.07862696,0.05348017,-0.64554673,-0.05502065,-0.01755690,0.99833089,1.57617140,-0.07755676,-0.99674958,-0.02180338,-1.00190175
5,1597165483429733100,1597165483429620700,0.99547958,-0.07860351,0.05331204,-0.64550459,-0.05482702,-0.01724189,0.99834704,1.57602334,-0.07755435,-0.99675703,-0.02147347,-1.00039887
5,1597165483438760000,1597165483438678200,0.99546385,-0.07865065,0.05353653,-0.64553636,-0.05506750,-0.01742592,0.99833059,1.57592177,-0.07758647,-0.99675006,-0.02167790,-0.99888480
5,1597165483447759900,1597165483447663200,0.99543530,-0.07877612,0.05388150,-0.64558291,-0.05542883,-0.01758798,0.99830776,1.57630515,-0.07769519,-0.99673724,-0.02187409,-0.99758410
5,1597165483456683900,1597165483456646100,0.99547750,-0.07856938,0.05340147,-0.64554793,-0.05487555,-0.01672219,0.99835318,1.57603765,-0.07754701,-0.99676847,-0.02095804,-0.99596405
5,1597165483466411600,1597165483466237200,0.99544978,-0.07871303,0.05370517,-0.64552963,-0.05522208,-0.01722166,0.99832559,1.57584476,-0.07765636,-0.99674869,-0.02148993,-0.99432337
5,1597165483475613300,1597165483475552600,0.99544281,-0.07866156,0.05390968,-0.64550138,-0.05541144,-0.01703383,0.99831831,1.57569265,-0.07761103,-0.99675596,-0.02131488,-0.99266779
5,1597165483484606700,1597165483484515600,0.99540305,-0.07877392,0.05447735,-0.64547098,-0.05599426,-0.01717627,0.99828339,1.57693315,-0.07770300,-0.99674469,-0.02150813,-0.99255490
5,1597165483493771200,1597165483493745900,0.99542844,-0.07867259,0.05415829,-0.64540786,-0.05567197,-0.01717467,0.99830145,1.57694602,-0.07760879,-0.99675262,-0.02147594,-0.99123681
5,1597165483502477100,1597165483502336000,0.99543393,-0.07869649,0.05402338,-0.64535356,-0.05550533,-0.01676581,0.99831766,1.57695198,-0.07765833,-0.99675775,-0.02105726,-0.98992586
5,1597165483511605900,1597165483511557600,0.99542797,-0.07865149,0.05419726,-0.64564151,-0.05570101,-0.01705156,0.99830192,1.57675862,-0.07759377,-0.99675643,-0.02135450,-0.98846662
5,1597165483520534600,1597165483520454600,0.99543703,-0.07865173,0.05403110,-0.64556438,-0.05550350,-0.01665496,0.99831963,1.57670259,-0.07761967,-0.99676311,-0.02094435,-0.98711610
5,1597165483529513900,1597165483529457000,0.99543375,-0.07862049,0.05413594,-0.64550871,-0.05560511,-0.01661805,0.99831456,1.57670796,-0.07758835,-0.99676621,-0.02091380,-0.98570573
5,1597165483538415500,1597165483538347900,0.99546546,-0.07846183,0.05378281,-0.64605004,-0.05524157,-0.01654010,0.99833608,1.57701802,-0.07744172,-0.99678004,-0.02079939,-0.98478866
5,1597165483547576800,1597165483547493100,0.99544525,-0.07868615,0.05382917,-0.64595872,-0.05529417,-0.01655829,0.99833286,1.57681513,-0.07766366,-0.99676204,-0.02083369,-0.98334539
5,1597165483556375200,1597165483556315900,0.99543917,-0.07869875,0.05392241,-0.64591491,-0.05540926,-0.01683178,0.99832189,1.57668304,-0.07765910,-0.99675649,-0.02111558,-0.98199427
5,1597165483565458000,1597165483565420200,0.99544090,-0.07872868,0.05384701,-0.64592481,-0.05532814,-0.01675305,0.99832773,1.57662678,-0.07769492,-0.99675542,-0.02103251,-0.98057747
5,1597165483574321100,1597165483574276400,0.99544054,-0.07870018,0.05389561,-0.64588195,-0.05538844,-0.01690910,0.99832171,1.57655740,-0.07765678,-0.99675500,-0.02119101,-0.97920752
5,1597165483583254700,1597165483582952100,0.99543160,-0.07870150,0.05405870,-0.64613986,-0.05555366,-0.01693016,0.99831218,1.57683527,-0.07765347,-0.99675459,-0.02122490,-0.97804964
5,1597165483591910800,1597165483591823900,0.99544871,-0.07866251,0.05379857,-0.64616370,-0.05525774,-0.01649094,0.99833596,1.57677031,-0.07764441,-0.99676502,-0.02076253,-0.97664952
5,1597165483600991600,1597165483600938300,0.99541795,-0.07877129,0.05420747,-0.64616054,-0.05570198,-0.01689966,0.99830443,1.57665646,-0.07772163,-0.99674958,-0.02120988,-0.97524893
5,1597165483609844100,1597165483609812500,0.99543238,-0.07878384,0.05392414,-0.64617467,-0.05539624,-0.01661942,0.99832618,1.57657945,-0.07775581,-0.99675333,-0.02090777,-0.97392309
5,1597165483618910300,1597165483618843400,0.99543452,-0.07875913,0.05392047,-0.64644009,-0.05540558,-0.01679307,0.99832273,1.57702565,-0.07772157,-0.99675232,-0.02108003,-0.97256970
5,1597165483627837200,1597165483627776900,0.99543715,-0.07876489,0.05386360,-0.64645278,-0.05534337,-0.01672522,0.99832731,1.57698655,-0.07773226,-0.99675304,-0.02100795,-0.97119677
5,1597165483636887100,1597165483636791500,0.99544036,-0.07875830,0.05381414,-0.64651793,-0.05528735,-0.01664461,0.99833179,1.57693017,-0.07773125,-0.99675488,-0.02092299,-0.96974003
5,1597165483645729400,1597165483645627800,0.99544048,-0.07877874,0.05378060,-0.64650136,-0.05527814,-0.01695236,0.99832714,1.57677650,-0.07773530,-0.99674809,-0.02122974,-0.96834767
5,1597165483654787900,1597165483654727900,0.99544144,-0.07877758,0.05376497,-0.64661086,-0.05523811,-0.01664038,0.99833459,1.57695425,-0.07775170,-0.99675345,-0.02091598,-0.96697032
5,1597165483663786000,1597165483663687900,0.99542207,-0.07887155,0.05398516,-0.64661807,-0.05545647,-0.01658347,0.99832344,1.57690442,-0.07784408,-0.99674696,-0.02088143,-0.96557879
5,1597165483672730000,1597165483672694000,0.99543875,-0.07882214,0.05375009,-0.64664352,-0.05522287,-0.01662424,0.99833566,1.57680023,-0.07779741,-0.99675018,-0.02090113,-0.96413827
5,1597165483681718200,1597165483681662700,0.99541485,-0.07885528,0.05414248,-0.64648104,-0.05561322,-0.01657460,0.99831486,1.57729423,-0.07782498,-0.99674839,-0.02088393,-0.96296370
5,1597165483690965400,1597165483690855300,0.99544513,-0.07885259,0.05358643,-0.64650029,-0.05505599,-0.01658102,0.99834561,1.57718229,-0.07783362,-0.99674851,-0.02084673,-0.96150744
5,1597165483699633600,1597165483699604200,0.99543893,-0.07887724,0.05366538,-0.64638972,-0.05515293,-0.01680175,0.99833655,1.57709479,-0.07784435,-0.99674284,-0.02107535,-0.96020699
5,1597165483708661400,1597165483708586100,0.99542516,-0.07893792,0.05383113,-0.64667594,-0.05529412,-0.01646497,0.99833441,1.57710075,-0.07792011,-0.99674368,-0.02075438,-0.95910096
5,1597165483717570200,1597165483717521900,0.99543095,-0.07884556,0.05385981,-0.64664561,-0.05533426,-0.01663529,0.99832934,1.57707596,-0.07781786,-0.99674809,-0.02092207,-0.95756948
5,1597165483727024500,1597165483726916300,0.99543643,-0.07886258,0.05373404,-0.64667815,-0.05518960,-0.01639361,0.99834132,1.57700920,-0.07785091,-0.99675077,-0.02067112,-0.95613766
5,1597165483735594100,1597165483735506300,0.99541456,-0.07894322,0.05401930,-0.64668274,-0.05548950,-0.01654863,0.99832213,1.57693708,-0.07791680,-0.99674189,-0.02085319,-0.95473993
5,1597165483744710200,1597165483744588700,0.99542916,-0.07887536,0.05384966,-0.64675719,-0.05531814,-0.01655132,0.99833161,1.57715106,-0.07785249,-0.99674726,-0.02083883,-0.95367134
5,1597165483753683200,1597165483753631900,0.99543875,-0.07889745,0.05363909,-0.64677858,-0.05509653,-0.01641198,0.99834615,1.57715011,-0.07788667,-0.99674773,-0.02068402,-0.95227158
5,1597165483762620000,1597165483762535700,0.99541670,-0.07895121,0.05396794,-0.64672244,-0.05543201,-0.01647014,0.99832666,1.57704306,-0.07793024,-0.99674255,-0.02077101,-0.95092726
5,1597165483771670800,1597165483771629500,0.99544543,-0.07889146,0.05352420,-0.64689988,-0.05497831,-0.01637515,0.99835330,1.57703817,-0.07788512,-0.99674881,-0.02063782,-0.94987476
5,1597165483780668500,1597165483780599700,0.99543470,-0.07891375,0.05369044,-0.64689088,-0.05513841,-0.01628445,0.99834597,1.57688355,-0.07790890,-0.99674857,-0.02056122,-0.94845235
5,1597165483789584000,1597165483789472600,0.99546063,-0.07898986,0.05309455,-0.64713734,-0.05455941,-0.01650248,0.99837416,1.57712853,-0.07798523,-0.99673891,-0.02073714,-0.94669628
5,1597165483798546400,1597165483798470200,0.99546307,-0.07887661,0.05321731,-0.64712900,-0.05467139,-0.01639014,0.99836993,1.57703996,-0.07787579,-0.99674976,-0.02062801,-0.94522679
5,1597165483807368100,1597165483807339700,0.99543673,-0.07900548,0.05351774,-0.64727676,-0.05496676,-0.01627997,0.99835551,1.57709241,-0.07800430,-0.99674135,-0.02054829,-0.94427657
5,1597165483816533600,1597165483816484700,0.99545890,-0.07890475,0.05325264,-0.64713848,-0.05468300,-0.01607803,0.99837434,1.57715058,-0.07792026,-0.99675262,-0.02031969,-0.94250882
5,1597165483825435800,1597165483825337800,0.99545437,-0.07895908,0.05325718,-0.64718878,-0.05469636,-0.01617640,0.99837202,1.57711577,-0.07796907,-0.99674666,-0.02042157,-0.94105327
5,1597165483834399900,1597165483834280000,0.99542707,-0.07903022,0.05366120,-0.64723724,-0.05509397,-0.01606049,0.99835205,1.57701707,-0.07803816,-0.99674296,-0.02034107,-0.93954599
5,1597165483843352000,1597165483843285400,0.99544412,-0.07893291,0.05348746,-0.64748311,-0.05493084,-0.01622826,0.99835831,1.57762218,-0.07793534,-0.99674797,-0.02049011,-0.93890965
5,1597165483852390100,1597165483852242800,0.99543083,-0.07900229,0.05363192,-0.64728248,-0.05506698,-0.01609845,0.99835289,1.57749939,-0.07800877,-0.99674457,-0.02037524,-0.93715286
5,1597165483861209500,1597165483861092600,0.99544007,-0.07890695,0.05360149,-0.64722961,-0.05504419,-0.01622212,0.99835217,1.57742190,-0.07790741,-0.99675012,-0.02049145,-0.93576133
5,1597165483870258200,1597165483870169600,0.99545306,-0.07895663,0.05328502,-0.64760333,-0.05470917,-0.01598370,0.99837440,1.57764196,-0.07797658,-0.99675000,-0.02023060,-0.93495393
5,1597165483879148800,1597165483879128200,0.99541563,-0.07909313,0.05377968,-0.64756262,-0.05519864,-0.01586344,0.99834943,1.57757437,-0.07810944,-0.99674112,-0.02015649,-0.93356359
5,1597165483888438700,1597165483888324400,0.99543607,-0.07900232,0.05353432,-0.64782858,-0.05496742,-0.01607685,0.99835873,1.57806659,-0.07801205,-0.99674487,-0.02034597,-0.93224406
5,1597165483897231400,1597165483897180800,0.99545479,-0.07889378,0.05334648,-0.64784408,-0.05479127,-0.01626198,0.99836546,1.57806551,-0.07789728,-0.99675047,-0.02051069,-0.93090606
5,1597165483906239900,1597165483906119800,0.99543512,-0.07899714,0.05356026,-0.64787835,-0.05498945,-0.01602730,0.99835831,1.57805300,-0.07800907,-0.99674606,-0.02029807,-0.92994905
5,1597165483914974100,1597165483914919900,0.99545348,-0.07879052,0.05352391,-0.64779216,-0.05492852,-0.01576788,0.99836582,1.57790875,-0.07781777,-0.99676657,-0.02002397,-0.92850316
5,1597165483924039300,1597165483924006100,0.99543190,-0.07885125,0.05383454,-0.64780641,-0.05526462,-0.01606658,0.99834251,1.57791901,-0.07785562,-0.99675703,-0.02035080,-0.92711866
5,1597165483932996600,1597165483932919000,0.99544638,-0.07883564,0.05358839,-0.64787483,-0.05500437,-0.01589938,0.99835956,1.57789397,-0.07785428,-0.99676096,-0.02016322,-0.92573738
5,1597165483942154500,1597165483942020900,0.99545801,-0.07875827,0.05348652,-0.64816254,-0.05490991,-0.01601826,0.99836284,1.57798970,-0.07777262,-0.99676514,-0.02027005,-0.92493820
5,1597165483950958500,1597165483950848500,0.99549001,-0.07851216,0.05325190,-0.64839858,-0.05466969,-0.01601951,0.99837601,1.57793283,-0.07753164,-0.99678457,-0.02023943,-0.92314088
5,1597165483960089000,1597165483960010400,0.99549407,-0.07855105,0.05311981,-0.64854330,-0.05453778,-0.01601651,0.99838328,1.57789540,-0.07757327,-0.99678153,-0.02022827,-0.92169023
5,1597165483969069500,1597165483969022300,0.99547684,-0.07860568,0.05335959,-0.64865565,-0.05478124,-0.01604055,0.99836957,1.57781005,-0.07762164,-0.99677688,-0.02027405,-0.92025352
5,1597165483977921700,1597165483977838600,0.99546963,-0.07853365,0.05360027,-0.64857268,-0.05503025,-0.01615766,0.99835396,1.57813835,-0.07753837,-0.99678063,-0.02040612,-0.91955745
5,1597165483986538600,1597165483986383600,0.99547499,-0.07852188,0.05351718,-0.64856464,-0.05493342,-0.01598706,0.99836206,1.57818580,-0.07753769,-0.99678433,-0.02022813,-0.91796565
5,1597165483995444500,1597165483995349000,0.99547738,-0.07852522,0.05346876,-0.64866996,-0.05488233,-0.01595376,0.99836540,1.57811320,-0.07754385,-0.99678457,-0.02019119,-0.91653252
5,1597165484004533100,1597165484004423300,0.99547517,-0.07850197,0.05354387,-0.64857930,-0.05497193,-0.01614338,0.99835742,1.57817888,-0.07750866,-0.99678338,-0.02038567,-0.91530919
5,1597165484013391100,1597165484013328000,0.99546939,-0.07853946,0.05359574,-0.64866114,-0.05502726,-0.01617603,0.99835384,1.57816637,-0.07754320,-0.99677986,-0.02042449,-0.91389513
5,1597165484022551100,1597165484022458300,0.99544680,-0.07855532,0.05399101,-0.64858174,-0.05540482,-0.01592952,0.99833691,1.57801199,-0.07756463,-0.99678260,-0.02020927,-0.91224086
5,1597165484031393200,1597165484031349100,0.99547684,-0.07855850,0.05342937,-0.64866465,-0.05485027,-0.01604076,0.99836576,1.57791460,-0.07757309,-0.99678051,-0.02027710,-0.91079867
5,1597165484040211100,1597165484040135600,0.99547219,-0.07854134,0.05354119,-0.64869553,-0.05495350,-0.01593061,0.99836189,1.57784104,-0.07755977,-0.99678361,-0.02017453,-0.90943217
5,1597165484049418100,1597165484049390400,0.99543697,-0.07846954,0.05429687,-0.64858091,-0.05570943,-0.01592435,0.99832004,1.57811403,-0.07747313,-0.99678946,-0.02022311,-0.90839326
5,1597165484058212400,1597165484058099200,0.99542624,-0.07848942,0.05446390,-0.64855719,-0.05588010,-0.01595975,0.99830997,1.57802844,-0.07748756,-0.99678731,-0.02027268,-0.90705562
5,1597165484067663500,1597165484067637300,0.99544048,-0.07853156,0.05414202,-0.64861095,-0.05555398,-0.01590622,0.99832898,1.57801533,-0.07753921,-0.99678481,-0.02019637,-0.90562236
5,1597165484076306300,1597165484076052500,0.99542969,-0.07843572,0.05447885,-0.64854980,-0.05587834,-0.01575821,0.99831325,1.57803106,-0.07744494,-0.99679476,-0.02006898,-0.90449250
5,1597165484085232800,1597165484085132000,0.99544519,-0.07841372,0.05422641,-0.64838350,-0.05562904,-0.01581380,0.99832630,1.57803917,-0.07742497,-0.99679554,-0.02010378,-0.90267026
5,1597165484093902600,1597165484093854100,0.99542868,-0.07847336,0.05444174,-0.64833033,-0.05584143,-0.01575247,0.99831539,1.57805371,-0.07748359,-0.99679184,-0.02006245,-0.90130043
5,1597165484102899800,1597165484102857000,0.99541754,-0.07844165,0.05469140,-0.64826751,-0.05608169,-0.01563037,0.99830389,1.57794082,-0.07745376,-0.99679625,-0.01995782,-0.89987326
5,1597165484111817400,1597165484111769300,0.99542350,-0.07839128,0.05465480,-0.64826113,-0.05604227,-0.01560851,0.99830639,1.57788205,-0.07740545,-0.99680054,-0.01993023,-0.89848018
5,1597165484120995600,1597165484120907300,0.99544084,-0.07839656,0.05433041,-0.64851439,-0.05574894,-0.01601927,0.99831635,1.57798195,-0.07739422,-0.99679369,-0.02031669,-0.89710867
5,1597165484129757000,1597165484129689800,0.99541700,-0.07845214,0.05468567,-0.64846420,-0.05608164,-0.01570092,0.99830276,1.57786870,-0.07746041,-0.99679434,-0.02002862,-0.89580071
5,1597165484138899500,1597165484138825800,0.99542511,-0.07843599,0.05456179,-0.64847779,-0.05595075,-0.01561955,0.99831140,1.57796621,-0.07745138,-0.99679691,-0.01993658,-0.89454567
5,1597165484147716300,1597165484147690400,0.99541748,-0.07845286,0.05467604,-0.64841759,-0.05606256,-0.01557958,0.99830574,1.57787967,-0.07746813,-0.99679619,-0.01990638,-0.89277339
5,1597165484157087700,1597165484157042100,0.99541974,-0.07845616,0.05463061,-0.64844131,-0.05600509,-0.01542542,0.99831134,1.57777429,-0.07748100,-0.99679828,-0.01974864,-0.89125264
5,1597165484165648200,1597165484165607400,0.99541670,-0.07844883,0.05469567,-0.64840698,-0.05608462,-0.01561118,0.99830401,1.57749724,-0.07746193,-0.99679601,-0.01993933,-0.88976872
5,1597165484174854200,1597165484174770500,0.99541658,-0.07848102,0.05465312,-0.64842492,-0.05603525,-0.01551665,0.99830824,1.57732642,-0.07750022,-0.99679494,-0.01984317,-0.88824248
5,1597165484183901200,1597165484183753400,0.99541056,-0.07854635,0.05466760,-0.64849168,-0.05605822,-0.01560855,0.99830550,1.57752419,-0.07755995,-0.99678838,-0.01994001,-0.88700867
5,1597165484192879900,1597165484192774300,0.99541473,-0.07848927,0.05467412,-0.64845449,-0.05605394,-0.01548414,0.99830770,1.57729840,-0.07750985,-0.99679482,-0.01981271,-0.88549507
5,1597165484201659600,1597165484201634200,0.99541235,-0.07855690,0.05461963,-0.64846104,-0.05601422,-0.01565874,0.99830723,1.57715106,-0.07756868,-0.99678671,-0.01998713,-0.88400805
5,1597165484210877100,1597165484210812800,0.99540663,-0.07857653,0.05469615,-0.64868790,-0.05608330,-0.01555502,0.99830496,1.57718587,-0.07759258,-0.99678683,-0.01989033,-0.88290644
5,1597165484219482300,1597165484219434900,0.99540651,-0.07852492,0.05477249,-0.64845181,-0.05614799,-0.01541577,0.99830347,1.57731748,-0.07754734,-0.99679303,-0.01975391,-0.88101304
5,1597165484228693100,1597165484228647700,0.99540406,-0.07853436,0.05480265,-0.64839715,-0.05618548,-0.01550644,0.99829996,1.57713747,-0.07755107,-0.99679089,-0.01984759,-0.87948024
5,1597165484237437900,1597165484237401200,0.99539930,-0.07862392,0.05476094,-0.64840311,-0.05613280,-0.01534424,0.99830544,1.57702398,-0.07765046,-0.99678636,-0.01968696,-0.87805712
5,1597165484246724700,1597165484246617400,0.99540615,-0.07859686,0.05467463,-0.64856541,-0.05604867,-0.01538225,0.99830955,1.57695937,-0.07762295,-0.99678797,-0.01971677,-0.87697840
5,1597165484255596500,1597165484255545100,0.99539673,-0.07856342,0.05489416,-0.64840269,-0.05626362,-0.01532372,0.99829841,1.57709289,-0.07758862,-0.99679148,-0.01967338,-0.87504494
5,1597165484264754800,1597165484264716800,0.99539113,-0.07861331,0.05492447,-0.64837587,-0.05628671,-0.01521735,0.99829870,1.57700920,-0.07764378,-0.99678910,-0.01957203,-0.87355542
5,1597165484273479500,1597165484273435900,0.99536669,-0.07868013,0.05526979,-0.64831078,-0.05662325,-0.01507477,0.99828184,1.57687354,-0.07771179,-0.99678606,-0.01945998,-0.87208891
5,1597165484282626200,1597165484282516400,0.99543566,-0.07847670,0.05430972,-0.64839011,-0.05566703,-0.01521148,0.99833351,1.57715857,-0.07751977,-0.99679995,-0.01951054,-0.87069023
5,1597165484291374000,1597165484291307600,0.99541438,-0.07859248,0.05453255,-0.64831096,-0.05586990,-0.01491766,0.99832666,1.57699013,-0.07764751,-0.99679530,-0.01924014,-0.86917269
5,1597165484300536800,1597165484300486100,0.99538690,-0.07860696,0.05501043,-0.64821798,-0.05636882,-0.01516615,0.99829483,1.57692695,-0.07763866,-0.99679041,-0.01952710,-0.86771464
5,1597165484309366000,1597165484309315000,0.99540699,-0.07843286,0.05489534,-0.64814413,-0.05622653,-0.01486451,0.99830741,1.57679868,-0.07748410,-0.99680871,-0.01920617,-0.86622560
5,1597165484318513200,1597165484318432700,0.99536902,-0.07855538,0.05540695,-0.64836252,-0.05677402,-0.01527598,0.99827021,1.57723510,-0.07757312,-0.99679285,-0.01966508,-0.86531925
5,1597165484327342700,1597165484327320300,0.99540585,-0.07839191,0.05497457,-0.64835310,-0.05632342,-0.01509908,0.99829841,1.57721567,-0.07742849,-0.99680841,-0.01944494,-0.86396742
5,1597165484336575600,1597165484336489300,0.99541861,-0.07834202,0.05481400,-0.64836228,-0.05614933,-0.01494351,0.99831057,1.57707214,-0.07739055,-0.99681461,-0.01927384,-0.86247206
5,1597165484345264100,1597165484345178100,0.99541372,-0.07836509,0.05487078,-0.64910018,-0.05621712,-0.01507739,0.99830472,1.57679236,-0.07740495,-0.99681085,-0.01941363,-0.86131465
5,1597165484354559300,1597165484354451900,0.99538225,-0.07847926,0.05527598,-0.64929694,-0.05662591,-0.01507967,0.99828160,1.57705116,-0.07751083,-0.99680185,-0.01945393,-0.85963833
5,1597165484363327700,1597165484363196600,0.99545342,-0.07834813,0.05417018,-0.64951003,-0.05549787,-0.01486774,0.99834812,1.57689536,-0.07741332,-0.99681526,-0.01914823,-0.85819948
5,1597165484372301500,1597165484372225400,0.99540043,-0.07829028,0.05521623,-0.64908928,-0.05655995,-0.01504958,0.99828583,1.57689381,-0.07732511,-0.99681711,-0.01940839,-0.85705185
5,1597165484381134400,1597165484381077100,0.99541932,-0.07822230,0.05497239,-0.64893717,-0.05629529,-0.01480724,0.99830437,1.57701743,-0.07727569,-0.99682611,-0.01914290,-0.85524142
5,1597165484390104700,1597165484389852200,0.99540305,-0.07819611,0.05530391,-0.64893329,-0.05661302,-0.01462341,0.99828911,1.57698607,-0.07725361,-0.99683088,-0.01898303,-0.85381305
5,1597165484398732000,1597165484398594900,0.99540091,-0.07827991,0.05522275,-0.64897507,-0.05654759,-0.01480845,0.99829012,1.57690096,-0.07732829,-0.99682158,-0.01916681,-0.85239553
5,1597165484407888900,1597165484407823000,0.99539065,-0.07834783,0.05531110,-0.64901030,-0.05664902,-0.01495679,0.99828213,1.57675028,-0.07738602,-0.99681401,-0.01932611,-0.85085607
5,1597165484416581600,1597165484416534800,0.99537838,-0.07833475,0.05555115,-0.64881152,-0.05688903,-0.01495066,0.99826860,1.57681608,-0.07736862,-0.99681515,-0.01933788,-0.84946358
5,1597165484425683100,1597165484425583700,0.99537140,-0.07828259,0.05574862,-0.64878607,-0.05707773,-0.01484331,0.99825943,1.57673407,-0.07731885,-0.99682081,-0.01924273,-0.84799731
5,1597165484434844500,1597165484434759000,0.99538481,-0.07816821,0.05567059,-0.64873093,-0.05699458,-0.01480874,0.99826467,1.57657695,-0.07720819,-0.99683034,-0.01919549,-0.84650064
5,1597165484443769200,1597165484443729100,0.99536550,-0.07823831,0.05591564,-0.64879626,-0.05725546,-0.01498624,0.99824709,1.57679844,-0.07726324,-0.99682212,-0.01939629,-0.84546888
5,1597165484452544400,1597165484452436700,0.99538046,-0.07816589,0.05575014,-0.64870018,-0.05707930,-0.01487303,0.99825889,1.57674432,-0.07720065,-0.99682951,-0.01926592,-0.84391594
5,1597165484461683300,1597165484461618000,0.99537414,-0.07813069,0.05591222,-0.64865458,-0.05723592,-0.01480527,0.99825096,1.57663798,-0.07716626,-0.99683332,-0.01920860,-0.84233809
5,1597165484470562100,1597165484470346400,0.99538016,-0.07805490,0.05591069,-0.64876413,-0.05723470,-0.01482827,0.99825066,1.57689512,-0.07708934,-0.99683893,-0.01922715,-0.84156609
5,1597165484479707300,1597165484479645100,0.99539709,-0.07810527,0.05553766,-0.64877921,-0.05685387,-0.01472875,0.99827391,1.57676554,-0.07715243,-0.99683642,-0.01910148,-0.83999825
5,1597165484488473400,1597165484488416600,0.99534351,-0.07828656,0.05623818,-0.64858603,-0.05755304,-0.01464025,0.99823511,1.57687736,-0.07732508,-0.99682355,-0.01907764,-0.83846307
5,1597165484497648400,1597165484497595800,0.99539828,-0.07802141,0.05563359,-0.64861798,-0.05693342,-0.01453428,0.99827224,1.57678533,-0.07707801,-0.99684584,-0.01890936,-0.83692420
5,1597165484506413700,1597165484506325000,0.99538547,-0.07801241,0.05587563,-0.64901006,-0.05718447,-0.01464405,0.99825627,1.57699454,-0.07705814,-0.99684501,-0.01903751,-0.83594990
5,1597165484515419500,1597165484515391400,0.99536979,-0.07811391,0.05601409,-0.64902532,-0.05733060,-0.01471273,0.99824685,1.57693624,-0.07715288,-0.99683595,-0.01912286,-0.83443570
5,1597165484524380800,1597165484524306700,0.99536633,-0.07814166,0.05603587,-0.64892149,-0.05732765,-0.01438574,0.99825180,1.57696700,-0.07719895,-0.99683857,-0.01879869,-0.83295166
5,1597165484533414300,1597165484533296400,0.99540162,-0.07810655,0.05545491,-0.64893132,-0.05674007,-0.01433058,0.99828619,1.57684135,-0.07717797,-0.99684215,-0.01869639,-0.83138919
5,1597165484542291200,1597165484542194200,0.99536949,-0.07811418,0.05601895,-0.64919043,-0.05729397,-0.01417647,0.99825674,1.57693386,-0.07718390,-0.99684376,-0.01858623,-0.83034706
5,1597165484551448700,1597165484551352500,0.99540114,-0.07801485,0.05559306,-0.64925039,-0.05687318,-0.01428250,0.99827927,1.57723582,-0.07708660,-0.99685001,-0.01865370,-0.82873452
5,1597165484560433200,1597165484560219900,0.99537998,-0.07810757,0.05584083,-0.64922267,-0.05712932,-0.01435889,0.99826354,1.57720852,-0.07717013,-0.99684161,-0.01875472,-0.82725751
5,1597165484569498000,1597165484569400700,0.99540138,-0.07798764,0.05562777,-0.64920497,-0.05689069,-0.01406524,0.99828136,1.57715583,-0.07707122,-0.99685526,-0.01843726,-0.82564282
5,1597165484578121000,1597165484578050800,0.99536818,-0.07800761,0.05618946,-0.64889377,-0.05746035,-0.01414260,0.99824762,1.57716119,-0.07707626,-0.99685264,-0.01855937,-0.82481945
5,1597165484587678100,1597165484587485000,0.99536628,-0.07800034,0.05623335,-0.64889526,-0.05751155,-0.01423713,0.99824333,1.57704687,-0.07706273,-0.99685180,-0.01865701,-0.82325840
5,1597165484596672800,1597165484596615600,0.99536479,-0.07800379,0.05625528,-0.64880806,-0.05753557,-0.01426262,0.99824160,1.57697034,-0.07706431,-0.99685115,-0.01868444,-0.82175636
5,1597165484605502600,1597165484605467000,0.99539590,-0.07798338,0.05572978,-0.64886278,-0.05701135,-0.01430376,0.99827111,1.57714057,-0.07705140,-0.99685216,-0.01868377,-0.82061148
5,1597165484614569700,1597165484614490600,0.99540657,-0.07799298,0.05552603,-0.64878112,-0.05681852,-0.01445027,0.99827999,1.57711184,-0.07705644,-0.99684930,-0.01881527,-0.81921875
5,1597165484623409100,1597165484623353900,0.99537551,-0.07800448,0.05606388,-0.64866090,-0.05736019,-0.01447679,0.99824864,1.57715106,-0.07705626,-0.99684805,-0.01888413,-0.81775975
5,1597165484632390700,1597165484632346400,0.99541128,-0.07784656,0.05564652,-0.64860183,-0.05690989,-0.01410420,0.99827975,1.57710266,-0.07692781,-0.99686575,-0.01846965,-0.81629157
5,1597165484641553900,1597165484641463500,0.99542117,-0.07788101,0.05542146,-0.64898413,-0.05670200,-0.01432680,0.99828839,1.57720649,-0.07695371,-0.99685979,-0.01867714,-0.81542861
5,1597165484650457900,1597165484650394900,0.99540019,-0.07802013,0.05560261,-0.64886415,-0.05691174,-0.01465596,0.99827164,1.57745767,-0.07707036,-0.99684417,-0.01902874,-0.81409264
5,1597165484659360500,1597165484659307100,0.99543655,-0.07795501,0.05504084,-0.64880747,-0.05632567,-0.01437850,0.99830896,1.57749820,-0.07703182,-0.99685329,-0.01870368,-0.81258476
5,1597165484668306500,1597165484668216600,0.99541283,-0.07801449,0.05538416,-0.64871341,-0.05666638,-0.01431753,0.99829054,1.57746983,-0.07708815,-0.99684954,-0.01867259,-0.81110239
5,1597165484677345400,1597165484677248100,0.99544239,-0.07805020,0.05479936,-0.64956820,-0.05608057,-0.01431767,0.99832362,1.57763457,-0.07713479,-0.99684668,-0.01862944,-0.81006122
5,1597165484686235400,1597165484686163100,0.99545133,-0.07803923,0.05465104,-0.64950609,-0.05593551,-0.01436800,0.99833101,1.57739043,-0.07712379,-0.99684685,-0.01866774,-0.80879474
5,1597165484695242900,1597165484695117700,0.99546480,-0.07782510,0.05471082,-0.64942110,-0.05597122,-0.01410594,0.99833274,1.57736886,-0.07692361,-0.99686736,-0.01839787,-0.80737567
5,1597165484704327100,1597165484704220200,0.99544626,-0.07793650,0.05489007,-0.64936894,-0.05614688,-0.01402605,0.99832404,1.57732558,-0.07703599,-0.99685973,-0.01833801,-0.80589223
5,1597165484713090700,1597165484713055200,0.99543250,-0.07812482,0.05487264,-0.64951205,-0.05614041,-0.01412339,0.99832302,1.57772446,-0.07721883,-0.99684370,-0.01844477,-0.80528021
5,1597165484722091100,1597165484721999100,0.99543434,-0.07804593,0.05495039,-0.64938939,-0.05622025,-0.01416637,0.99831790,1.57774663,-0.07713622,-0.99684918,-0.01848938,-0.80392277
5,1597165484731080300,1597165484731009200,0.99545026,-0.07806450,0.05463509,-0.64932644,-0.05589501,-0.01404526,0.99833786,1.57774186,-0.07716739,-0.99684948,-0.01834471,-0.80249906
