5,1597165306893223600,1597165306893081800,-0.09750881,-0.99519825,-0.00852224,-0.10169184,-0.99273521,0.09786685,-0.06999236,1.81778061,0.07049030,0.00163546,-0.99751121,1.19372249
5,1597165306902228400,1597165306902168900,-0.09754787,-0.99519455,-0.00851279,-0.10157037,-0.99273115,0.09790514,-0.06999631,1.81784654,0.07049338,0.00162295,-0.99751103,1.19407153
5,1597165306911092000,1597165306911049000,-0.09750329,-0.99519891,-0.00850910,-0.10152650,-0.99273276,0.09786049,-0.07003592,1.81772804,0.07053237,0.00161856,-0.99750829,1.19348788
5,1597165306920523900,1597165306920321800,-0.09749471,-0.99519956,-0.00853887,-0.10159993,-0.99273455,0.09785400,-0.07001973,1.81771588,0.07051914,0.00165027,-0.99750918,1.19374800
5,1597165306929719300,1597165306929541100,-0.09747317,-0.99520212,-0.00848356,-0.10149646,-0.99273860,0.09782859,-0.06999792,1.81771743,0.07049200,0.00159907,-0.99751115,1.19389701
5,1597165306938250200,1597165306938213800,-0.09752399,-0.99519688,-0.00851598,-0.10121620,-0.99273384,0.09788155,-0.06999101,1.81775367,0.07048836,0.00162831,-0.99751133,1.19384456
5,1597165306947129400,1597165306947088200,-0.09753271,-0.99519575,-0.00854108,-0.10101783,-0.99273163,0.09789205,-0.07000792,1.81775415,0.07050768,0.00165093,-0.99750996,1.19382882
5,1597165306956070400,1597165306955934100,-0.09756555,-0.99519229,-0.00856838,-0.10108721,-0.99273384,0.09792659,-0.06992879,1.81779194,0.07043165,0.00168347,-0.99751526,1.19357038
5,1597165306965005400,1597165306964928300,-0.09757955,-0.99519098,-0.00856635,-0.10103881,-0.99273288,0.09794040,-0.06992225,1.81776094,0.07042497,0.00168115,-0.99751574,1.19350052
5,1597165306974175100,1597165306974020900,-0.09752745,-0.99519634,-0.00853443,-0.10103524,-0.99273711,0.09788621,-0.06993854,1.81772184,0.07043797,0.00165153,-0.99751490,1.19337106
5,1597165306982967000,1597165306982870000,-0.09751245,-0.99519849,-0.00846034,-0.10090458,-0.99274230,0.09786596,-0.06989269,1.81775761,0.07038507,0.00158358,-0.99751866,1.19372630
5,1597165306992002000,1597165306991977600,-0.09748964,-0.99520028,-0.00851053,-0.10087407,-0.99274325,0.09784677,-0.06990646,1.81776464,0.07040364,0.00163367,-0.99751735,1.19347954
5,1597165307000799200,1597165307000770900,-0.09749957,-0.99519926,-0.00851279,-0.10097325,-0.99274087,0.09785686,-0.06992603,1.81769800,0.07042336,0.00163329,-0.99751592,1.19336915
5,1597165307009974800,1597165307009954600,-0.09751350,-0.99519783,-0.00852218,-0.10083699,-0.99274057,0.09787139,-0.06990987,1.81772947,0.07040821,0.00164318,-0.99751699,1.19329643
5,1597165307018790700,1597165307018744800,-0.09750199,-0.99519926,-0.00848809,-0.10085452,-0.99274009,0.09785754,-0.06993630,1.81774163,0.07043116,0.00160754,-0.99751544,1.19370079
5,1597165307027910700,1597165307027860600,-0.09748319,-0.99520087,-0.00851694,-0.10081851,-0.99274492,0.09784075,-0.06989077,1.81777632,0.07038864,0.00164196,-0.99751836,1.19356203
5,1597165307036800300,1597165307036699400,-0.09748402,-0.99520093,-0.00849754,-0.10125172,-0.99274254,0.09784028,-0.06992578,1.81766355,0.07042158,0.00161925,-0.99751610,1.19329643
5,1597165307045800100,1597165307045729500,-0.09749320,-0.99519998,-0.00849810,-0.10129631,-0.99274296,0.09784944,-0.06990688,1.81769919,0.07040285,0.00162101,-0.99751741,1.19389296
5,1597165307054800300,1597165307054701400,-0.09746920,-0.99520248,-0.00848326,-0.10141647,-0.99274796,0.09782439,-0.06987061,1.81773663,0.07036526,0.00161153,-0.99752009,1.19383550
5,1597165307063807000,1597165307063770900,-0.09752820,-0.99519622,-0.00854188,-0.10135102,-0.99274307,0.09788734,-0.06985241,1.81772804,0.07035299,0.00166735,-0.99752086,1.19384933
5,1597165307072687200,1597165307072566400,-0.09749810,-0.99519956,-0.00849751,-0.10118151,-0.99274868,0.09785413,-0.06981888,1.81777215,0.07031521,0.00162867,-0.99752361,1.19391966
5,1597165307082044300,1597165307081912700,-0.09751863,-0.99519777,-0.00847134,-0.10109282,-0.99274051,0.09787292,-0.06990848,1.81774461,0.07040187,0.00159243,-0.99751753,1.19370317
5,1597165307090950500,1597165307090536500,-0.09746885,-0.99520183,-0.00856102,-0.10105860,-0.99274737,0.09782952,-0.06987227,1.81777108,0.07037452,0.00168857,-0.99751925,1.19379997
5,1597165307099718900,1597165307099664900,-0.09747174,-0.99520206,-0.00850442,-0.10116196,-0.99274957,0.09782836,-0.06984210,1.81772172,0.07033896,0.00163513,-0.99752188,1.19362760
5,1597165307108604500,1597165307108475800,-0.09753107,-0.99519598,-0.00853825,-0.10120058,-0.99274445,0.09788991,-0.06982923,1.81775916,0.07032957,0.00166580,-0.99752247,1.19323826
5,1597165307117675000,1597165307117611100,-0.09754936,-0.99519396,-0.00856522,-0.10108078,-0.99273908,0.09791013,-0.06987713,1.81779432,0.07037991,0.00168660,-0.99751890,1.19387174
5,1597165307126203300,1597165307126162800,-0.09753767,-0.99519485,-0.00859183,-0.10107291,-0.99273950,0.09790035,-0.06988476,1.81785405,0.07039008,0.00171307,-0.99751812,1.19350767
5,1597165307135263300,1597165307135163900,-0.09754874,-0.99519444,-0.00851184,-0.10129058,-0.99273902,0.09790577,-0.06988394,1.81785929,0.07038145,0.00163293,-0.99751890,1.19419050
5,1597165307144055900,1597165307143969900,-0.09754031,-0.99519473,-0.00857550,-0.10130036,-0.99273711,0.09790190,-0.06991651,1.81783485,0.07042009,0.00169355,-0.99751610,1.19377160
5,1597165307153280500,1597165307153197100,-0.09754610,-0.99519354,-0.00864363,-0.10137010,-0.99273825,0.09791241,-0.06988559,1.81784379,0.07039599,0.00176379,-0.99751765,1.19375348
5,1597165307162251300,1597165307162210200,-0.09753574,-0.99519509,-0.00858614,-0.10142851,-0.99274385,0.09789793,-0.06982625,1.81785643,0.07033130,0.00171331,-0.99752223,1.19369006
5,1597165307171170000,1597165307171090300,-0.09753158,-0.99519503,-0.00864133,-0.10160375,-0.99274498,0.09789763,-0.06981094,1.81788242,0.07032146,0.00176990,-0.99752283,1.19360161
5,1597165307179987800,1597165307179950000,-0.09753267,-0.99519575,-0.00854796,-0.10156548,-0.99273992,0.09789229,-0.06988996,1.81790709,0.07039095,0.00166935,-0.99751818,1.19384694
5,1597165307189141900,1597165307189080700,-0.09757967,-0.99519026,-0.00864875,-0.10152674,-0.99273103,0.09794636,-0.06994049,1.81786978,0.07045119,0.00176111,-0.99751377,1.19412088
5,1597165307197977600,1597165307197882500,-0.09755443,-0.99519330,-0.00857687,-0.10142386,-0.99273759,0.09791603,-0.06988954,1.81788671,0.07039340,0.00169653,-0.99751794,1.19410539
5,1597165307207090700,1597165307207010700,-0.09754287,-0.99519479,-0.00854048,-0.10163748,-0.99274027,0.09790190,-0.06987140,1.81790996,0.07037177,0.00166300,-0.99751949,1.19423389
5,1597165307215915000,1597165307215872800,-0.09756836,-0.99519187,-0.00859237,-0.10159516,-0.99273163,0.09793112,-0.06995320,1.81787610,0.07045830,0.00170472,-0.99751329,1.19406724
5,1597165307224917200,1597165307224862200,-0.09757768,-0.99519110,-0.00857988,-0.10173309,-0.99273026,0.09793957,-0.06996077,1.81788564,0.07046462,0.00169089,-0.99751288,1.19403458
5,1597165307233628000,1597165307233535400,-0.09760468,-0.99518800,-0.00863284,-0.10160601,-0.99272853,0.09797019,-0.06994250,1.81793785,0.07045168,0.00174341,-0.99751371,1.19415021
5,1597165307242959300,1597165307242836700,-0.09761008,-0.99518746,-0.00862366,-0.10177338,-0.99272996,0.09797488,-0.06991547,1.81793666,0.07042389,0.00173652,-0.99751574,1.19415760
5,1597165307251642200,1597165307251536000,-0.09766454,-0.99518180,-0.00866032,-0.10174119,-0.99271619,0.09803199,-0.07003146,1.81789958,0.07054301,0.00175768,-0.99750727,1.19359255
5,1597165307260756500,1597165307260713500,-0.09758858,-0.99518925,-0.00866076,-0.10186195,-0.99272704,0.09795617,-0.06998332,1.81788003,0.07049501,0.00176820,-0.99751061,1.19391894
5,1597165307269520200,1597165307269460500,-0.09758442,-0.99518961,-0.00867006,-0.10191786,-0.99272609,0.09795271,-0.07000140,1.81789780,0.07051391,0.00177598,-0.99750930,1.19370294
5,1597165307278758300,1597165307278673800,-0.09758944,-0.99518847,-0.00874302,-0.10217869,-0.99272788,0.09796279,-0.06996258,1.81792617,0.07048242,0.00185189,-0.99751139,1.19353747
5,1597165307287591000,1597165307287537400,-0.09759413,-0.99518847,-0.00869083,-0.10216475,-0.99272388,0.09796388,-0.07001698,1.81788099,0.07053147,0.00179440,-0.99750805,1.19431925
5,1597165307296962500,1597165307296533300,-0.09765024,-0.99518383,-0.00859836,-0.10236943,-0.99272043,0.09801330,-0.06999728,1.81791508,0.07050289,0.00170052,-0.99751019,1.19443059
5,1597165307305625800,1597165307305478200,-0.09761266,-0.99518728,-0.00861683,-0.10217893,-0.99272609,0.09797707,-0.06996753,1.81795084,0.07047503,0.00172442,-0.99751216,1.19424248
5,1597165307314770500,1597165307314682300,-0.09766626,-0.99518216,-0.00860819,-0.10211647,-0.99271548,0.09803006,-0.07004385,1.81792188,0.07055023,0.00170460,-0.99750686,1.19351435
5,1597165307323491000,1597165307323424200,-0.09774784,-0.99517381,-0.00864321,-0.10211611,-0.99270964,0.09811384,-0.07000959,1.81780517,0.07051972,0.00173694,-0.99750900,1.19373488
5,1597165307332610500,1597165307332483200,-0.09777849,-0.99517041,-0.00868630,-0.10177243,-0.99270952,0.09814738,-0.06996372,1.81791055,0.07047835,0.00178203,-0.99751174,1.19370317
5,1597165307341440900,1597165307341404200,-0.09772673,-0.99517649,-0.00857073,-0.10189855,-0.99271393,0.09808763,-0.06998528,1.81793046,0.07048837,0.00166887,-0.99751127,1.19381523
5,1597165307350735100,1597165307350679700,-0.09779288,-0.99516928,-0.00865847,-0.10175526,-0.99270064,0.09815995,-0.07007208,1.81792319,0.07058349,0.00174269,-0.99750441,1.19395733
5,1597165307359412100,1597165307359359200,-0.09773653,-0.99517405,-0.00873879,-0.10170949,-0.99270982,0.09810931,-0.07001290,1.81784725,0.07053235,0.00183225,-0.99750787,1.19398451
5,1597165307368562200,1597165307368435600,-0.09778356,-0.99516994,-0.00868145,-0.10161006,-0.99270630,0.09815215,-0.07000284,1.81791091,0.07051681,0.00177300,-0.99750912,1.19384503
5,1597165307377379400,1597165307377327500,-0.09776670,-0.99517137,-0.00870976,-0.10175812,-0.99270892,0.09813730,-0.06998665,1.81790638,0.07050344,0.00180390,-0.99750996,1.19344091
5,1597165307386547100,1597165307386452400,-0.09777959,-0.99517006,-0.00871751,-0.10183465,-0.99270487,0.09815080,-0.07002487,1.81792569,0.07054227,0.00180694,-0.99750721,1.19380951
5,1597165307395307600,1597165307395226600,-0.09779786,-0.99516851,-0.00868440,-0.10155976,-0.99270552,0.09816662,-0.06999355,1.81795740,0.07050788,0.00177583,-0.99750972,1.19398618
5,1597165307404412700,1597165307404289000,-0.09783398,-0.99516505,-0.00867909,-0.10174012,-0.99270165,0.09820227,-0.06999893,1.81798792,0.07051277,0.00176749,-0.99750942,1.19413424
5,1597165307413266200,1597165307413243700,-0.09782081,-0.99516648,-0.00866002,-0.10169339,-0.99270213,0.09818783,-0.07001227,1.81790495,0.07052416,0.00174817,-0.99750859,1.19348145
5,1597165307422416600,1597165307422309000,-0.09779704,-0.99516881,-0.00866091,-0.10169673,-0.99270898,0.09816405,-0.06994825,1.81783962,0.07046049,0.00175703,-0.99751306,1.19363093
5,1597165307430816400,1597165307430721900,-0.09781394,-0.99516684,-0.00869694,-0.10168660,-0.99270797,0.09818344,-0.06993578,1.81783354,0.07045165,0.00179288,-0.99751365,1.19360614
5,1597165307439970300,1597165307439887400,-0.09780386,-0.99516785,-0.00869679,-0.10174012,-0.99270695,0.09817342,-0.06996380,1.81780314,0.07047950,0.00179064,-0.99751168,1.19366527
5,1597165307448789000,1597165307448686900,-0.09782003,-0.99516690,-0.00862619,-0.10161912,-0.99270225,0.09818466,-0.07001527,1.81781316,0.07052381,0.00171435,-0.99750876,1.19327164
5,1597165307457945500,1597165307457747200,-0.09779517,-0.99516886,-0.00866798,-0.10156322,-0.99270684,0.09816275,-0.06998055,1.81772399,0.07049333,0.00176102,-0.99751079,1.19359899
5,1597165307466777300,1597165307466634100,-0.09779090,-0.99516916,-0.00869098,-0.10135210,-0.99270689,0.09816013,-0.06998356,1.81775475,0.07049857,0.00178388,-0.99751037,1.19348025
5,1597165307475933500,1597165307475821900,-0.09777436,-0.99517101,-0.00866202,-0.10145867,-0.99271041,0.09814154,-0.06995978,1.81768107,0.07047204,0.00175864,-0.99751234,1.19329381
5,1597165307484774400,1597165307484721700,-0.09774067,-0.99517453,-0.00863907,-0.10156453,-0.99271071,0.09810639,-0.07000501,1.81769550,0.07051475,0.00173378,-0.99750930,1.19370866
5,1597165307493865500,1597165307493667900,-0.09769616,-0.99517906,-0.00862437,-0.10163462,-0.99271500,0.09806095,-0.07000763,1.81769466,0.07051582,0.00172207,-0.99750924,1.19395638
5,1597165307502632600,1597165307502535000,-0.09775469,-0.99517310,-0.00864264,-0.10156333,-0.99271238,0.09812056,-0.06996120,1.81774759,0.07047152,0.00174066,-0.99751234,1.19369388
5,1597165307511836500,1597165307511738400,-0.09769303,-0.99517906,-0.00865176,-0.10167491,-0.99271607,0.09805975,-0.06999384,1.81759429,0.07050478,0.00175083,-0.99751002,1.19367981
5,1597165307520585800,1597165307520508600,-0.09763933,-0.99518406,-0.00868705,-0.10171902,-0.99271774,0.09800875,-0.07004155,1.81761134,0.07055563,0.00178498,-0.99750638,1.19368386
5,1597165307529687300,1597165307529587100,-0.09764734,-0.99518359,-0.00865549,-0.10175419,-0.99271965,0.09801445,-0.07000702,1.81760228,0.07051819,0.00175646,-0.99750906,1.19354892
5,1597165307538524900,1597165307538424800,-0.09766325,-0.99518198,-0.00865367,-0.10145164,-0.99271607,0.09803024,-0.07003532,1.81762338,0.07054620,0.00175077,-0.99750704,1.19360662
5,1597165307547640900,1597165307547533000,-0.09767082,-0.99518096,-0.00868446,-0.10134530,-0.99271548,0.09803996,-0.07002970,1.81763530,0.07054363,0.00178134,-0.99750721,1.19370747
5,1597165307556490200,1597165307556368800,-0.09761255,-0.99518728,-0.00861102,-0.10158312,-0.99272138,0.09797666,-0.07003486,1.81764209,0.07054147,0.00171208,-0.99750745,1.19370484
5,1597165307565494200,1597165307565459400,-0.09768736,-0.99517947,-0.00866994,-0.10151887,-0.99271750,0.09805535,-0.06998008,1.81765115,0.07049286,0.00177065,-0.99751079,1.19348431
5,1597165307574343400,1597165307574273800,-0.09766670,-0.99518132,-0.00869107,-0.10153663,-0.99272037,0.09803620,-0.06996600,1.81774879,0.07048088,0.00179443,-0.99751163,1.19366693
5,1597165307583602900,1597165307583482300,-0.09766933,-0.99518120,-0.00867957,-0.10155451,-0.99272043,0.09803801,-0.06996273,1.81777668,0.07047650,0.00178322,-0.99751192,1.19385123
5,1597165307592524200,1597165307592406800,-0.09759843,-0.99518800,-0.00869462,-0.10148561,-0.99272716,0.09796834,-0.06996441,1.81780636,0.07047953,0.00180295,-0.99751163,1.19430518
5,1597165307601554400,1597165307601461800,-0.09757777,-0.99519032,-0.00866210,-0.10122538,-0.99273229,0.09794537,-0.06992444,1.81783891,0.07043652,0.00177610,-0.99751472,1.19436145
5,1597165307610231600,1597165307610186700,-0.09761708,-0.99518609,-0.00870985,-0.10110140,-0.99272382,0.09798806,-0.06998480,1.81779885,0.07050134,0.00181475,-0.99751014,1.19391274
5,1597165307619383400,1597165307619360200,-0.09758752,-0.99518800,-0.00881511,-0.10102785,-0.99272597,0.09796599,-0.06998510,1.81779039,0.07051189,0.00192130,-0.99750918,1.19378304
5,1597165307628226100,1597165307628157700,-0.09758918,-0.99518824,-0.00877497,-0.10100543,-0.99272716,0.09796480,-0.06996969,1.81775999,0.07049264,0.00188291,-0.99751061,1.19365644
5,1597165307637388000,1597165307637279500,-0.09759162,-0.99518728,-0.00884610,-0.10080469,-0.99272591,0.09797226,-0.06997652,1.81775641,0.07050640,0.00195262,-0.99750954,1.19349623
5,1597165307646171800,1597165307646056500,-0.09757775,-0.99518883,-0.00882986,-0.10060883,-0.99272341,0.09795739,-0.07003324,1.81778717,0.07056123,0.00193191,-0.99750566,1.19411302
5,1597165307655305500,1597165307655277900,-0.09753187,-0.99519324,-0.00883418,-0.10053623,-0.99273348,0.09791176,-0.06995393,1.81785941,0.07048264,0.00194728,-0.99751121,1.19391441
5,1597165307664324200,1597165307664225800,-0.09751966,-0.99519438,-0.00885385,-0.10071409,-0.99273276,0.09790102,-0.06997925,1.81775546,0.07050973,0.00196517,-0.99750924,1.19344282
5,1597165307673297100,1597165307673259600,-0.09751926,-0.99519408,-0.00888544,-0.10058916,-0.99273384,0.09790281,-0.06996141,1.81775808,0.07049507,0.00199831,-0.99751019,1.19351459
5,1597165307682183500,1597165307682090400,-0.09750067,-0.99519622,-0.00884899,-0.10052907,-0.99273491,0.09788173,-0.06997579,1.81781864,0.07050578,0.00196204,-0.99750948,1.19395709
5,1597165307691124200,1597165307691093400,-0.09749132,-0.99519724,-0.00884193,-0.10053885,-0.99273777,0.09787186,-0.06994930,1.81789005,0.07047871,0.00195828,-0.99751145,1.19358969
5,1597165307700258800,1597165307700013200,-0.09749287,-0.99519658,-0.00889561,-0.10100543,-0.99274015,0.09787710,-0.06990756,1.81779718,0.07044242,0.00201556,-0.99751389,1.19383979
5,1597165307709214100,1597165307709116200,-0.09746394,-0.99519932,-0.00891209,-0.10093224,-0.99274075,0.09784947,-0.06993836,1.81784236,0.07047464,0.00203097,-0.99751157,1.19398069
5,1597165307718015200,1597165307717970300,-0.09747014,-0.99519980,-0.00878105,-0.10081327,-0.99273974,0.09784646,-0.06995710,1.81788313,0.07048048,0.00189859,-0.99751145,1.19382644
5,1597165307727156300,1597165307727091900,-0.09748261,-0.99519873,-0.00876778,-0.10085261,-0.99274391,0.09785781,-0.06988178,1.81793261,0.07040425,0.00189191,-0.99751681,1.19397354
5,1597165307736068200,1597165307735953400,-0.09748846,-0.99519813,-0.00876814,-0.10110438,-0.99274105,0.09786373,-0.06991355,1.81789005,0.07043590,0.00188875,-0.99751461,1.19353890
5,1597165307745087000,1597165307745054700,-0.09747219,-0.99519926,-0.00881898,-0.10101819,-0.99274468,0.09785102,-0.06988047,1.81790078,0.07040793,0.00194362,-0.99751645,1.19346380
5,1597165307754015400,1597165307753950800,-0.09741662,-0.99520552,-0.00872225,-0.10083342,-0.99275011,0.09778880,-0.06989008,1.81791592,0.07040792,0.00185055,-0.99751663,1.19395709
5,1597165307763072100,1597165307762932200,-0.09740238,-0.99520659,-0.00876039,-0.10071969,-0.99274886,0.09777734,-0.06992389,1.81786001,0.07044527,0.00188613,-0.99751395,1.19369459
5,1597165307771916800,1597165307771813400,-0.09737512,-0.99520981,-0.00870344,-0.10037947,-0.99275482,0.09774606,-0.06988302,1.81782842,0.07039897,0.00183550,-0.99751723,1.19330549
5,1597165307780950600,1597165307780885600,-0.09728500,-0.99521863,-0.00870878,-0.09875524,-0.99275982,0.09765664,-0.06993706,1.81791174,0.07045311,0.00184193,-0.99751341,1.19400740
5,1597165307789875300,1597165307789823400,-0.09718150,-0.99522758,-0.00883427,-0.09658444,-0.99276674,0.09756230,-0.06997065,1.81808066,0.07049859,0.00197050,-0.99751002,1.19489598
5,1597165307799030100,1597165307798945500,-0.09717042,-0.99522883,-0.00881040,-0.09513140,-0.99277860,0.09754927,-0.06982002,1.81787586,0.07034634,0.00196236,-0.99752074,1.19471049
5,1597165307807765500,1597165307807721500,-0.09708856,-0.99523777,-0.00870988,-0.09046721,-0.99278384,0.09746064,-0.06986907,1.81785178,0.07038519,0.00186354,-0.99751824,1.19504738
5,1597165307816911000,1597165307816857500,-0.09702049,-0.99524289,-0.00887653,-0.08528876,-0.99279183,0.09740440,-0.06983462,1.81813383,0.07036701,0.00203717,-0.99751914,1.19788671
5,1597165307825683100,1597165307825627100,-0.09700481,-0.99524379,-0.00895891,-0.07879841,-0.99280059,0.09739431,-0.06972408,1.81829190,0.07026498,0.00213087,-0.99752617,1.19897580
5,1597165307834952100,1597165307834898500,-0.09685529,-0.99526042,-0.00871852,-0.07946908,-0.99281299,0.09722838,-0.06977835,1.81725073,0.07029530,0.00189745,-0.99752450,1.19785953
5,1597165307843710000,1597165307843614800,-0.09693587,-0.99525213,-0.00876307,-0.07082713,-0.99279523,0.09731215,-0.06991420,1.81770921,0.07043499,0.00192279,-0.99751461,1.19917202
5,1597165307852860300,1597165307852730600,-0.09691697,-0.99525332,-0.00883597,-0.06188822,-0.99280465,0.09729820,-0.06980032,1.81792998,0.07032871,0.00200757,-0.99752188,1.20025349
5,1597165307861819100,1597165307861720600,-0.09695585,-0.99524909,-0.00888708,-0.05293143,-0.99279839,0.09734065,-0.06982979,1.81813562,0.07036310,0.00205269,-0.99751943,1.20143867
5,1597165307870819000,1597165307870758500,-0.09701090,-0.99524295,-0.00897563,-0.04312861,-0.99278611,0.09740199,-0.06991871,1.81838739,0.07046033,0.00212803,-0.99751234,1.20255852
5,1597165307879548600,1597165307879522600,-0.09709430,-0.99523342,-0.00913382,-0.03326523,-0.99280244,0.09749549,-0.06955588,1.81617630,0.07011483,0.00231463,-0.99753630,1.20356584
5,1597165307888748400,1597165307888644400,-0.09714148,-0.99522746,-0.00927836,-0.02290654,-0.99277002,0.09755362,-0.06993617,1.81609511,0.07050752,0.00241759,-0.99750841,1.20493031
5,1597165307897753000,1597165307897558500,-0.09708823,-0.99523354,-0.00918156,-0.01302505,-0.99279022,0.09749321,-0.06973335,1.81602073,0.07029609,0.00234509,-0.99752349,1.20606804
5,1597165307906751800,1597165307906646300,-0.09717784,-0.99522573,-0.00907934,-0.00246692,-0.99278814,0.09757522,-0.06964792,1.81473875,0.07020131,0.00224566,-0.99753040,1.20719290
5,1597165307915506400,1597165307915426600,-0.09713209,-0.99523282,-0.00878313,0.00784135,-0.99279809,0.09750868,-0.06959929,1.81456292,0.07012392,0.00195953,-0.99753642,1.20908451
5,1597165307924607200,1597165307924573500,-0.09708075,-0.99523926,-0.00861976,0.01797628,-0.99280071,0.09744611,-0.06964974,1.81431913,0.07015810,0.00179604,-0.99753439,1.21100593
5,1597165307933413000,1597165307933367600,-0.09708050,-0.99523878,-0.00868171,0.02805376,-0.99279380,0.09745038,-0.06974243,1.81410551,0.07025640,0.00184855,-0.99752730,1.21262336
5,1597165307942474400,1597165307942457400,-0.09708332,-0.99523795,-0.00874621,0.03773344,-0.99279428,0.09745770,-0.06972495,1.81361020,0.07024528,0.00191405,-0.99752796,1.21221709
5,1597165307951292500,1597165307951262000,-0.09707069,-0.99524087,-0.00855640,0.04911196,-0.99279922,0.09743171,-0.06969053,1.81338477,0.07019252,0.00172991,-0.99753207,1.21368241
5,1597165307960583500,1597165307960471000,-0.09711561,-0.99523824,-0.00834650,0.06021345,-0.99279588,0.09746179,-0.06969627,1.81308246,0.07017784,0.00151780,-0.99753344,1.21523404
5,1597165307969365500,1597165307969278900,-0.09707399,-0.99524224,-0.00834921,0.07116091,-0.99279594,0.09742055,-0.06975311,1.81284237,0.07023461,0.00151789,-0.99752945,1.21668267
5,1597165307978479800,1597165307978413400,-0.09698088,-0.99525160,-0.00831971,0.08203006,-0.99282146,0.09732525,-0.06952261,1.81221485,0.07000220,0.00151765,-0.99754572,1.21714187
5,1597165307987334400,1597165307987256700,-0.09696718,-0.99525368,-0.00822619,0.09376788,-0.99282390,0.09730502,-0.06951591,1.81191683,0.06998640,0.00142643,-0.99754697,1.21871924
5,1597165307996578900,1597165307996493200,-0.09705863,-0.99524552,-0.00813332,0.10514414,-0.99280173,0.09739001,-0.06971359,1.81164193,0.07017422,0.00130844,-0.99753398,1.21996784
5,1597165308005262700,1597165308005204800,-0.09689168,-0.99526274,-0.00801796,0.11623347,-0.99283832,0.09721503,-0.06943586,1.81133151,0.06988638,0.00123277,-0.99755430,1.22099590
5,1597165308014476000,1597165308014408800,-0.09691461,-0.99526244,-0.00777906,0.12786865,-0.99284297,0.09722114,-0.06936117,1.81100667,0.06978884,0.00100127,-0.99756134,1.22285295
5,1597165308023231200,1597165308023141900,-0.09692897,-0.99526113,-0.00776836,0.13905513,-0.99283028,0.09723488,-0.06952357,1.81060290,0.06994945,0.00097385,-0.99755013,1.22546768
5,1597165308032245400,1597165308032194500,-0.09692720,-0.99526131,-0.00776505,0.15053403,-0.99284971,0.09723261,-0.06924812,1.81025410,0.06967498,0.00099751,-0.99756932,1.22689819
5,1597165308041274800,1597165308041185800,-0.09680104,-0.99527526,-0.00754455,0.16236603,-0.99286234,0.09709141,-0.06926500,1.81001258,0.06967025,0.00078580,-0.99756980,1.22696090
5,1597165308050225400,1597165308050123700,-0.09676085,-0.99527931,-0.00752851,0.17350960,-0.99287683,0.09705009,-0.06911545,1.80969906,0.06951980,0.00078726,-0.99758035,1.22827387
5,1597165308059046800,1597165308058974900,-0.09669877,-0.99528432,-0.00766942,0.18472493,-0.99286950,0.09699812,-0.06929366,1.80961490,0.06971080,0.00091416,-0.99756694,1.22829509
5,1597165308068271300,1597165308068214100,-0.09667131,-0.99528682,-0.00767475,0.19662893,-0.99286896,0.09697114,-0.06933923,1.80940735,0.06975664,0.00091693,-0.99756366,1.22906590
5,1597165308077042000,1597165308076925700,-0.09642804,-0.99531126,-0.00757504,0.20792794,-0.99291199,0.09672128,-0.06907095,1.80935037,0.06947975,0.00086096,-0.99758309,1.22678924
5,1597165308086316300,1597165308086162200,-0.09645008,-0.99531031,-0.00741199,0.21981108,-0.99290222,0.09673201,-0.06919659,1.80904710,0.06958904,0.00068536,-0.99757552,1.22822046
5,1597165308095100000,1597165308095000800,-0.09644236,-0.99530816,-0.00778583,0.23107362,-0.99289382,0.09675044,-0.06929092,1.80879867,0.06971909,0.00104794,-0.99756622,1.22909808
5,1597165308104216500,1597165308104032200,-0.09623450,-0.99533141,-0.00738284,0.24323070,-0.99293536,0.09651482,-0.06902391,1.80879307,0.06941420,0.00068823,-0.99758780,1.22757888
5,1597165308112882700,1597165308112842500,-0.09622046,-0.99533081,-0.00764659,0.25480962,-0.99293643,0.09651911,-0.06900249,1.80853069,0.06941833,0.00095314,-0.99758726,1.22861552
5,1597165308122302300,1597165308122231300,-0.09623524,-0.99532926,-0.00766450,0.26874793,-0.99292594,0.09653521,-0.06913075,1.80840313,0.06954774,0.00095749,-0.99757820,1.22813082
5,1597165308130940000,1597165308130804800,-0.09617756,-0.99533594,-0.00751147,0.28139365,-0.99293828,0.09646697,-0.06904891,1.80813718,0.06945146,0.00081745,-0.99758506,1.22947884
5,1597165308140133400,1597165308140041200,-0.09591778,-0.99535680,-0.00805855,0.29212976,-0.99296218,0.09624577,-0.06901368,1.80824363,0.06946882,0.00138220,-0.99758321,1.22548604
5,1597165308148876900,1597165308148783000,-0.09593593,-0.99535578,-0.00796285,0.30408299,-0.99295431,0.09625736,-0.06911067,1.80801415,0.06955618,0.00127658,-0.99757731,1.22655845
5,1597165308157934300,1597165308157900800,-0.09586957,-0.99536335,-0.00780946,0.31669748,-0.99297380,0.09618030,-0.06893759,1.80784178,0.06936906,0.00114560,-0.99759048,1.22684860
5,1597165308166968200,1597165308166948600,-0.09588895,-0.99536157,-0.00780150,0.33196652,-0.99297035,0.09619910,-0.06896176,1.80790663,0.06939238,0.00113398,-0.99758887,1.22476530
5,1597165308175966600,1597165308175905800,-0.09554321,-0.99538958,-0.00844061,0.34594262,-0.99300110,0.09589851,-0.06893736,1.80827165,0.06942896,0.00179505,-0.99758536,1.21800041
5,1597165308184766000,1597165308184719400,-0.09547808,-0.99539971,-0.00797996,0.35761166,-0.99301755,0.09580143,-0.06883490,1.80795550,0.06928272,0.00135201,-0.99759626,1.21966100
5,1597165308194167400,1597165308194130600,-0.09551501,-0.99539608,-0.00798029,0.37106454,-0.99301159,0.09583835,-0.06886996,1.80787826,0.06931769,0.00134641,-0.99759388,1.21882057
5,1597165308202912800,1597165308202742000,-0.09544800,-0.99539733,-0.00860044,0.38445091,-0.99301726,0.09581441,-0.06882157,1.80748057,0.06932884,0.00197151,-0.99759197,1.22096372
5,1597165308211921300,1597165308211816900,-0.09546507,-0.99540347,-0.00765523,0.39710391,-0.99302751,0.09576587,-0.06874119,1.80720496,0.06915832,0.00103951,-0.99760526,1.22138119
5,1597165308220673100,1597165308220601800,-0.09508504,-0.99543113,-0.00871328,0.40780437,-0.99304372,0.09546036,-0.06893179,1.80794621,0.06944861,0.00209829,-0.99758339,1.21067572
5,1597165308229811600,1597165308229789200,-0.09509465,-0.99543166,-0.00854921,0.42122090,-0.99303895,0.09545870,-0.06900261,1.80790114,0.06950346,0.00192797,-0.99757993,1.20878339
5,1597165308238668100,1597165308238568800,-0.09517010,-0.99541759,-0.00931573,0.43646216,-0.99304545,0.09558654,-0.06873125,1.80882931,0.06930673,0.00270984,-0.99759185,1.19944358
5,1597165308247767700,1597165308247741900,-0.09495005,-0.99544376,-0.00873685,0.45735371,-0.99309182,0.09532624,-0.06842265,1.80932367,0.06894374,0.00217974,-0.99761820,1.19502020
5,1597165308256589500,1597165308256528900,-0.09488972,-0.99544907,-0.00879174,0.47000742,-0.99308854,0.09527011,-0.06854830,1.80917442,0.06907392,0.00222647,-0.99760914,1.19554186
5,1597165308265930300,1597165308265839700,-0.09485201,-0.99544692,-0.00941926,0.48786521,-0.99308139,0.09527613,-0.06864273,1.80970192,0.06922761,0.00284323,-0.99759686,1.18618870
5,1597165308274524800,1597165308274439300,-0.09487988,-0.99544239,-0.00961643,0.50048959,-0.99308783,0.09531713,-0.06849325,1.80970573,0.06909768,0.00305137,-0.99760532,1.18505788
5,1597165308283658000,1597165308283532500,-0.09468756,-0.99546111,-0.00956804,0.51280582,-0.99310702,0.09512190,-0.06848565,1.81095064,0.06908492,0.00301737,-0.99760628,1.17273498
5,1597165308292368000,1597165308292313800,-0.10319114,-0.99406034,-0.03458115,0.10315812,-0.99169528,0.10550421,-0.07354841,1.82080483,0.07676001,0.02670446,-0.99669206,1.14886045
5,1597165308301567000,1597165308301477600,-0.10318194,-0.99407095,-0.03430238,0.10531986,-0.99170327,0.10547200,-0.07348689,1.82097840,0.07666911,0.02643532,-0.99670613,1.14758992
5,1597165308310519200,1597165308310392900,-0.10291457,-0.99409872,-0.03430101,0.10731900,-0.99172300,0.10520812,-0.07359866,1.82078552,0.07677307,0.02644274,-0.99669802,1.14603519
5,1597165308319724500,1597165308319636900,-0.10285142,-0.99410319,-0.03435960,0.10955405,-0.99174535,0.10514404,-0.07338879,1.82090926,0.07656873,0.02652788,-0.99671137,1.14523983
5,1597165308328342800,1597165308328306300,-0.10067061,-0.99425203,-0.03644910,0.10846555,-0.99149901,0.10329249,-0.07912280,1.82204735,0.08243291,0.02817392,-0.99619836,1.13297725
5,1597165308337868600,1597165308337656000,-0.10054804,-0.99426651,-0.03639275,0.11059606,-0.99151719,0.10316392,-0.07906292,1.82220614,0.08236402,0.02813441,-0.99620521,1.13104177
5,1597165308346252700,1597165308346208200,-0.10051068,-0.99427485,-0.03626767,0.11256886,-0.99152499,0.10311536,-0.07902822,1.82235789,0.08231551,0.02801713,-0.99621248,1.12932563
5,1597165308355371000,1597165308355324500,-0.09823498,-0.99445844,-0.03744966,0.11644614,-0.99145973,0.10104365,-0.08244874,1.82191610,0.08577588,0.02903050,-0.99589157,1.13612247
5,1597165308364272800,1597165308364184600,-0.09819180,-0.99446195,-0.03746971,0.11861217,-0.99147594,0.10099825,-0.08230942,1.82197201,0.08563794,0.02906820,-0.99590230,1.13534832
5,1597165308373441900,1597165308373351200,-0.09807020,-0.99447578,-0.03741989,0.12101328,-0.99148285,0.10087474,-0.08237774,1.82195735,0.08569738,0.02902243,-0.99589849,1.13466167
5,1597165308382184700,1597165308382156800,-0.09806815,-0.99447876,-0.03734770,0.12328911,-0.99148297,0.10086674,-0.08238643,1.82203841,0.08569869,0.02895012,-0.99590051,1.13411856
5,1597165308391359400,1597165308391323300,-0.09775755,-0.99451077,-0.03731009,0.12579274,-0.99144387,0.10057765,-0.08320635,1.82190084,0.08650216,0.02885684,-0.99583369,1.13492155
5,1597165308400207600,1597165308400162800,-0.09773165,-0.99451089,-0.03737342,0.12818980,-0.99144053,0.10055912,-0.08326838,1.82194090,0.08656954,0.02891558,-0.99582613,1.13471389
5,1597165308409317500,1597165308409272100,-0.09763326,-0.99452609,-0.03722587,0.13039303,-0.99146980,0.10044224,-0.08306030,1.82191634,0.08634467,0.02879888,-0.99584907,1.13428330
5,1597165308418059300,1597165308418017900,-0.09817445,-0.99447811,-0.03708395,0.13237464,-0.99146467,0.10095339,-0.08250000,1.82186580,0.08578819,0.02866805,-0.99590099,1.13385415
5,1597165308427186900,1597165308427161400,-0.09812818,-0.99449241,-0.03682280,0.13527167,-0.99148238,0.10088128,-0.08237552,1.82190061,0.08563654,0.02842581,-0.99592090,1.13349128
5,1597165308436294900,1597165308436268700,-0.09800482,-0.99450177,-0.03689906,0.13675857,-0.99150521,0.10076115,-0.08224755,1.82179666,0.08551331,0.02852497,-0.99592870,1.13261819
5,1597165308445488100,1597165308445424800,-0.09803215,-0.99450266,-0.03680077,0.13957787,-0.99150217,0.10078036,-0.08226058,1.82182527,0.08551715,0.02842388,-0.99593121,1.13210940
5,1597165308454199900,1597165308454112900,-0.09822879,-0.99448949,-0.03663221,0.14097583,-0.99151605,0.10095126,-0.08188301,1.82168412,0.08512985,0.02827817,-0.99596858,1.13134933
5,1597165308463735900,1597165308463701500,-0.09819202,-0.99450153,-0.03640381,0.14421868,-0.99153209,0.10089173,-0.08176206,1.82168770,0.08498533,0.02806714,-0.99598688,1.13072920
5,1597165308472165700,1597165308472095900,-0.09819235,-0.99450278,-0.03636906,0.14661872,-0.99155086,0.10088298,-0.08154474,1.82179737,0.08476548,0.02805471,-0.99600595,1.13031530
5,1597165308481280700,1597165308481233900,-0.09817950,-0.99450135,-0.03644109,0.14944077,-0.99154943,0.10087699,-0.08156952,1.82177746,0.08479706,0.02812469,-0.99600136,1.12937498
5,1597165308490058600,1597165308489988500,-0.09834643,-0.99447477,-0.03671506,0.15113544,-0.99155354,0.10105883,-0.08129393,1.82162809,0.08455512,0.02840996,-0.99601376,1.12881231
5,1597165308499161100,1597165308499091000,-0.09832899,-0.99446607,-0.03699753,0.15382862,-0.99152762,0.10107391,-0.08159114,1.82162881,0.08487909,0.02866131,-0.99597907,1.12812328
5,1597165308508224900,1597165308508022100,-0.09831019,-0.99449205,-0.03634512,0.15702045,-0.99158865,0.10098200,-0.08096089,1.82188225,0.08418515,0.02808017,-0.99605447,1.12858868
5,1597165308517259100,1597165308517097300,-0.09829171,-0.99448252,-0.03665259,0.15918791,-0.99157929,0.10099238,-0.08106210,1.82187378,0.08431646,0.02837625,-0.99603498,1.12773108
5,1597165308526027100,1597165308525931700,-0.09837832,-0.99447560,-0.03661057,0.16138482,-0.99159849,0.10106588,-0.08073517,1.82187569,0.08398922,0.02836043,-0.99606305,1.12832546
5,1597165308534389300,1597165308534320800,-0.09837557,-0.99445885,-0.03706837,0.16233587,-0.99157643,0.10110796,-0.08095340,1.82182765,0.08425272,0.02879232,-0.99602842,1.12723327
5,1597165308543275900,1597165308543238000,-0.09826980,-0.99447560,-0.03689858,0.16473877,-0.99162191,0.10097682,-0.08055862,1.82208490,0.08383948,0.02867296,-0.99606669,1.12782502
5,1597165308552690900,1597165308552633200,-0.09366269,-0.99531394,-0.02403343,0.00163162,-0.99174142,0.09539644,-0.08572391,1.81797540,0.08761489,0.01580581,-0.99602908,1.18921733
5,1597165308561285800,1597165308561242000,-0.09367274,-0.99531245,-0.02405772,-0.00194657,-0.99173892,0.09540882,-0.08573870,1.81782818,0.08763209,0.01582760,-0.99602729,1.19040656
5,1597165308570328100,1597165308570268600,-0.09400271,-0.99536449,-0.02032790,-0.01051342,-0.99176043,0.09540826,-0.08549000,1.81694508,0.08703314,0.01212412,-0.99613172,1.19520140
5,1597165308579222000,1597165308579165900,-0.09389571,-0.99545377,-0.01598981,-0.01150095,-0.99173266,0.09493157,-0.08633880,1.81597769,0.08746421,0.00775075,-0.99613756,1.19199562
5,1597165308588427300,1597165308588350400,-0.09369770,-0.99543864,-0.01796976,-0.01146686,-0.99174666,0.09490639,-0.08620551,1.81505346,0.08751772,0.00974423,-0.99611539,1.19519424
5,1597165308597259400,1597165308597132700,-0.09309150,-0.99560404,-0.01033199,0.00265515,-0.99195725,0.09363435,-0.08516762,1.81792712,0.08576065,0.00232056,-0.99631315,1.19810033
5,1597165308606155300,1597165308606111400,-0.09297775,-0.99561793,-0.01002070,0.00188458,-0.99198884,0.09349389,-0.08495381,1.81744862,0.08551839,0.00204164,-0.99633455,1.19818258
5,1597165308615244600,1597165308615154600,-0.09326448,-0.99564004,0.00167626,0.00633073,-0.99211401,0.09279232,-0.08425799,1.81624103,0.08373508,-0.00952134,-0.99644268,1.19414830
5,1597165308624105900,1597165308624075800,-0.09136324,-0.99581724,-0.00101590,0.00842500,-0.99198675,0.09110110,-0.08753794,1.81547415,0.08726433,-0.00698999,-0.99616075,1.19370317
5,1597165308633153200,1597165308633124100,-0.09177801,-0.99577951,-0.00036106,0.01677251,-0.99210095,0.09147009,-0.08584284,1.81714225,0.08551355,-0.00752026,-0.99630868,1.19474673
5,1597165308642182900,1597165308642151600,-0.09175514,-0.99578148,-0.00070029,0.01802886,-0.99210513,0.09147671,-0.08578777,1.81700134,0.08548991,-0.00717670,-0.99631327,1.19376755
5,1597165308651133600,1597165308651064500,-0.09128675,-0.99582458,0.00058088,0.01825428,-0.99221253,0.09090597,-0.08514968,1.81701624,0.08474132,-0.00834936,-0.99636805,1.19501543
5,1597165308660123300,1597165308660057800,-0.09143053,-0.99581146,0.00041601,0.01817358,-0.99219477,0.09106287,-0.08518906,1.81689119,0.08479434,-0.00820163,-0.99636477,1.19544673
5,1597165308669091800,1597165308669066700,-0.09156289,-0.99579930,-0.00042370,0.02238297,-0.99218827,0.09126704,-0.08504578,1.81771350,0.08472719,-0.00736666,-0.99637699,1.19451618
5,1597165308678083000,1597165308677998600,-0.09154656,-0.99580055,-0.00085559,0.02367222,-0.99222302,0.09129037,-0.08461422,1.81751037,0.08433698,-0.00689715,-0.99641347,1.19457388
5,1597165308686939500,1597165308686872400,-0.09112935,-0.99583900,0.00051636,0.02350140,-0.99230939,0.09076271,-0.08416777,1.81760705,0.08377067,-0.00818256,-0.99645150,1.19435525
5,1597165308696025500,1597165308695943500,-0.09137610,-0.99581653,0.00005415,0.02702081,-0.99229085,0.09104801,-0.08407819,1.81835437,0.08372150,-0.00773650,-0.99645925,1.19431400
5,1597165308704879000,1597165308704791900,-0.09138723,-0.99581558,-0.00000274,0.02818727,-0.99229884,0.09106473,-0.08396588,1.81836247,0.08361477,-0.00767061,-0.99646872,1.19434857
5,1597165308714037200,1597165308713939600,-0.09130453,-0.99582303,-0.00033581,0.02889359,-0.99230736,0.09101047,-0.08392413,1.81788862,0.08360413,-0.00732943,-0.99647218,1.19403529
5,1597165308722908600,1597165308722833600,-0.09088338,-0.99586153,0.00043604,0.03090012,-0.99238765,0.09052978,-0.08349378,1.81782758,0.08310875,-0.00802091,-0.99650830,1.19505525
5,1597165308731933500,1597165308731844900,-0.09100559,-0.99585032,0.00054336,0.03469467,-0.99239665,0.09064455,-0.08326170,1.81831801,0.08286692,-0.00811651,-0.99652761,1.19543815
5,1597165308740929500,1597165308740870500,-0.09094975,-0.99585557,0.00030211,0.03601217,-0.99241072,0.09060992,-0.08313173,1.81794357,0.08275981,-0.00786060,-0.99653864,1.19581270
5,1597165308749856100,1597165308749823700,-0.09061195,-0.99588615,0.00064909,0.03686273,-0.99246269,0.09024643,-0.08290605,1.81790853,0.08250639,-0.00815648,-0.99655724,1.19434690
5,1597165308758835800,1597165308758780800,-0.09058087,-0.99588895,0.00069124,0.03903985,-0.99243748,0.09020916,-0.08324783,1.81814623,0.08284323,-0.00822663,-0.99652869,1.19526744
5,1597165308767989100,1597165308767902100,-0.09058384,-0.99588883,0.00035319,0.04101193,-0.99245030,0.09024162,-0.08305953,1.81828308,0.08268618,-0.00787437,-0.99654460,1.19492078
5,1597165308776761100,1597165308776721600,-0.09051770,-0.99589479,0.00066516,0.04206026,-0.99246603,0.09015065,-0.08297019,1.81796122,0.08256960,-0.00817037,-0.99655187,1.19405508
5,1597165308785939200,1597165308785831400,-0.09020813,-0.99592251,0.00108045,0.04409099,-0.99250972,0.08980916,-0.08281769,1.81806695,0.08238295,-0.00854316,-0.99656421,1.19522381
5,1597165308794774400,1597165308794687100,-0.09022055,-0.99592131,0.00106826,0.04475343,-0.99251980,0.08982372,-0.08268145,1.81846440,0.08224825,-0.00851986,-0.99657559,1.19382691
5,1597165308803798300,1597165308803649800,-0.09017351,-0.99592602,0.00051099,0.04580748,-0.99250013,0.08982076,-0.08292058,1.81843758,0.08253685,-0.00798443,-0.99655610,1.19331646
5,1597165308812693900,1597165308812656600,-0.09010577,-0.99593180,0.00101006,0.04715097,-0.99252868,0.08971401,-0.08269423,1.81807494,0.08226718,-0.00845376,-0.99657452,1.19263554
5,1597165308821793900,1597165308821715800,-0.08977261,-0.99596155,0.00129017,0.04714286,-0.99256438,0.08935934,-0.08264948,1.81820691,0.08220041,-0.00870019,-0.99657786,1.19347095
5,1597165308830684100,1597165308830532200,-0.08982700,-0.99595654,0.00138173,0.04835284,-0.99256939,0.08940700,-0.08253768,1.81824660,0.08208039,-0.00878555,-0.99658704,1.19177055
5,1597165308839654000,1597165308839515100,-0.08964807,-0.99597329,0.00082698,0.04922330,-0.99255913,0.08927200,-0.08280677,1.81781101,0.08239949,-0.00824431,-0.99656534,1.19198036
5,1597165308848530600,1597165308848482700,-0.08959605,-0.99597698,0.00160351,0.05122542,-0.99262828,0.08916264,-0.08209245,1.81801128,0.08161920,-0.00894684,-0.99662352,1.19339061
5,1597165308857575500,1597165308857474500,-0.08979227,-0.99595904,0.00179663,0.05217254,-0.99260610,0.08934177,-0.08216562,1.81787646,0.08167306,-0.00916114,-0.99661714,1.19431901
5,1597165308866449800,1597165308866411200,-0.08981084,-0.99595702,0.00195149,0.05459499,-0.99259460,0.08934637,-0.08229995,1.81784940,0.08179283,-0.00932842,-0.99660575,1.19413352
