0,1598326763958284600,1598326763958177300,-0.72274256,-0.05042537,-0.68927538,0.01840353,-0.00296743,0.99755192,-0.06986646,1.78610992,0.69111109,-0.04845009,-0.72112292,0.79838181
0,1598326763967537400,1598326763967433700,-0.72272539,-0.05039620,-0.68929565,0.01843262,-0.00294004,0.99755311,-0.06985107,1.78610730,0.69112921,-0.04845658,-0.72110510,0.79839706
0,1598326763976540100,1598326763976409800,-0.72270644,-0.05038466,-0.68931627,0.01843309,-0.00294911,0.99755502,-0.06982299,1.78611803,0.69114900,-0.04842865,-0.72108799,0.79841399
0,1598326763985538100,1598326763985459500,-0.72270519,-0.05037422,-0.68931836,0.01843822,-0.00293888,0.99755538,-0.06981844,1.78611100,0.69115031,-0.04843232,-0.72108650,0.79840994
0,1598326763994391800,1598326763994338500,-0.72269613,-0.05038324,-0.68932724,0.01843762,-0.00293864,0.99755454,-0.06983083,1.78610563,0.69115978,-0.04844078,-0.72107685,0.79841781
0,1598326764003389200,1598326764003333500,-0.72270805,-0.05039913,-0.68931359,0.01839077,-0.00294617,0.99755335,-0.06984716,1.78609502,0.69114733,-0.04844826,-0.72108829,0.79841924
0,1598326764012362900,1598326764012266600,-0.72270525,-0.05043507,-0.68931383,0.01834714,-0.00294697,0.99754977,-0.06989805,1.78599739,0.69115019,-0.04848430,-0.72108305,0.79832721
0,1598326764021495400,1598326764021398500,-0.72270501,-0.05044641,-0.68931329,0.01831961,-0.00293614,0.99754786,-0.06992576,1.78600788,0.69115049,-0.04851178,-0.72108090,0.79828978
0,1598326764030420500,1598326764030335500,-0.72271073,-0.05044024,-0.68930775,0.01824880,-0.00293190,0.99754816,-0.06992184,1.78599453,0.69114459,-0.04851228,-0.72108662,0.79828477
0,1598326764039425900,1598326764039339300,-0.72270477,-0.05047926,-0.68931121,0.01821244,-0.00294276,0.99754500,-0.06996635,1.78594518,0.69115078,-0.04853654,-0.72107905,0.79823589
0,1598326764048414200,1598326764048312100,-0.72270250,-0.05047930,-0.68931341,0.01822567,-0.00294879,0.99754542,-0.06995989,1.78593564,0.69115305,-0.04852756,-0.72107744,0.79825425
0,1598326764057367000,1598326764057241600,-0.72270584,-0.05049126,-0.68930906,0.01818669,-0.00291502,0.99754184,-0.07001279,1.78595400,0.69114971,-0.04858930,-0.72107649,0.79820156
0,1598326764065966800,1598326764065861800,-0.72269696,-0.05049253,-0.68931830,0.01820445,-0.00292513,0.99754250,-0.07000316,1.78594792,0.69115895,-0.04857472,-0.72106862,0.79820108
0,1598326764074955400,1598326764074902200,-0.72268379,-0.05052060,-0.68933010,0.01817489,-0.00294354,0.99754101,-0.07002323,1.78591049,0.69117266,-0.04857558,-0.72105539,0.79816961
0,1598326764083929800,1598326764083811300,-0.72267807,-0.05050071,-0.68933755,0.01818895,-0.00293374,0.99754238,-0.07000409,1.78589940,0.69117868,-0.04856808,-0.72105020,0.79819107
0,1598326764093054000,1598326764092976200,-0.72267246,-0.05048881,-0.68934429,0.01816487,-0.00292442,0.99754298,-0.06999602,1.78589880,0.69118458,-0.04856826,-0.72104448,0.79816484
0,1598326764101899800,1598326764101785200,-0.72266567,-0.05047495,-0.68935239,0.01819825,-0.00291651,0.99754387,-0.06998353,1.78589201,0.69119167,-0.04856420,-0.72103798,0.79816318
0,1598326764110842600,1598326764110770500,-0.72265846,-0.05046340,-0.68936086,0.01822031,-0.00292004,0.99754536,-0.06996240,1.78590202,0.69119930,-0.04854595,-0.72103190,0.79820681
0,1598326764119901500,1598326764119781800,-0.72266626,-0.05046150,-0.68935275,0.01819992,-0.00290687,0.99754459,-0.06997418,1.78590488,0.69119108,-0.04856412,-0.72103846,0.79817986
0,1598326764128891000,1598326764128810700,-0.72267532,-0.05049716,-0.68934071,0.01813185,-0.00292478,0.99754214,-0.07000802,1.78589010,0.69118160,-0.04857691,-0.72104675,0.79817033
0,1598326764137855100,1598326764137760400,-0.72267616,-0.05048450,-0.68934071,0.01813340,-0.00292355,0.99754333,-0.06999107,1.78590524,0.69118071,-0.04856556,-0.72104841,0.79818749
0,1598326764146809200,1598326764146726800,-0.72267115,-0.05048151,-0.68934619,0.01814938,-0.00293123,0.99754423,-0.06997821,1.78589761,0.69118589,-0.04855061,-0.72104436,0.79820514
0,1598326764155744300,1598326764155632200,-0.72266865,-0.05049156,-0.68934810,0.01811719,-0.00291114,0.99754179,-0.07001347,1.78591239,0.69118869,-0.04858975,-0.72103918,0.79816437
0,1598326764164764900,1598326764164695600,-0.72267747,-0.05049422,-0.68933868,0.01811159,-0.00291752,0.99754190,-0.07001156,1.78590977,0.69117939,-0.04858461,-0.72104836,0.79815841
0,1598326764173682200,1598326764173587100,-0.72267979,-0.05049112,-0.68933642,0.01809776,-0.00292931,0.99754304,-0.06999501,1.78590643,0.69117689,-0.04856469,-0.72105205,0.79815006
0,1598326764182595200,1598326764182548500,-0.72266412,-0.05049010,-0.68935299,0.01810503,-0.00294924,0.99754465,-0.06997114,1.78590679,0.69119322,-0.04853256,-0.72103858,0.79817438
0,1598326764191656400,1598326764191566900,-0.72267324,-0.05047218,-0.68934464,0.01810515,-0.00293521,0.99754542,-0.06996079,1.78588223,0.69118369,-0.04853542,-0.72104758,0.79819202
0,1598326764200647600,1598326764200579800,-0.72267807,-0.05047243,-0.68933964,0.01807237,-0.00293548,0.99754536,-0.06996136,1.78587580,0.69117868,-0.04853600,-0.72105235,0.79818988
0,1598326764209602600,1598326764209501100,-0.72267032,-0.05047494,-0.68934757,0.01807714,-0.00295135,0.99754632,-0.06994765,1.78590572,0.69118673,-0.04851458,-0.72104603,0.79822111
0,1598326764218595000,1598326764218480900,-0.72267699,-0.05047942,-0.68934023,0.01807535,-0.00294231,0.99754518,-0.06996423,1.78592443,0.69117981,-0.04853328,-0.72105145,0.79818702
0,1598326764227523000,1598326764227438800,-0.72267818,-0.05047992,-0.68933892,0.01806271,-0.00293087,0.99754429,-0.06997701,1.78592217,0.69117856,-0.04855049,-0.72105145,0.79818249
0,1598326764236537000,1598326764236457700,-0.72268164,-0.05048152,-0.68933517,0.01804984,-0.00292631,0.99754381,-0.06998444,1.78590310,0.69117498,-0.04855926,-0.72105438,0.79815221
0,1598326764245658000,1598326764245573500,-0.72267747,-0.05047415,-0.68934000,0.01806462,-0.00291709,0.99754393,-0.06998298,1.78590035,0.69117928,-0.04856426,-0.72104985,0.79817176
0,1598326764254505500,1598326764254428000,-0.72267413,-0.05048989,-0.68934250,0.01805210,-0.00291950,0.99754250,-0.07000288,1.78589332,0.69118285,-0.04857673,-0.72104561,0.79816389
0,1598326764263431200,1598326764263325300,-0.72267264,-0.05045779,-0.68934637,0.01811039,-0.00289092,0.99754375,-0.06998610,1.78589916,0.69118452,-0.04858420,-0.72104347,0.79816294
0,1598326764272431500,1598326764272346300,-0.72267717,-0.05043732,-0.68934321,0.01810801,-0.00288709,0.99754554,-0.06996094,1.78590751,0.69117987,-0.04856898,-0.72104895,0.79816294
0,1598326764281369000,1598326764281289500,-0.72265309,-0.05043796,-0.68936831,0.01812196,-0.00289796,0.99754643,-0.06994808,1.78590631,0.69120491,-0.04855043,-0.72102618,0.79818273
0,1598326764290478000,1598326764290366900,-0.72266436,-0.05043489,-0.68935663,0.01810884,-0.00288014,0.99754542,-0.06996337,1.78591347,0.69119310,-0.04857460,-0.72103584,0.79815793
0,1598326764299374500,1598326764299318100,-0.72267371,-0.05041838,-0.68934810,0.01819599,-0.00288001,0.99754703,-0.06994057,1.78592348,0.69118345,-0.04855889,-0.72104621,0.79815459
0,1598326764308332200,1598326764308276500,-0.72266483,-0.05039917,-0.68935883,0.01819646,-0.00286926,0.99754828,-0.06992307,1.78593075,0.69119275,-0.04855299,-0.72103775,0.79815054
0,1598326764317250600,1598326764317187800,-0.72266471,-0.05038375,-0.68936014,0.01820540,-0.00287124,0.99754995,-0.06989868,1.78593469,0.69119292,-0.04853399,-0.72103882,0.79817343
0,1598326764326448800,1598326764326259200,-0.72266412,-0.05039517,-0.68935984,0.01820767,-0.00289152,0.99755025,-0.06989399,1.78592384,0.69119334,-0.04851659,-0.72103953,0.79817510
0,1598326764335350000,1598326764335297600,-0.72266388,-0.05040815,-0.68935919,0.01816261,-0.00289605,0.99754924,-0.06990802,1.78591895,0.69119370,-0.04852358,-0.72103876,0.79816604
0,1598326764344320800,1598326764344212200,-0.72266304,-0.05040762,-0.68936014,0.01818919,-0.00291497,0.99755061,-0.06988744,1.78594553,0.69119447,-0.04849561,-0.72103989,0.79820347
0,1598326764353267800,1598326764353201200,-0.72267246,-0.05041077,-0.68935007,0.01819110,-0.00291591,0.99755031,-0.06989196,1.78593981,0.69118470,-0.04849891,-0.72104907,0.79819727
0,1598326764362163900,1598326764362113500,-0.72267574,-0.05044631,-0.68934393,0.01812077,-0.00293983,0.99754834,-0.06991879,1.78593302,0.69118106,-0.04850207,-0.72105229,0.79818845
0,1598326764371141300,1598326764371053200,-0.72267014,-0.05045899,-0.68934888,0.01808882,-0.00293548,0.99754679,-0.06994111,1.78588974,0.69118690,-0.04852078,-0.72104543,0.79812741
0,1598326764380125000,1598326764380051000,-0.72265309,-0.05045893,-0.68936676,0.01810026,-0.00294178,0.99754739,-0.06993271,1.78588986,0.69120473,-0.04850912,-0.72102916,0.79815793
0,1598326764389014100,1598326764388964100,-0.72266114,-0.05044858,-0.68935907,0.01808870,-0.00292448,0.99754715,-0.06993660,1.78589559,0.69119644,-0.04852445,-0.72103614,0.79813147
0,1598326764398142500,1598326764398063500,-0.72267812,-0.05044615,-0.68934149,0.01812935,-0.00294224,0.99754852,-0.06991629,1.78590071,0.69117862,-0.04849876,-0.72105491,0.79812217
0,1598326764407203400,1598326764407069900,-0.72265667,-0.05046170,-0.68936288,0.01813233,-0.00296277,0.99754852,-0.06991519,1.78590953,0.69120097,-0.04848225,-0.72103459,0.79811954
0,1598326764416060700,1598326764415979500,-0.72266006,-0.05045092,-0.68936014,0.01815081,-0.00297262,0.99755031,-0.06988965,1.78591442,0.69119734,-0.04845725,-0.72103971,0.79816151
0,1598326764425062200,1598326764425002300,-0.72266746,-0.05044040,-0.68935311,0.01816177,-0.00295937,0.99755037,-0.06988900,1.78589916,0.69118965,-0.04846645,-0.72104651,0.79816914
0,1598326764433976500,1598326764433918500,-0.72266936,-0.05043077,-0.68935180,0.01818991,-0.00294421,0.99755031,-0.06989107,1.78590405,0.69118774,-0.04847854,-0.72104746,0.79816532
0,1598326764443048200,1598326764442946100,-0.72266817,-0.05043511,-0.68935269,0.01821232,-0.00298880,0.99755299,-0.06985073,1.78593934,0.69118875,-0.04841856,-0.72105056,0.79819059
0,1598326764452051900,1598326764451973300,-0.72265536,-0.05044172,-0.68936568,0.01822734,-0.00301418,0.99755418,-0.06983251,1.78594506,0.69120210,-0.04838696,-0.72103989,0.79822826
0,1598326764460941400,1598326764460836100,-0.72264826,-0.05045380,-0.68937224,0.01822519,-0.00300526,0.99755239,-0.06985857,1.78595209,0.69120955,-0.04841143,-0.72103113,0.79821253
0,1598326764469871000,1598326764469796600,-0.72266281,-0.05045958,-0.68935657,0.01820743,-0.00300695,0.99755180,-0.06986665,1.78595304,0.69119436,-0.04841717,-0.72104526,0.79821062
0,1598326764478922800,1598326764478854300,-0.72266233,-0.05043282,-0.68935901,0.01823795,-0.00300677,0.99755448,-0.06982806,1.78598619,0.69119483,-0.04838937,-0.72104669,0.79826117
0,1598326764487864400,1598326764487784700,-0.72266722,-0.05040944,-0.68935561,0.01825106,-0.00299441,0.99755597,-0.06980762,1.78597856,0.69118977,-0.04838347,-0.72105199,0.79827261
0,1598326764496803900,1598326764496711200,-0.72267050,-0.05044652,-0.68934941,0.01818991,-0.00301589,0.99755371,-0.06983921,1.78597617,0.69118625,-0.04839173,-0.72105479,0.79827023
0,1598326764505841500,1598326764505755500,-0.72267056,-0.05043368,-0.68935037,0.01820815,-0.00300717,0.99755442,-0.06982972,1.78600848,0.69118619,-0.04839089,-0.72105485,0.79829407
0,1598326764514731700,1598326764514623600,-0.72267580,-0.05042093,-0.68934572,0.01821923,-0.00300672,0.99755561,-0.06981228,1.78601789,0.69118071,-0.04837897,-0.72106093,0.79832077
0,1598326764523788300,1598326764523674500,-0.72269094,-0.05039462,-0.68933177,0.01822960,-0.00299285,0.99755722,-0.06979020,1.78601193,0.69116497,-0.04837368,-0.72107637,0.79833221
0,1598326764532720400,1598326764532640400,-0.72268176,-0.05038875,-0.68934184,0.01827312,-0.00299706,0.99755818,-0.06977640,1.78602242,0.69117451,-0.04836013,-0.72106808,0.79833674
0,1598326764541723100,1598326764541630300,-0.72268504,-0.05037671,-0.68933928,0.01827025,-0.00297541,0.99755782,-0.06978188,1.78601539,0.69117123,-0.04837925,-0.72106999,0.79832435
0,1598326764550686200,1598326764550589300,-0.72268200,-0.05038966,-0.68934155,0.01828051,-0.00300078,0.99755830,-0.06977385,1.78602338,0.69117433,-0.04835574,-0.72106862,0.79834700
0,1598326764559703800,1598326764559646400,-0.72269082,-0.05039235,-0.68933201,0.01827574,-0.00299266,0.99755740,-0.06978712,1.78603423,0.69116503,-0.04837158,-0.72107649,0.79833555
0,1598326764568600100,1598326764568537700,-0.72268176,-0.05037449,-0.68934292,0.01829851,-0.00298808,0.99755895,-0.06976511,1.78604436,0.69117457,-0.04835816,-0.72106820,0.79834175
0,1598326764577596500,1598326764577528300,-0.72268444,-0.05037586,-0.68934000,0.01831341,-0.00299942,0.99755961,-0.06975555,1.78606069,0.69117177,-0.04834364,-0.72107190,0.79834580
0,1598326764586636200,1598326764586544500,-0.72269750,-0.05037215,-0.68932652,0.01831484,-0.00298050,0.99755859,-0.06977124,1.78606701,0.69115812,-0.04836896,-0.72108322,0.79834294
0,1598326764595644400,1598326764595528500,-0.72269154,-0.05039252,-0.68933129,0.01822829,-0.00299957,0.99755788,-0.06978022,1.78606927,0.69116431,-0.04836188,-0.72107786,0.79834485
0,1598326764604515500,1598326764604403800,-0.72268945,-0.05041184,-0.68933213,0.01821136,-0.00299790,0.99755579,-0.06980971,1.78605354,0.69116652,-0.04838419,-0.72107422,0.79831719
0,1598326764613534300,1598326764613429900,-0.72268081,-0.05041225,-0.68934107,0.01821220,-0.00300359,0.99755627,-0.06980348,1.78606248,0.69117546,-0.04837515,-0.72106624,0.79832745
0,1598326764622391200,1598326764622339700,-0.72269827,-0.05037866,-0.68932521,0.01822758,-0.00299079,0.99755859,-0.06977000,1.78604686,0.69115722,-0.04836103,-0.72108454,0.79835486
0,1598326764631516900,1598326764631457800,-0.72269922,-0.05038075,-0.68932420,0.01826644,-0.00300610,0.99755949,-0.06975714,1.78605819,0.69115627,-0.04834125,-0.72108686,0.79836154
0,1598326764640496700,1598326764640389800,-0.72269666,-0.05041527,-0.68932426,0.01821554,-0.00298233,0.99755436,-0.06983165,1.78597665,0.69115901,-0.04841131,-0.72107953,0.79827261
0,1598326764649433500,1598326764649347300,-0.72269946,-0.05041870,-0.68932116,0.01823068,-0.00299142,0.99755460,-0.06982741,1.78597820,0.69115603,-0.04840218,-0.72108299,0.79828739
0,1598326764658332200,1598326764658265900,-0.72270852,-0.05041071,-0.68931222,0.01823401,-0.00298224,0.99755472,-0.06982636,1.78596961,0.69114661,-0.04840841,-0.72109169,0.79829311
0,1598326764667390600,1598326764667301000,-0.72270131,-0.05040579,-0.68932009,0.01822114,-0.00296860,0.99755430,-0.06983273,1.78596878,0.69115418,-0.04842190,-0.72108352,0.79829240
0,1598326764676309000,1598326764676224600,-0.72271073,-0.05041597,-0.68930948,0.01819348,-0.00297020,0.99755329,-0.06984674,1.78592467,0.69114435,-0.04843160,-0.72109222,0.79824018
0,1598326764685435300,1598326764685309100,-0.72268438,-0.05042776,-0.68933630,0.01819479,-0.00298068,0.99755305,-0.06985021,1.78592312,0.69117188,-0.04842497,-0.72106630,0.79824185
0,1598326764694292100,1598326764694199700,-0.72269112,-0.05041140,-0.68933040,0.01817799,-0.00296030,0.99755323,-0.06984847,1.78593409,0.69116497,-0.04843824,-0.72107208,0.79821014
0,1598326764703288600,1598326764703221100,-0.72268856,-0.05040656,-0.68933344,0.01816487,-0.00293690,0.99755210,-0.06986561,1.78589118,0.69116771,-0.04846658,-0.72106743,0.79815650
0,1598326764712330100,1598326764712216300,-0.72269410,-0.05040243,-0.68932796,0.01818192,-0.00294153,0.99755281,-0.06985536,1.78588653,0.69116187,-0.04845637,-0.72107375,0.79817510
0,1598326764721253400,1598326764721155800,-0.72268540,-0.05041233,-0.68933630,0.01816106,-0.00292989,0.99755102,-0.06988096,1.78589368,0.69117105,-0.04848227,-0.72106326,0.79813981
0,1598326764730156400,1598326764730087900,-0.72270513,-0.05039164,-0.68931711,0.01819932,-0.00291688,0.99755210,-0.06986661,1.78589320,0.69115043,-0.04848230,-0.72108299,0.79812980
0,1598326764739233600,1598326764739100800,-0.72269976,-0.05038759,-0.68932307,0.01822245,-0.00293199,0.99755359,-0.06984443,1.78593802,0.69115603,-0.04845547,-0.72107947,0.79816604
0,1598326764748103200,1598326764748033700,-0.72269571,-0.05037926,-0.68932796,0.01822007,-0.00294455,0.99755532,-0.06981885,1.78593898,0.69116014,-0.04842802,-0.72107732,0.79819870
0,1598326764757228900,1598326764757144700,-0.72271264,-0.05038467,-0.68930978,0.01821363,-0.00294782,0.99755490,-0.06982499,1.78593302,0.69114244,-0.04843144,-0.72109413,0.79818416
0,1598326764766073800,1598326764766019800,-0.72272426,-0.05041626,-0.68929529,0.01816225,-0.00295689,0.99755228,-0.06986242,1.78592563,0.69113028,-0.04845309,-0.72110432,0.79817200
0,1598326764775151100,1598326764775043900,-0.72271860,-0.05042641,-0.68930054,0.01812065,-0.00294355,0.99755031,-0.06989045,1.78587306,0.69113630,-0.04848213,-0.72109658,0.79810333
0,1598326764784065700,1598326764783948100,-0.72271383,-0.05041576,-0.68930620,0.01812828,-0.00294756,0.99755174,-0.06987038,1.78587079,0.69114119,-0.04846452,-0.72109312,0.79812098
0,1598326764793027800,1598326764792970200,-0.72272593,-0.05041699,-0.68929344,0.01811671,-0.00292896,0.99755019,-0.06989279,1.78586411,0.69112861,-0.04849441,-0.72110307,0.79810333
0,1598326764802065700,1598326764801957300,-0.72272700,-0.05042866,-0.68929148,0.01811695,-0.00293716,0.99754959,-0.06990124,1.78586245,0.69112742,-0.04849495,-0.72110415,0.79809284
0,1598326764810992500,1598326764810898600,-0.72272366,-0.05041964,-0.68929565,0.01815498,-0.00296196,0.99755228,-0.06986196,1.78592396,0.69113088,-0.04844923,-0.72110391,0.79816747
0,1598326764820035800,1598326764819949800,-0.72273082,-0.05041221,-0.68928874,0.01815128,-0.00295887,0.99755275,-0.06985515,1.78592622,0.69112343,-0.04844695,-0.72111130,0.79816127
0,1598326764828915600,1598326764828826400,-0.72274512,-0.05041206,-0.68927372,0.01813054,-0.00293972,0.99755132,-0.06987637,1.78591096,0.69110858,-0.04847654,-0.72112352,0.79815578
0,1598326764838191600,1598326764838082400,-0.72275805,-0.05039480,-0.68926144,0.01814258,-0.00295660,0.99755418,-0.06983510,1.78594899,0.69109488,-0.04843601,-0.72113931,0.79818249
0,1598326764846904500,1598326764846811700,-0.72276306,-0.05038534,-0.68925691,0.01815128,-0.00297767,0.99755657,-0.06979992,1.78595161,0.69108963,-0.04839643,-0.72114706,0.79819489
0,1598326764855852500,1598326764855782800,-0.72276324,-0.05037227,-0.68925768,0.01813066,-0.00295020,0.99755597,-0.06980970,1.78596282,0.69108963,-0.04842243,-0.72114533,0.79816341
0,1598326764864938100,1598326764864866100,-0.72276789,-0.05036915,-0.68925303,0.01813304,-0.00296259,0.99755710,-0.06979272,1.78596759,0.69108468,-0.04840196,-0.72115147,0.79815507
0,1598326764873732100,1598326764873674000,-0.72275871,-0.05036934,-0.68926263,0.01812637,-0.00295913,0.99755692,-0.06979565,1.78597391,0.69109428,-0.04840579,-0.72114193,0.79814839
0,1598326764882818600,1598326764882732200,-0.72275323,-0.05036619,-0.68926859,0.01813364,-0.00296238,0.99755752,-0.06978716,1.78597629,0.69109994,-0.04839702,-0.72113705,0.79816246
0,1598326764891781400,1598326764891680500,-0.72276378,-0.05035664,-0.68925822,0.01814270,-0.00296422,0.99755853,-0.06977249,1.78595567,0.69108891,-0.04838591,-0.72114849,0.79818177
0,1598326764900724100,1598326764900657100,-0.72277576,-0.05037393,-0.68924439,0.01809275,-0.00297586,0.99755752,-0.06978659,1.78595173,0.69107628,-0.04838897,-0.72116035,0.79817748
0,1598326764909737600,1598326764909668300,-0.72277737,-0.05035174,-0.68924427,0.01810110,-0.00297475,0.99755967,-0.06975579,1.78598082,0.69107461,-0.04836758,-0.72116339,0.79820085
0,1598326764918778800,1598326764918661700,-0.72278774,-0.05035644,-0.68923306,0.01811397,-0.00298368,0.99755973,-0.06975432,1.78598332,0.69106376,-0.04836112,-0.72117424,0.79822230
0,1598326764927671500,1598326764927532100,-0.72278553,-0.05034268,-0.68923640,0.01810801,-0.00296643,0.99755996,-0.06975218,1.78597987,0.69106615,-0.04837130,-0.72117120,0.79822206
0,1598326764936617000,1598326764936562000,-0.72279572,-0.05031412,-0.68922782,0.01817203,-0.00297449,0.99756330,-0.06970347,1.78601694,0.69105548,-0.04833127,-0.72118413,0.79824901
0,1598326764945642000,1598326764945510300,-0.72276926,-0.05031811,-0.68925524,0.01818407,-0.00299468,0.99756449,-0.06968551,1.78602111,0.69108301,-0.04830245,-0.72115964,0.79826450
0,1598326764954627800,1598326764954512500,-0.72278118,-0.05030169,-0.68924391,0.01819170,-0.00296235,0.99756384,-0.06969667,1.78600812,0.69107068,-0.04833367,-0.72116941,0.79827929
0,1598326764963490300,1598326764963407700,-0.72278869,-0.05031750,-0.68923497,0.01817787,-0.00296823,0.99756259,-0.06971418,1.78600824,0.69106287,-0.04834282,-0.72117627,0.79828215
0,1598326764972561200,1598326764972440700,-0.72278392,-0.05032793,-0.68923914,0.01817322,-0.00299696,0.99756360,-0.06969882,1.78600764,0.69106770,-0.04831157,-0.72117376,0.79827619
0,1598326764981458000,1598326764981399000,-0.72277832,-0.05033218,-0.68924475,0.01818216,-0.00300589,0.99756384,-0.06969509,1.78600907,0.69107354,-0.04830230,-0.72116882,0.79828334
0,1598326764990448100,1598326764990376400,-0.72278750,-0.05032552,-0.68923557,0.01818120,-0.00299344,0.99756354,-0.06969937,1.78600383,0.69106388,-0.04831465,-0.72117710,0.79828525
0,1598326764999474600,1598326764999358700,-0.72279322,-0.05036087,-0.68922698,0.01814950,-0.00303117,0.99756259,-0.06971172,1.78600085,0.69105780,-0.04829799,-0.72118407,0.79828691
0,1598326765008521000,1598326765008428900,-0.72278631,-0.05038071,-0.68923289,0.01811171,-0.00301525,0.99755949,-0.06975636,1.78594220,0.69106519,-0.04834073,-0.72117418,0.79822636
0,1598326765017412900,1598326765017351500,-0.72278094,-0.05037155,-0.68923914,0.01812518,-0.00302454,0.99756110,-0.06973287,1.78593969,0.69107068,-0.04831696,-0.72117043,0.79823565
0,1598326765026495800,1598326765026369200,-0.72280645,-0.05035044,-0.68921399,0.01815128,-0.00301722,0.99756259,-0.06971252,1.78589320,0.69104409,-0.04830915,-0.72119653,0.79828382
0,1598326765035406100,1598326765035331000,-0.72279596,-0.05037639,-0.68922305,0.01817203,-0.00303134,0.99756098,-0.06973429,1.78588820,0.69105494,-0.04831439,-0.72118580,0.79828858
0,1598326765044341000,1598326765044281300,-0.72280228,-0.05035381,-0.68921804,0.01816344,-0.00301742,0.99756229,-0.06971677,1.78587294,0.69104838,-0.04831178,-0.72119224,0.79827666
0,1598326765053373600,1598326765053292900,-0.72280306,-0.05036435,-0.68921643,0.01817071,-0.00302464,0.99756169,-0.06972460,1.78586519,0.69104755,-0.04831252,-0.72119308,0.79827046
0,1598326765062472900,1598326765062424000,-0.72280538,-0.05033569,-0.68921614,0.01820993,-0.00300823,0.99756342,-0.06970045,1.78586209,0.69104528,-0.04830654,-0.72119564,0.79827690
0,1598326765071350200,1598326765071264700,-0.72281265,-0.05033421,-0.68920863,0.01821673,-0.00300167,0.99756306,-0.06970590,1.78586268,0.69103765,-0.04831553,-0.72120225,0.79828644
0,1598326765080333600,1598326765080224500,-0.72279006,-0.05034856,-0.68923116,0.01821423,-0.00303280,0.99756396,-0.06969190,1.78585458,0.69106108,-0.04828231,-0.72118205,0.79831529
0,1598326765089169300,1598326765089111300,-0.72280836,-0.05033534,-0.68921304,0.01816928,-0.00299221,0.99756235,-0.06971696,1.78591752,0.69104218,-0.04832974,-0.72119701,0.79821682
0,1598326765098281400,1598326765098194000,-0.72274625,-0.05034710,-0.68927729,0.01816726,-0.00299012,0.99756145,-0.06972989,1.78590894,0.69110715,-0.04833599,-0.72113431,0.79820251
0,1598326765107103800,1598326765107059100,-0.72274053,-0.05030543,-0.68928635,0.01828730,-0.00295717,0.99756336,-0.06970339,1.78592896,0.69111329,-0.04833912,-0.72112823,0.79822111
0,1598326765116175000,1598326765116089700,-0.72257239,-0.05011519,-0.68947649,0.01849687,-0.00275023,0.99756932,-0.06962694,1.78589535,0.69128990,-0.04841429,-0.72095382,0.79820418
0,1598326765125090400,1598326765125030100,-0.72257853,-0.04970791,-0.68949950,0.01872981,-0.00253206,0.99759501,-0.06926582,1.78585792,0.69128442,-0.04830413,-0.72096658,0.79819036
0,1598326765134194900,1598326765134023000,-0.72254264,-0.04958338,-0.68954611,0.01918900,-0.00233186,0.99759376,-0.06929079,1.78586364,0.69132257,-0.04845762,-0.72091961,0.79820395
0,1598326765143100100,1598326765142985300,-0.72235674,-0.04947348,-0.68974870,0.01966631,-0.00214865,0.99759328,-0.06930397,1.78583539,0.69151735,-0.04858017,-0.72072458,0.79820633
0,1598326765152123100,1598326765152034700,-0.72233015,-0.04922694,-0.68979418,0.02028537,-0.00195468,0.99760455,-0.06914684,1.78577888,0.69154572,-0.04859852,-0.72069609,0.79824662
0,1598326765161002400,1598326765160944100,-0.72219545,-0.04914464,-0.68994111,0.02097881,-0.00193385,0.99761230,-0.06903587,1.78577924,0.69168651,-0.04852314,-0.72056603,0.79822111
0,1598326765170015300,1598326765169945000,-0.72208929,-0.04926234,-0.69004381,0.02181363,-0.00187839,0.99759734,-0.06925303,1.78571248,0.69179738,-0.04871070,-0.72044700,0.79820752
0,1598326765178981700,1598326765178886900,-0.72193938,-0.04913753,-0.69020951,0.02280676,-0.00188701,0.99761152,-0.06904839,1.78566122,0.69195390,-0.04854632,-0.72030771,0.79820776
0,1598326765187983200,1598326765187916400,-0.72181660,-0.04924721,-0.69033015,0.02388811,-0.00189528,0.99760199,-0.06918584,1.78565443,0.69208193,-0.04863111,-0.72017896,0.79819679
0,1598326765196861900,1598326765196794200,-0.72179502,-0.04903069,-0.69036806,0.02509820,-0.00182598,0.99761891,-0.06894287,1.78561902,0.69210464,-0.04850202,-0.72016585,0.79822564
0,1598326765205934900,1598326765205871000,-0.72172546,-0.04905283,-0.69043934,0.02644885,-0.00183761,0.99761802,-0.06895571,1.78570080,0.69217718,-0.04849833,-0.72009641,0.79828191
0,1598326765215003800,1598326765214862500,-0.72164375,-0.04930513,-0.69050670,0.02786660,-0.00184913,0.99759418,-0.06929997,1.78571320,0.69226229,-0.04873305,-0.71999878,0.79829216
0,1598326765223883200,1598326765223793300,-0.72157228,-0.04907376,-0.69059783,0.02940130,-0.00177600,0.99761271,-0.06903452,1.78570724,0.69233692,-0.04858689,-0.71993685,0.79829764
0,1598326765232775200,1598326765232684200,-0.72155768,-0.04916380,-0.69060671,0.03098416,-0.00176440,0.99760294,-0.06917518,1.78573024,0.69235218,-0.04869538,-0.71991479,0.79833317
0,1598326765241819500,1598326765241728300,-0.72154999,-0.04908272,-0.69062048,0.03276324,-0.00160800,0.99760014,-0.06921989,1.78571403,0.69236058,-0.04883509,-0.71989727,0.79836249
0,1598326765250767400,1598326765250720600,-0.72145259,-0.04906130,-0.69072378,0.03469026,-0.00151402,0.99759632,-0.06927673,1.78571022,0.69246227,-0.04893411,-0.71979278,0.79837728
0,1598326765259785900,1598326765259687800,-0.72144997,-0.04900295,-0.69073063,0.03667724,-0.00134527,0.99759024,-0.06936758,1.78576362,0.69246542,-0.04911602,-0.71977735,0.79831481
0,1598326765268795000,1598326765268676400,-0.72138041,-0.04896800,-0.69080573,0.03882599,-0.00131372,0.99759203,-0.06934278,1.78574538,0.69253790,-0.04911500,-0.71970773,0.79839110
0,1598326765277812700,1598326765277759400,-0.72131985,-0.04905057,-0.69086313,0.04118276,-0.00132785,0.99758518,-0.06944113,1.78565156,0.69260091,-0.04917191,-0.71964312,0.79838753
0,1598326765286694400,1598326765286605100,-0.72129607,-0.04904693,-0.69088829,0.04352093,-0.00135033,0.99758732,-0.06941008,1.78567934,0.69262570,-0.04913229,-0.71962202,0.79838276
0,1598326765295630400,1598326765295586200,-0.72124982,-0.04901448,-0.69093883,0.04619980,-0.00133407,0.99758971,-0.06937539,1.78565097,0.69267380,-0.04911523,-0.71957684,0.79845047
0,1598326765304597200,1598326765304537500,-0.72117275,-0.04898946,-0.69102097,0.04894972,-0.00130999,0.99759108,-0.06935640,1.78562760,0.69275409,-0.04911272,-0.71949977,0.79857683
0,1598326765313580400,1598326765313524700,-0.72116554,-0.04882533,-0.69104016,0.05186188,-0.00131512,0.99760795,-0.06911337,1.78557158,0.69276160,-0.04893338,-0.71950471,0.79862785
0,1598326765322614800,1598326765322541600,-0.72107816,-0.04887457,-0.69112778,0.05481327,-0.00126198,0.99759990,-0.06923074,1.78559756,0.69285262,-0.04904859,-0.71940923,0.79862165
0,1598326765331737800,1598326765331653100,-0.72130162,-0.04864907,-0.69091058,0.05792189,-0.00114706,0.99761271,-0.06904736,1.78557730,0.69262028,-0.04901145,-0.71963543,0.79873252
0,1598326765340567900,1598326765340455900,-0.72117317,-0.04879702,-0.69103420,0.06114948,-0.00112931,0.99759758,-0.06926626,1.78558767,0.69275403,-0.04917258,-0.71949571,0.79876328
0,1598326765349600700,1598326765349502900,-0.72119981,-0.04874552,-0.69101000,0.06456208,-0.00108515,0.99759942,-0.06924051,1.78556800,0.69272637,-0.04918639,-0.71952140,0.79885721
0,1598326765358462700,1598326765358368100,-0.72135025,-0.04850680,-0.69086981,0.06798124,-0.00084966,0.99760550,-0.06915594,1.78560483,0.69257009,-0.04929865,-0.71966422,0.79889035
0,1598326765367482000,1598326765367380400,-0.72128141,-0.04874759,-0.69092464,0.07170689,-0.00086510,0.99758291,-0.06948049,1.78562820,0.69264174,-0.04951727,-0.71958023,0.79897475
0,1598326765376403100,1598326765376324900,-0.72132444,-0.04863094,-0.69088805,0.07548571,-0.00077624,0.99758798,-0.06940883,1.78553891,0.69259703,-0.04952999,-0.71962231,0.79903698
0,1598326765385509100,1598326765385414400,-0.72136807,-0.04847628,-0.69085324,0.07940602,-0.00073701,0.99760038,-0.06923077,1.78559721,0.69255149,-0.04943170,-0.71967292,0.79902220
0,1598326765394397400,1598326765394334800,-0.72134674,-0.04874420,-0.69085670,0.08344543,-0.00069746,0.99757081,-0.06965654,1.78560460,0.69257379,-0.04976467,-0.71962851,0.79914284
0,1598326765403493300,1598326765403425000,-0.72133976,-0.04853377,-0.69087881,0.08773136,-0.00073880,0.99759495,-0.06930900,1.78552985,0.69258106,-0.04948492,-0.71964085,0.79926348
0,1598326765412469900,1598326765412355300,-0.72136128,-0.04836226,-0.69086838,0.09207904,-0.00074099,0.99761212,-0.06906129,1.78548837,0.69255865,-0.04930621,-0.71967465,0.79939771
0,1598326765421399500,1598326765421289400,-0.72132862,-0.04857297,-0.69088769,0.09652853,-0.00058765,0.99758029,-0.06952150,1.78546751,0.69259280,-0.04974185,-0.71961176,0.79942822
0,1598326765430288500,1598326765430232500,-0.72145551,-0.04784096,-0.69080627,0.10110784,-0.00035385,0.99763590,-0.06872053,1.78539658,0.69246078,-0.04933437,-0.71976680,0.79958487
0,1598326765439403600,1598326765439315900,-0.72134984,-0.04826877,-0.69088697,0.10597706,-0.00040144,0.99759734,-0.06927793,1.78547645,0.69257092,-0.04969627,-0.71963602,0.79979300
0,1598326765448322600,1598326765448255900,-0.72159034,-0.04829862,-0.69063359,0.11085081,-0.00055136,0.99760336,-0.06919010,1.78534865,0.69232017,-0.04954612,-0.71988761,0.79999995
0,1598326765457343000,1598326765457282400,-0.72160017,-0.04808840,-0.69063807,0.11584949,-0.00065391,0.99763161,-0.06878082,1.78545880,0.69230986,-0.04918063,-0.71992248,0.80000925
0,1598326765466255700,1598326765466166700,-0.72171277,-0.04876789,-0.69047260,0.12089324,-0.00081801,0.99757439,-0.06960338,1.78546679,0.69219232,-0.04966883,-0.72000206,0.80021358
0,1598326765475218300,1598326765475138800,-0.72170973,-0.04832884,-0.69050670,0.12620366,-0.00081838,0.99761850,-0.06896836,1.78535998,0.69219542,-0.04921003,-0.72003061,0.80029798
0,1598326765484003800,1598326765483957900,-0.72176683,-0.04830812,-0.69044852,0.13158846,-0.00095638,0.99762994,-0.06880071,1.78540468,0.69213581,-0.04899774,-0.72010237,0.80050087
0,1598326765493066800,1598326765492953900,-0.72159111,-0.04854156,-0.69061577,0.13711965,-0.00095657,0.99760789,-0.06911976,1.78535843,0.69231892,-0.04921558,-0.71991152,0.80053377
0,1598326765501997400,1598326765501861800,-0.72187954,-0.04794424,-0.69035602,0.14279008,-0.00094231,0.99766433,-0.06830103,1.78529882,0.69201821,-0.04865458,-0.72023863,0.80070972
0,1598326765510902900,1598326765510831100,-0.72172236,-0.04844564,-0.69048536,0.14868319,-0.00097663,0.99761802,-0.06897379,1.78527081,0.69218212,-0.04910558,-0.72005051,0.80089831
0,1598326765519860800,1598326765519769800,-0.72185290,-0.04815288,-0.69036937,0.15464294,-0.00115636,0.99765891,-0.06837706,1.78522921,0.69204569,-0.04855986,-0.72021860,0.80107117
0,1598326765528825800,1598326765528769800,-0.72198915,-0.04827514,-0.69021827,0.16061127,-0.00108694,0.99764091,-0.06863988,1.78532958,0.69190359,-0.04880703,-0.72033846,0.80116582
0,1598326765537736800,1598326765537646400,-0.72206354,-0.04849276,-0.69012523,0.16671634,-0.00103298,0.99761486,-0.06901823,1.78524613,0.69182599,-0.04912267,-0.72039139,0.80129504
0,1598326765546859700,1598326765546772500,-0.72217250,-0.04824186,-0.69002879,0.17326880,-0.00112276,0.99764544,-0.06857315,1.78520894,0.69171220,-0.04874691,-0.72052634,0.80158424
0,1598326765555727500,1598326765555631800,-0.72212541,-0.04786541,-0.69010425,0.17967045,-0.00067397,0.99765146,-0.06849154,1.78524005,0.69176191,-0.04899437,-0.72046173,0.80162263
0,1598326765564705700,1598326765564637800,-0.72216225,-0.04776331,-0.69007277,0.18632960,-0.00044149,0.99764484,-0.06858987,1.78518724,0.69172359,-0.04922835,-0.72048259,0.80184197
0,1598326765573615600,1598326765573539300,-0.72210735,-0.04768917,-0.69013542,0.19300175,-0.00054406,0.99765986,-0.06837022,1.78507519,0.69178092,-0.04899516,-0.72044343,0.80197334
0,1598326765582383700,1598326765582253100,-0.72240388,-0.04738656,-0.68984586,0.19971693,-0.00048606,0.99768358,-0.06802340,1.78498077,0.69147128,-0.04880506,-0.72075355,0.80219460
0,1598326765591186800,1598326765591096500,-0.72241163,-0.04732204,-0.68984222,0.20655811,-0.00055172,0.99769455,-0.06786243,1.78504658,0.69146317,-0.04864401,-0.72077227,0.80227995
0,1598326765600178000,1598326765600087900,-0.72236681,-0.04747332,-0.68987870,0.21365833,-0.00048206,0.99767500,-0.06814925,1.78501880,0.69151008,-0.04889619,-0.72071016,0.80251908
0,1598326765609095700,1598326765608970200,-0.72281122,-0.04731289,-0.68942404,0.22087634,-0.00047049,0.99768692,-0.06797466,1.78493154,0.69104540,-0.04880849,-0.72116160,0.80268645
0,1598326765618419700,1598326765618352200,-0.72298688,-0.04764931,-0.68921673,0.22857249,-0.00093727,0.99768543,-0.06799223,1.78491521,0.69086123,-0.04851151,-0.72135812,0.80298018
0,1598326765627075900,1598326765626988500,-0.72269273,-0.04792552,-0.68950593,0.23587143,-0.00138443,0.99769145,-0.06789552,1.78492749,0.69116819,-0.04811303,-0.72109073,0.80303311
0,1598326765636104300,1598326765636004600,-0.72298151,-0.04726675,-0.68924868,0.24353170,-0.00093651,0.99772298,-0.06743871,1.78474176,0.69086689,-0.04811144,-0.72137952,0.80322886
0,1598326765645073200,1598326765644975400,-0.72295445,-0.04697326,-0.68929708,0.25134730,-0.00053638,0.99772394,-0.06742892,1.78469515,0.69089556,-0.04837831,-0.72133422,0.80349088
0,1598326765653979800,1598326765653911400,-0.72304463,-0.04680745,-0.68921375,0.25913632,-0.00041967,0.99773133,-0.06731993,1.78470182,0.69080120,-0.04838607,-0.72142398,0.80367541
0,1598326765663005300,1598326765662912900,-0.72375828,-0.04612578,-0.68851036,0.26689649,0.00029590,0.99774259,-0.06715340,1.78459668,0.69005370,-0.04880655,-0.72211081,0.80415964
0,1598326765671992900,1598326765671920100,-0.72401202,-0.04604188,-0.68824917,0.27499402,0.00006267,0.99776548,-0.06681356,1.78446555,0.68978751,-0.04841695,-0.72239131,0.80432987
0,1598326765680838500,1598326765680786600,-0.72395134,-0.04627278,-0.68829745,0.28313482,-0.00009929,0.99775481,-0.06697250,1.78436708,0.68985105,-0.04841649,-0.72233057,0.80462003
0,1598326765689927100,1598326765689802000,-0.72371691,-0.04583459,-0.68857336,0.29159784,-0.00001670,0.99779308,-0.06640011,1.78428006,0.69009709,-0.04804339,-0.72212052,0.80474067
0,1598326765698853300,1598326765698793800,-0.72429711,-0.04594929,-0.68795532,0.29988062,-0.00041668,0.99780589,-0.06620586,1.78431451,0.68948793,-0.04766605,-0.72272706,0.80510473
0,1598326765707888700,1598326765707819100,-0.72450089,-0.04613705,-0.68772805,0.30841386,0.00013069,0.99774808,-0.06707279,1.78404903,0.68927383,-0.04868418,-0.72286338,0.80523729
0,1598326765716961200,1598326765716823100,-0.72456199,-0.04448666,-0.68777251,0.31712854,0.00046848,0.99788260,-0.06503881,1.78391385,0.68920958,-0.04744686,-0.72300696,0.80541420
0,1598326765725945000,1598326765725794000,-0.72491962,-0.04530314,-0.68734229,0.32574522,0.00067362,0.99778783,-0.06647523,1.78407645,0.68883330,-0.04865222,-0.72328544,0.80555701
0,1598326765734791200,1598326765734672600,-0.72513956,-0.04505575,-0.68712646,0.33423734,0.00067139,0.99781036,-0.06613622,1.78391981,0.68860173,-0.04841932,-0.72352153,0.80589986
0,1598326765743772200,1598326765743713200,-0.72551912,-0.04451657,-0.68676078,0.34305835,0.00042668,0.99787641,-0.06513418,1.78382087,0.68820196,-0.04754912,-0.72395945,0.80603981
0,1598326765752706700,1598326765752645100,-0.72543514,-0.04557377,-0.68678027,0.35181701,-0.00013772,0.99781513,-0.06606814,1.78380680,0.68829072,-0.04783356,-0.72385639,0.80610919
0,1598326765761636000,1598326765761593600,-0.72560376,-0.04444903,-0.68667579,0.36048782,0.00060540,0.99786991,-0.06523258,1.78370571,0.68811262,-0.04774872,-0.72403121,0.80632758
0,1598326765770658700,1598326765770575100,-0.72603434,-0.04369548,-0.68626893,0.36913073,0.00121672,0.99789596,-0.06482434,1.78358161,0.68765754,-0.04789969,-0.72445351,0.80646110
0,1598326765779622800,1598326765779556000,-0.72629005,-0.04427961,-0.68596077,0.37781012,0.00069296,0.99787539,-0.06514778,1.78357697,0.68738812,-0.04779153,-0.72471631,0.80662417
0,1598326765788593600,1598326765788516400,-0.72649980,-0.04463042,-0.68571591,0.38633120,0.00022888,0.99787283,-0.06518993,1.78365636,0.68716675,-0.04751742,-0.72494423,0.80678272
0,1598326765797605100,1598326765797539900,-0.72677755,-0.04386042,-0.68547130,0.39492702,0.00071873,0.99791008,-0.06461411,1.78358865,0.68687272,-0.04745275,-0.72522712,0.80706334
0,1598326765806585700,1598326765806497900,-0.72711194,-0.04373771,-0.68512440,0.40352130,0.00106899,0.99789518,-0.06483921,1.78360724,0.68651819,-0.04787776,-0.72553474,0.80739713
0,1598326765815587700,1598326765815498700,-0.72725922,-0.04309866,-0.68500853,0.41220701,0.00149174,0.99792498,-0.06437016,1.78349876,0.68636137,-0.04783565,-0.72568589,0.80750775
0,1598326765824495000,1598326765824389100,-0.72743177,-0.04363298,-0.68479145,0.42073512,0.00120079,0.99789375,-0.06485854,1.78347516,0.68617910,-0.04800246,-0.72584718,0.80766177
0,1598326765833568300,1598326765833449900,-0.72758621,-0.04302279,-0.68466592,0.42954719,0.00102479,0.99796230,-0.06379862,1.78333950,0.68601555,-0.04712064,-0.72605956,0.80784845
0,1598326765842472000,1598326765842383400,-0.72775733,-0.04244518,-0.68452013,0.43821204,0.00194634,0.99795127,-0.06394946,1.78325236,0.68583202,-0.04787200,-0.72618377,0.80803561
0,1598326765851531900,1598326765851422200,-0.72802222,-0.04258310,-0.68422985,0.44696534,0.00177974,0.99794823,-0.06400104,1.78319168,0.68555129,-0.04781193,-0.72645271,0.80809712
0,1598326765860364200,1598326765860304400,-0.72842836,-0.04254942,-0.68379962,0.45555496,0.00118763,0.99798971,-0.06336504,1.78314602,0.68512112,-0.04696899,-0.72691345,0.80824137
0,1598326765869447700,1598326765869344300,-0.72847241,-0.04180287,-0.68379879,0.46431684,0.00258720,0.99796158,-0.06376490,1.78297830,0.68507040,-0.04822009,-0.72687930,0.80830812
0,1598326765878453900,1598326765878324400,-0.72873354,-0.04135486,-0.68354762,0.47302985,0.00274870,0.99799019,-0.06330914,1.78293622,0.68479204,-0.04801436,-0.72715521,0.80844355
0,1598326765887406800,1598326765887340500,-0.72907811,-0.04212376,-0.68313313,0.48171318,0.00208149,0.99796319,-0.06375849,1.78289187,0.68442750,-0.04790685,-0.72750539,0.80847049
0,1598326765896370600,1598326765896285500,-0.72915894,-0.04053159,-0.68314314,0.49037099,0.00322514,0.99802995,-0.06265653,1.78279614,0.68433690,-0.04788980,-0.72759175,0.80853772
0,1598326765905391200,1598326765905317400,-0.72944790,-0.04097634,-0.68280804,0.49894226,0.00318849,0.99798965,-0.06329715,1.78277326,0.68402910,-0.04834909,-0.72785074,0.80848908
0,1598326765914300600,1598326765914241400,-0.72964656,-0.04136904,-0.68257213,0.50741899,0.00235465,0.99801052,-0.06300403,1.78272617,0.68382061,-0.04757789,-0.72809744,0.80851173
0,1598326765923315500,1598326765923252300,-0.72981274,-0.04007741,-0.68247145,0.51605093,0.00350209,0.99804795,-0.06235432,1.78266537,0.68363827,-0.04789705,-0.72824770,0.80839109
0,1598326765932234900,1598326765932104300,-0.73006213,-0.04099427,-0.68215019,0.52456713,0.00259805,0.99802542,-0.06275753,1.78275096,0.68337595,-0.04758916,-0.72851408,0.80827546
