6,1597160130585162600,1597160130585082000,-0.41550818,-0.90949082,-0.01340048,0.19988787,-0.01510771,0.02163097,-0.99965191,1.93851578,0.90946400,-0.41516119,-0.02272815,0.79409146
6,1597160130594694700,1597160130594674700,-0.41609856,-0.90921521,-0.01378107,0.20849478,-0.01525133,0.02213132,-0.99963880,1.93764734,0.90919173,-0.41573805,-0.02307553,0.79136848
6,1597160130603523600,1597160130603384800,-0.41601107,-0.90926313,-0.01324801,0.21478939,-0.01503518,0.02144401,-0.99965703,1.93715954,0.90923530,-0.41566920,-0.02259186,0.78831863
6,1597160130612741200,1597160130612665400,-0.41538173,-0.90953672,-0.01418550,0.21853256,-0.01487979,0.02238629,-0.99963868,1.93569708,0.90952563,-0.41502056,-0.02283255,0.78482866
6,1597160130621577700,1597160130621433300,-0.41538644,-0.90954149,-0.01373001,0.22102976,-0.01569292,0.02225684,-0.99962914,1.93416727,0.90950978,-0.41501695,-0.02351853,0.78096700
6,1597160130630696800,1597160130630589100,-0.41529313,-0.90957677,-0.01420864,0.22661173,-0.01502983,0.02247773,-0.99963439,1.93272042,0.90956360,-0.41492781,-0.02300562,0.77703404
6,1597160130639492600,1597160130639211900,-0.41527545,-0.90958679,-0.01408539,0.23144531,-0.01535828,0.02249160,-0.99962908,1.93193781,0.90956616,-0.41490507,-0.02330988,0.77351379
6,1597160130648642300,1597160130648574300,-0.41498795,-0.90971184,-0.01447373,0.24252808,-0.01433349,0.02244316,-0.99964541,1.93381405,0.90971404,-0.41463336,-0.02235297,0.76850724
6,1597160130657330800,1597160130657246700,-0.41486040,-0.90976644,-0.01469878,0.24668455,-0.01400738,0.02253842,-0.99964786,1.93295193,0.90977728,-0.41450843,-0.02209372,0.76628876
6,1597160130666641100,1597160130666524100,-0.41548920,-0.90948474,-0.01436801,0.23537850,-0.01482104,0.02256304,-0.99963558,1.93032861,0.90947741,-0.41512486,-0.02285419,0.78419948
6,1597160130675329900,1597160130675238600,-0.41509154,-0.90962231,-0.01692908,0.22793365,-0.01263899,0.02437167,-0.99962312,1.92870784,0.90969199,-0.41472104,-0.02161316,0.79453468
6,1597160130684440700,1597160130684417600,-0.41557240,-0.90941060,-0.01649288,0.22293341,-0.01344086,0.02427084,-0.99961507,1.93121433,0.90946090,-0.41519079,-0.02230954,0.81449699
6,1597160130693365900,1597160130693251800,-0.41560289,-0.90941155,-0.01565650,0.22954357,-0.01543856,0.02426439,-0.99958640,1.93048191,0.90941525,-0.41518927,-0.02412434,0.80640149
6,1597160130702418900,1597160130702370300,-0.41529205,-0.90950966,-0.01802642,0.22706652,-0.01149516,0.02506120,-0.99961984,1.92889547,0.90961564,-0.41492698,-0.02086265,0.81140828
6,1597160130711129400,1597160130711065800,-0.41624066,-0.90909624,-0.01696920,0.23672688,-0.01309143,0.02465279,-0.99961036,1.92007971,0.90916038,-0.41585636,-0.02216285,0.79380512
6,1597160130720473300,1597160130720387500,-0.41598046,-0.90921700,-0.01687947,0.23677146,-0.01295349,0.02448412,-0.99961632,1.92040360,0.90928143,-0.41560221,-0.02196243,0.79539871
6,1597160130729236000,1597160130729152600,-0.41610324,-0.90914249,-0.01783705,0.26816928,-0.01256839,0.02536415,-0.99959928,1.92348814,0.90923059,-0.41571242,-0.02198055,0.77603865
6,1597160130738340400,1597160130738255700,-0.41578591,-0.90931082,-0.01661774,0.25243151,-0.01410209,0.02471591,-0.99959511,1.92004955,0.90935332,-0.41538319,-0.02309969,0.77487946
6,1597160130747121100,1597160130747003400,-0.41526166,-0.90956306,-0.01590567,0.26128256,-0.01575522,0.02467270,-0.99957144,1.92097902,0.90956569,-0.41483310,-0.02457597,0.76837730
6,1597160130756295800,1597160130756206400,-0.41801924,-0.90828824,-0.01651093,0.22024059,-0.01406869,0.02464553,-0.99959731,1.91756117,0.90832925,-0.41761869,-0.02308072,0.82962847
6,1597160130765067900,1597160130765049000,-0.41701609,-0.90871853,-0.01812303,0.23233736,-0.01476550,0.02671017,-0.99953419,1.92371142,0.90877926,-0.41655421,-0.02455623,0.81298137
6,1597160130774308700,1597160130774179900,-0.41688326,-0.90875757,-0.01918699,0.23113847,-0.01343632,0.02726743,-0.99953789,1.92194152,0.90886080,-0.41643286,-0.02357768,0.81408668
6,1597160130783298000,1597160130783008300,-0.41702929,-0.90873408,-0.01700625,0.29082274,-0.01483276,0.02551299,-0.99956447,1.92407382,0.90877211,-0.41659552,-0.02411868,0.73795605
6,1597160130792182100,1597160130792106200,-0.41773337,-0.90834254,-0.02031763,0.28198731,-0.01200915,0.02788031,-0.99953914,1.92360604,0.90849036,-0.41729695,-0.02255494,0.75359917
6,1597160130800946700,1597160130800892700,-0.41972828,-0.90742934,-0.02001100,0.25862181,-0.01327843,0.02818358,-0.99951458,1.92576444,0.90755272,-0.41925889,-0.02387866,0.80148506
6,1597160130810177400,1597160130810104300,-0.41830164,-0.90802073,-0.02285064,0.27734482,-0.01228158,0.03080927,-0.99944985,1.92658961,0.90822530,-0.41779086,-0.02403948,0.77053332
6,1597160130819183700,1597160130819131900,-0.41848767,-0.90799582,-0.02029463,0.31270623,-0.01717416,0.03025291,-0.99939477,1.92880535,0.90806019,-0.41788584,-0.02825452,0.74290156
6,1597160130828099600,1597160130828046000,-0.41814101,-0.90815693,-0.02022995,0.28276086,-0.01796185,0.03053198,-0.99937242,1.93210161,0.90820462,-0.41751534,-0.02907884,0.79241419
6,1597160130836944400,1597160130836907000,-0.42247787,-0.90619123,-0.01816917,0.30956626,-0.02284639,0.03068662,-0.99926794,1.93374872,0.90608531,-0.42175350,-0.03366759,0.76118135
6,1597160130845908100,1597160130845894000,-0.42477244,-0.90514886,-0.01655786,0.32312906,-0.02755643,0.03120891,-0.99913299,1.93751693,0.90488076,-0.42394790,-0.03819934,0.75208187
6,1597160130854952600,1597160130854902600,-0.42472878,-0.90517664,-0.01615415,0.32918823,-0.02770142,0.03082917,-0.99914074,1.93811536,0.90489680,-0.42391637,-0.03816869,0.74263692
6,1597160130864114100,1597160130864022400,-0.42470858,-0.90518820,-0.01603512,0.33519959,-0.02779258,0.03073955,-0.99914098,1.93880498,0.90490353,-0.42389810,-0.03821285,0.73336935
6,1597160130872858500,1597160130872796300,-0.42468914,-0.90519929,-0.01592079,0.34097397,-0.02788016,0.03065347,-0.99914122,1.93946743,0.90490997,-0.42388058,-0.03825528,0.72446656
6,1597160130882035200,1597160130882002700,-0.42466870,-0.90521109,-0.01580061,0.34704363,-0.02797221,0.03056298,-0.99914140,1.94016373,0.90491664,-0.42386210,-0.03829988,0.71510887
6,1597160130890692800,1597160130890645000,-0.42415699,-0.90544909,-0.01590661,0.36467600,-0.02759165,0.03047806,-0.99915457,1.94307816,0.90516829,-0.42335954,-0.03791030,0.69950819
6,1597160130899880600,1597160130899816800,-0.42315224,-0.90595120,-0.01395437,0.37578022,-0.02981273,0.02931446,-0.99912560,1.94644094,0.90556806,-0.42236629,-0.03941334,0.68603349
6,1597160130908656400,1597160130908615500,-0.42456588,-0.90525877,-0.01582820,0.37079000,-0.02832517,0.03075391,-0.99912560,1.94318604,0.90495396,-0.42374629,-0.03869865,0.69533277
6,1597160130917846200,1597160130917815400,-0.43420961,-0.90069103,-0.01476072,0.41273320,-0.02997201,0.03082210,-0.99907547,1.94730461,0.90031326,-0.43336576,-0.04037876,0.66719985
6,1597160130926617900,1597160130926572200,-0.43372509,-0.90092528,-0.01470726,0.42638397,-0.03003442,0.03076872,-0.99907523,1.95186174,0.90054464,-0.43288225,-0.04040391,0.65932751
6,1597160130935875000,1597160130935803900,-0.43370804,-0.90091246,-0.01594466,0.45296538,-0.02825454,0.03128461,-0.99911112,1.95654619,0.90061045,-0.43287203,-0.03902324,0.63276291
6,1597160130944496100,1597160130944461500,-0.43462616,-0.90049523,-0.01444479,0.46435797,-0.03069860,0.03084248,-0.99905276,1.96758342,0.90008771,-0.43377107,-0.04104887,0.65419364
6,1597160130953702100,1597160130953677000,-0.43479946,-0.90044487,-0.01219628,0.49152553,-0.03299053,0.02946165,-0.99902135,1.97382379,0.89992291,-0.43397155,-0.04251605,0.62795877
6,1597160130962547300,1597160130962516900,-0.43331346,-0.90116394,-0.01196540,0.59770334,-0.03350750,0.02937617,-0.99900669,1.98203564,0.90062022,-0.43248215,-0.04292483,0.50336790
6,1597160130971536800,1597160130971502500,-0.43354025,-0.90102905,-0.01377368,0.61008465,-0.03000909,0.02971216,-0.99910796,1.97132015,0.90063453,-0.43274021,-0.03992046,0.52665663
6,1597160130980481800,1597160130980454000,-0.43375030,-0.90093696,-0.01316906,0.64003813,-0.03270073,0.03034605,-0.99900442,1.97563553,0.90043962,-0.43288785,-0.04262388,0.49916196
6,1597160130989753800,1597160130989521200,-0.43078682,-0.90238249,-0.01134836,0.64221537,-0.03204403,0.02786208,-0.99909806,1.97901726,0.90188468,-0.43003467,-0.04091857,0.48456001
6,1597160130998440600,1597160130998422000,-0.43789455,-0.89871639,-0.02360877,0.56561911,-0.03011041,0.04090663,-0.99870920,1.94056988,0.89852208,-0.43661854,-0.04497349,0.56661391
6,1597160131007501400,1597160131007444700,-0.43788716,-0.89869332,-0.02460368,0.58728826,-0.03032515,0.04211615,-0.99865246,1.94185853,0.89851844,-0.43655100,-0.04569511,0.54642820
6,1597160131016473900,1597160131016415200,-0.43474597,-0.90022206,-0.02442256,0.62258542,-0.02705439,0.04016306,-0.99882686,1.96230733,0.90014678,-0.43357521,-0.04181567,0.55078959
6,1597160131025870600,1597160131025849000,-0.45582700,-0.88990510,-0.01705747,0.52709210,-0.03235913,0.03572043,-0.99883783,1.96798599,0.88948005,-0.45474529,-0.04507888,0.66167378
6,1597160131034325600,1597160131034259300,-0.45015097,-0.89278060,-0.01752618,0.53470528,-0.03390753,0.03670307,-0.99875087,1.95501626,0.89230859,-0.44899440,-0.04679389,0.69394350
6,1597160131043565100,1597160131043478500,-0.45014456,-0.89275718,-0.01883048,0.54936385,-0.03331332,0.03786283,-0.99872756,1.95736027,0.89233416,-0.44894448,-0.04678444,0.68815708
6,1597160131052393000,1597160131052318900,-0.44277146,-0.89650917,-0.01500266,0.54496217,-0.03701738,0.03499508,-0.99870169,1.96396267,0.89587015,-0.44164127,-0.04868123,0.65752172
6,1597160131061573300,1597160131061480600,-0.44266310,-0.89656603,-0.01479662,0.57508576,-0.03640453,0.03445697,-0.99874294,1.96222222,0.89594883,-0.44156799,-0.04789187,0.63827443
6,1597160131070340800,1597160131070251700,-0.44180486,-0.89691353,-0.01883518,0.59270108,-0.04319661,0.04223955,-0.99817330,1.97993946,0.89607072,-0.44018430,-0.05740525,0.69573760
6,1597160131079433500,1597160131079366500,-0.44696215,-0.89408314,-0.02898842,0.65778518,-0.03148986,0.04811098,-0.99834555,1.97439396,0.89399850,-0.44530982,-0.04965832,0.65187287
6,1597160131088152200,1597160131088136100,-0.44706550,-0.89402616,-0.02915112,0.67462122,-0.03128387,0.04819644,-0.99834788,1.97753644,0.89395404,-0.44541493,-0.04951555,0.64443111
6,1597160131097354700,1597160131097321600,-0.44726512,-0.89391327,-0.02955165,0.69659495,-0.03147139,0.04874958,-0.99831516,1.97934127,0.89384764,-0.44558153,-0.04993666,0.63192844
6,1597160131106210800,1597160131106137000,-0.44618443,-0.89471018,-0.02033228,0.64398646,-0.05111216,0.04815808,-0.99753118,1.95572710,0.89348036,-0.44404361,-0.06721793,0.74236035
6,1597160131115235600,1597160131115173500,-0.44597685,-0.89477897,-0.02180759,0.65615749,-0.05174801,0.05010102,-0.99740267,1.95631719,0.89354742,-0.44368994,-0.06864690,0.74763560
6,1597160131124030900,1597160131124015300,-0.43186468,-0.90160131,-0.02466075,0.59861803,-0.03668180,0.04487665,-0.99831891,1.94639754,0.90119231,-0.43023410,-0.05245299,0.83292770
6,1597160131133150300,1597160131133102800,-0.42744458,-0.90366769,-0.02600142,0.50333428,-0.02981906,0.04283871,-0.99863696,1.94582868,0.90354979,-0.42608666,-0.04525767,0.91402745
6,1597160131141988900,1597160131141955100,-0.43377343,-0.90086627,-0.01676019,0.50368190,-0.03188093,0.03393522,-0.99891543,1.95208907,0.90045786,-0.43276864,-0.04344063,0.93573165
6,1597160131151153600,1597160131151133200,-0.43314260,-0.90109158,-0.02053506,0.42440104,-0.03746031,0.04076079,-0.99846649,1.93861389,0.90054667,-0.43170920,-0.05141039,1.05535746
6,1597160131159980900,1597160131159949500,-0.41796857,-0.90830910,-0.01664707,0.44442475,-0.04602217,0.03947142,-0.99816030,1.95416117,0.90729511,-0.41643354,-0.05830015,1.01392031
6,1597160131169103200,1597160131169060900,-0.41247058,-0.91087699,-0.01308852,0.44435465,-0.05105279,0.03745842,-0.99799323,1.93753338,0.90953928,-0.41097474,-0.06195329,1.03427744
6,1597160131178013200,1597160131177945400,-0.41272056,-0.91085303,-0.00296265,0.42176080,-0.05764335,0.02936481,-0.99790531,1.94572496,0.90903199,-0.41168529,-0.06462406,1.06414509
6,1597160131187130700,1597160131187035500,-0.41407558,-0.91021228,-0.00742967,0.35686767,-0.05014396,0.03095996,-0.99826205,1.95503759,0.90886039,-0.41298342,-0.05846140,1.14190817
6,1597160131195916400,1597160131195882200,-0.41496658,-0.90983224,-0.00287377,0.37036049,-0.05119870,0.02650458,-0.99833673,1.94897425,0.90839505,-0.41412935,-0.05758072,1.10399365
6,1597160131205043000,1597160131204959900,-0.42078599,-0.90715992,0.00041332,0.40263355,-0.05960942,0.02719515,-0.99785131,1.95246029,0.90519947,-0.41990647,-0.06551860,1.08965802
6,1597160131213951500,1597160131213932200,-0.42234954,-0.90642709,0.00331096,0.42272091,-0.06483444,0.02656579,-0.99754238,1.94011688,0.90411144,-0.42152622,-0.06998773,1.00665331
6,1597160131223077500,1597160131223010700,-0.38349232,-0.92353934,0.00299419,0.48626149,-0.06671399,0.02446854,-0.99747211,1.96420932,0.92113137,-0.38272268,-0.07099647,1.05404258
6,1597160131231893300,1597160131231726100,-0.39508572,-0.91861886,0.00684378,0.48430049,-0.05040442,0.01423840,-0.99862742,1.97522199,0.91726047,-0.39488843,-0.05192782,0.92454267
6,1597160131240982200,1597160131240886200,-0.39458171,-0.91883302,0.00716235,0.49810493,-0.05070280,0.01398943,-0.99861586,1.98229098,0.91746092,-0.39439866,-0.05210736,0.91349578
6,1597160131249733800,1597160131249678700,-0.39422962,-0.91898632,0.00687389,0.66856134,-0.06227205,0.01924968,-0.99787360,1.98737335,0.91689986,-0.39381945,-0.06481594,0.67698288
6,1597160131259028400,1597160131258983000,-0.39361337,-0.91927469,0.00162987,0.67849529,-0.05779167,0.02297555,-0.99806428,1.99481750,0.91745782,-0.39294571,-0.06216988,0.68371987
6,1597160131267746000,1597160131267663500,-0.40269512,-0.91532457,0.00422155,0.69502056,-0.05203221,0.01828638,-0.99847800,2.00017881,0.91385424,-0.40230188,-0.05499018,0.67594314
6,1597160131277006000,1597160131276987200,-0.40621677,-0.91371143,0.01093651,0.70789051,-0.05373573,0.01193857,-0.99848384,1.99688733,0.91219550,-0.40618861,-0.05394858,0.61055493
6,1597160131285797900,1597160131285734600,-0.40649644,-0.91359109,0.01059428,0.72084939,-0.05308739,0.01204176,-0.99851727,2.00343752,0.91210878,-0.40645617,-0.05339508,0.60557914
6,1597160131294838100,1597160131294808200,-0.42248762,-0.90623927,0.01532326,0.71012962,-0.05854574,0.01041523,-0.99823046,2.01300216,0.90447593,-0.42263710,-0.05745674,0.61777616
6,1597160131303606200,1597160131303552100,-0.41661099,-0.90894878,0.01573649,0.73721635,-0.05508307,0.00796095,-0.99845010,2.00202012,0.90741467,-0.41683209,-0.05338429,0.63694596
6,1597160131312811200,1597160131312781000,-0.41522089,-0.90955001,0.01762502,0.57636714,-0.05913816,0.00765403,-0.99822050,2.02945447,0.90779650,-0.41552433,-0.05696721,0.89570093
6,1597160131321560700,1597160131321537200,-0.41764182,-0.90831912,0.02306413,0.71878660,-0.05806813,0.00135026,-0.99831176,1.99786699,0.90675437,-0.41827607,-0.05330830,0.62419558
6,1597160131331025100,1597160131330988300,-0.45343918,-0.89101458,0.02204978,0.62915456,-0.07281084,0.01237433,-0.99726903,1.97287869,0.88830829,-0.45380637,-0.07048651,0.81079793
6,1597160131339607200,1597160131339485800,-0.43774268,-0.89882994,0.02205318,0.47335446,-0.06837926,0.00882460,-0.99762040,1.95410717,0.89649642,-0.43820900,-0.06532421,0.99460649
6,1597160131348774300,1597160131348676800,-0.44281197,-0.89629757,0.02384067,0.60894370,-0.07055594,0.00832600,-0.99747312,1.97101378,0.89383411,-0.44337517,-0.06692596,0.88527036
6,1597160131357426700,1597160131357358100,-0.43757319,-0.89904618,0.01568223,0.54941022,-0.06225479,0.01289201,-0.99797708,1.96631837,0.89702511,-0.43766436,-0.06161111,0.94982886
6,1597160131366827900,1597160131366748100,-0.42860198,-0.90326899,0.02014033,0.55369103,-0.06244754,0.00737836,-0.99802101,1.95511842,0.90133274,-0.42901149,-0.05956929,0.92161703
6,1597160131375392100,1597160131375351400,-0.42917606,-0.90304089,0.01803416,0.55059612,-0.06075469,0.00894126,-0.99811274,1.95523691,0.90117532,-0.42946175,-0.05870133,0.93528557
6,1597160131384658900,1597160131384535000,-0.42411590,-0.90549958,0.01401466,0.61614239,-0.05856877,0.01198271,-0.99821150,1.95137846,0.90371215,-0.42417824,-0.05811603,0.85043097
6,1597160131393570600,1597160131393283000,-0.41967610,-0.90752876,0.01624014,0.64082658,-0.05527357,0.00769359,-0.99844164,1.94210935,0.90598953,-0.41991976,-0.05339115,0.78864765
6,1597160131402663000,1597160131402559000,-0.43073180,-0.90244043,0.00845405,0.57802212,-0.05093054,0.01495418,-0.99859029,1.92697608,0.90104187,-0.43055519,-0.05240301,0.88938880
6,1597160131411398500,1597160131411348100,-0.42979214,-0.90285134,0.01175608,0.56358266,-0.05127786,0.01140715,-0.99861932,1.93081200,0.90147072,-0.42980158,-0.05119898,0.93341064
6,1597160131420503200,1597160131420463500,-0.42960504,-0.90295559,0.01053162,0.55384958,-0.04886561,0.01160032,-0.99873805,1.92966127,0.90169382,-0.42957762,-0.04910701,0.95713449
6,1597160131429339800,1597160131429270900,-0.43046039,-0.90252316,0.01248785,0.51762927,-0.04985674,0.00996056,-0.99870676,1.91829503,0.90123159,-0.43052635,-0.04928447,0.98822355
6,1597160131438608400,1597160131438346300,-0.44160292,-0.89426881,0.07259787,0.56429803,-0.05417238,-0.05419151,-0.99706006,1.92490268,0.89557374,-0.44423744,-0.02451352,0.92939019
6,1597160131447130800,1597160131447092900,-0.44160309,-0.89415199,0.07402072,0.55411577,-0.05461313,-0.05555928,-0.99696070,1.92442608,0.89554697,-0.44430348,-0.02429727,0.94793439
6,1597160131456269400,1597160131456216100,-0.42095056,-0.90500009,0.06144676,0.64576721,-0.04662929,-0.04606190,-0.99784970,1.92934251,0.90588439,-0.42291060,-0.02280971,0.86081409
6,1597160131465151600,1597160131465129700,-0.42081779,-0.90513426,0.06037002,0.64539933,-0.04606545,-0.04514157,-0.99791795,1.92891479,0.90597498,-0.42272267,-0.02269903,0.87156773
6,1597160131474452500,1597160131474355700,-0.42887592,-0.90259874,0.03716475,0.59694970,-0.01778122,-0.03269789,-0.99930716,1.94477201,0.90318853,-0.42923960,-0.00202595,0.87385035
6,1597160131483162200,1597160131483104600,-0.42935714,-0.90229869,0.03885480,0.59595466,-0.02113029,-0.03297419,-0.99923283,1.94660556,0.90288764,-0.42984879,-0.00490811,0.87699986
6,1597160131492221700,1597160131492151600,-0.43589586,-0.89880180,0.04637147,0.62792706,-0.02965320,-0.03715320,-0.99886954,1.95297635,0.89950854,-0.43677819,-0.01045741,0.83707571
6,1597160131501089500,1597160131501031300,-0.43397260,-0.89735800,0.08010384,0.65407681,-0.01845009,-0.08004200,-0.99662077,1.94601274,0.90073723,-0.43398401,0.01817972,0.78160381
6,1597160131510194300,1597160131510161000,-0.43321899,-0.89797568,0.07720761,0.65496182,-0.02130401,-0.07543717,-0.99692297,1.94691610,0.90103692,-0.43353081,0.01355035,0.76261783
6,1597160131519109900,1597160131519080000,-0.43408743,-0.89798105,0.07209963,0.66747415,-0.01798924,-0.07137696,-0.99728721,1.94952464,0.90069115,-0.43420693,0.01482986,0.75524712
6,1597160131528268100,1597160131528186700,-0.43428537,-0.89775002,0.07376453,0.67351091,-0.01916289,-0.07266366,-0.99717242,1.94999957,0.90057158,-0.43447095,0.01435330,0.73962069
6,1597160131537148000,1597160131536929700,-0.42826390,-0.89783800,0.10235821,0.68274868,-0.01308737,-0.10709713,-0.99416244,1.94371092,0.90355909,-0.42710352,0.03411551,0.72453809
6,1597160131546112000,1597160131546065800,-0.43195361,-0.89620608,0.10114829,0.69613898,-0.01168354,-0.10658094,-0.99423540,1.94732773,0.90182024,-0.43064538,0.03556719,0.70442677
6,1597160131554994300,1597160131554933400,-0.43041918,-0.89695692,0.10103356,0.68331778,-0.01533873,-0.10464806,-0.99439108,1.94428611,0.90249884,-0.42955470,0.03128437,0.70645881
6,1597160131564136500,1597160131564075900,-0.43152583,-0.89623135,0.10273764,0.69045126,-0.01448555,-0.10698827,-0.99415481,1.94856381,0.90198433,-0.43049172,0.03318582,0.68960571
6,1597160131572931900,1597160131572882100,-0.43160805,-0.89647108,0.10027110,0.71462142,-0.01271730,-0.10509959,-0.99438041,1.95163059,0.90197170,-0.43045771,0.03396115,0.65170002
6,1597160131582061200,1597160131582025200,-0.43168500,-0.89620030,0.10233857,0.73669422,-0.01511656,-0.10625073,-0.99422449,1.95535016,0.90189785,-0.43073881,0.03231940,0.61615801
6,1597160131590926800,1597160131590781800,-0.45092785,-0.88664186,0.10261850,0.78393042,-0.02477680,-0.10249222,-0.99442524,1.95035899,0.89221656,-0.45095664,0.02424847,0.56479573
6,1597160131600056200,1597160131599942400,-0.45070270,-0.88691330,0.10125244,0.80803490,-0.02459482,-0.10104539,-0.99457783,1.95553136,0.89233530,-0.45074919,0.02372798,0.52365279
6,1597160131608768600,1597160131608713500,-0.44551709,-0.88924456,0.10372542,0.84394753,-0.01976458,-0.10606144,-0.99416316,1.96442199,0.89505535,-0.44496673,0.02967665,0.47787952
6,1597160131617989700,1597160131617888300,-0.45078054,-0.88676864,0.10216914,0.79482090,-0.02343930,-0.10265943,-0.99444038,1.97975945,0.89232707,-0.45066920,0.02549165,0.55859685
6,1597160131626907800,1597160131626786800,-0.47097510,-0.87297535,0.12687247,0.91993225,-0.01231218,-0.13730335,-0.99045259,1.96400857,0.88206065,-0.46804065,0.05391826,0.49474573
6,1597160131635977200,1597160131635955300,-0.46604896,-0.87594748,0.12455738,0.87822855,-0.00564071,-0.13783664,-0.99043894,1.96275818,0.88474107,-0.46229565,0.05929767,0.53803539
6,1597160131644716100,1597160131644658200,-0.46890408,-0.87522781,0.11876665,0.92246091,-0.00827838,-0.13010478,-0.99146575,1.97580147,0.88321042,-0.46588552,0.05376120,0.51663828
6,1597160131653863100,1597160131653751100,-0.47665781,-0.87314361,0.10206701,0.81161845,-0.01499317,-0.10801399,-0.99403638,1.97088873,0.87896115,-0.47534549,0.03839453,0.69672394
6,1597160131662640600,1597160131662587600,-0.46512416,-0.87932223,0.10223589,0.73660827,-0.01546949,-0.10739756,-0.99409586,1.95990157,0.88511038,-0.46395957,0.03635055,0.70910549
6,1597160131671755400,1597160131671714700,-0.47250539,-0.87740576,0.08305404,0.76663291,0.01065672,-0.09991847,-0.99493861,1.93395722,0.88126349,-0.46922874,0.05656230,0.69426584
6,1597160131680679800,1597160131680634500,-0.46685219,-0.88022214,0.08519474,0.77831876,0.00975077,-0.10145536,-0.99479234,1.94401586,0.88428169,-0.46359032,0.05594753,0.71707320
6,1597160131689967800,1597160131689880700,-0.46670771,-0.88076675,0.08021252,0.79543746,0.01202245,-0.09700569,-0.99521124,1.94575787,0.88432997,-0.46350843,0.05586229,0.68312573
6,1597160131698552000,1597160131698514400,-0.48062474,-0.87286401,0.08431150,0.81866133,0.00232028,-0.09740981,-0.99524170,1.95330501,0.87692332,-0.47814214,0.04884288,0.66111803
6,1597160131707240800,1597160131707192200,-0.47322026,-0.87717736,0.08138011,0.79676068,0.00620118,-0.09569287,-0.99539161,1.95344818,0.88092238,-0.47053486,0.05072336,0.66350389
6,1597160131716097600,1597160131715984900,-0.47794369,-0.87544847,0.07183343,0.78997815,0.00163336,-0.08266409,-0.99657619,1.95434248,0.87838906,-0.47619000,0.04093872,0.68617845
6,1597160131725190100,1597160131725169400,-0.47897136,-0.87422979,0.07942910,0.80991209,-0.00429819,-0.08814674,-0.99609828,1.96029007,0.87782013,-0.47744393,0.03846217,0.71296453
6,1597160131734010100,1597160131733989500,-0.48556274,-0.87029636,0.08254335,0.75283551,-0.01478431,-0.08623286,-0.99616534,1.95729375,0.87407696,-0.48492104,0.02900474,0.71359086
6,1597160131743181800,1597160131743158700,-0.49845400,-0.86409986,0.06982297,0.72420323,-0.01939903,-0.06940392,-0.99740005,1.92837381,0.86669910,-0.49851257,0.01783198,0.77607036
6,1597160131752009400,1597160131751945200,-0.49151957,-0.86861229,0.06262081,0.76824796,-0.01999820,-0.06062955,-0.99796003,1.92704201,0.87063694,-0.49176913,0.01242994,0.75588059
6,1597160131761410700,1597160131761224500,-0.49256083,-0.86880839,0.05055664,0.78659332,-0.01737595,-0.04826310,-0.99868357,1.92967069,0.87010455,-0.49279094,0.00867616,0.73863816
6,1597160131769994300,1597160131769908900,-0.49268833,-0.86855024,0.05365446,0.78969705,-0.01997775,-0.05035160,-0.99853176,1.92716885,0.86997664,-0.49303687,0.00745598,0.73535323
6,1597160131779098800,1597160131779010000,-0.50438219,-0.86115289,0.06335954,0.78903735,-0.03287111,-0.05417461,-0.99799031,1.92810535,0.86285472,-0.50545120,-0.00098233,0.73890924
6,1597160131787924900,1597160131787843500,-0.50631618,-0.86051649,0.05617374,0.79506433,-0.03640900,-0.04375073,-0.99837887,1.92916107,0.86157906,-0.50754058,-0.00917882,0.72572255
6,1597160131797301900,1597160131796996400,-0.50316429,-0.86249316,0.05414191,0.78655589,-0.03464434,-0.04246846,-0.99849701,1.92825699,0.86349618,-0.50428373,-0.00851187,0.74846220
6,1597160131805458700,1597160131805380900,-0.50188071,-0.86350238,0.04979527,0.79416573,-0.03360125,-0.03806272,-0.99871027,1.93182826,0.86428392,-0.50290662,-0.00991179,0.75159812
6,1597160131814719200,1597160131814647500,-0.50216448,-0.86308521,0.05399041,0.77902973,-0.03644118,-0.04125791,-0.99848378,1.92709136,0.86400402,-0.50337058,-0.01073357,0.77187061
6,1597160131823391200,1597160131823368800,-0.49093321,-0.87024409,0.04074321,0.74709833,-0.02924767,-0.03027709,-0.99911356,1.92830801,0.87070620,-0.49168974,-0.01058857,0.78931642
6,1597160131832535800,1597160131832483500,-0.49389464,-0.86856461,0.04078904,0.74546778,-0.02787980,-0.03106714,-0.99912846,1.92320240,0.86907476,-0.49460143,-0.00887149,0.77268171
6,1597160131841336400,1597160131841305100,-0.49397990,-0.86883593,0.03329098,0.73490644,-0.02415332,-0.02456158,-0.99940652,1.92780364,0.86913788,-0.49449080,-0.00885233,0.80216026
6,1597160131850646300,1597160131850442500,-0.47117856,-0.88147736,0.03144268,0.81035030,-0.02598345,-0.02176095,-0.99942553,1.93599248,0.88165516,-0.47172493,-0.01265051,0.74896431
6,1597160131859306600,1597160131859212900,-0.47817576,-0.87806332,0.01878707,0.78439391,-0.00990248,-0.01599957,-0.99982297,1.94409299,0.87820846,-0.47827715,-0.00104438,0.76905727
6,1597160131868634100,1597160131868539800,-0.50300932,-0.86351120,0.03647166,0.79902446,-0.03072131,-0.02430840,-0.99923241,1.94063210,0.86373484,-0.50374371,-0.01430083,0.72960043
6,1597160131877306200,1597160131877215800,-0.50963676,-0.85966408,0.03532939,0.79215205,-0.03075059,-0.02283665,-0.99926621,1.93837225,0.85984004,-0.51034921,-0.01479677,0.72878003
6,1597160131886399500,1597160131886358800,-0.51062548,-0.85894942,0.03831103,0.79310119,-0.03348067,-0.02466016,-0.99913514,1.93855262,0.85915124,-0.51146650,-0.01616609,0.71977210
6,1597160131895192400,1597160131895132300,-0.50376433,-0.86324215,0.03216823,0.82092130,-0.03205922,-0.01853002,-0.99931425,1.93836284,0.86324620,-0.50445008,-0.01834009,0.71343875
6,1597160131904393500,1597160131904308800,-0.50377476,-0.86294168,0.03927809,0.85003841,-0.04097494,-0.02154705,-0.99892783,1.94442534,0.86286283,-0.50484413,-0.02450411,0.68310857
6,1597160131913080700,1597160131913041900,-0.51915395,-0.85378671,0.03908654,0.86123645,-0.04323097,-0.01944173,-0.99887598,1.94498956,0.85358679,-0.52026010,-0.02681675,0.65171838
6,1597160131922251900,1597160131922219000,-0.50633693,-0.86141956,0.03974310,0.82436836,-0.04314792,-0.02072182,-0.99885380,1.94109416,0.86125565,-0.50747144,-0.02667622,0.67254591
6,1597160131931125300,1597160131931086800,-0.50629300,-0.86153209,0.03781586,0.80761683,-0.04464421,-0.01760729,-0.99884778,1.93695927,0.86120522,-0.50739795,-0.02954796,0.68104482
6,1597160131940236200,1597160131940115600,-0.50603867,-0.86166024,0.03829736,0.80640590,-0.04471977,-0.01813107,-0.99883509,1.93608165,0.86135077,-0.50716186,-0.02935821,0.66744733
6,1597160131949052800,1597160131949003100,-0.48955637,-0.87126440,0.03511666,0.83465326,-0.04459574,-0.01520267,-0.99888945,1.93825257,0.87083066,-0.49057877,-0.03141209,0.63920522
6,1597160131958267700,1597160131958184900,-0.49017316,-0.87100661,0.03283178,0.83602202,-0.04088943,-0.01464731,-0.99905634,1.93728602,0.87066555,-0.49105310,-0.02843523,0.62464237
6,1597160131967019400,1597160131966959900,-0.48666275,-0.87307954,0.02986230,0.82160842,-0.04555633,-0.00877308,-0.99892330,1.92954540,0.87240136,-0.48749915,-0.03550475,0.63345647
6,1597160131976127600,1597160131976102600,-0.48021495,-0.87670803,0.02787205,0.82052624,-0.04437168,-0.00745504,-0.99898732,1.92793584,0.87602794,-0.48096538,-0.03532097,0.63072014
6,1597160131985120100,1597160131985035800,-0.47936666,-0.87719429,0.02716545,0.82764232,-0.04785427,-0.00478148,-0.99884290,1.92978084,0.87630916,-0.48011199,-0.03968540,0.62383127
6,1597160131994179000,1597160131994029500,-0.48027152,-0.87671649,0.02660082,0.81053054,-0.05067875,-0.00254017,-0.99871182,1.92322516,0.87565470,-0.48100093,-0.04321091,0.63207054
6,1597160132003393100,1597160132003171600,-0.47674894,-0.87870109,0.02439437,0.82238352,-0.04680806,-0.00233513,-0.99890119,1.92399549,0.87779248,-0.47736692,-0.04001701,0.62045813
6,1597160132012261200,1597160132012245300,-0.47713214,-0.87859058,0.02058619,0.84260237,-0.04713066,0.00219018,-0.99888635,1.92831731,0.87756699,-0.47757107,-0.04245353,0.59208202
6,1597160132021098700,1597160132021054100,-0.47491091,-0.87978941,0.02074569,0.86129844,-0.04743601,0.00205228,-0.99887222,1.92936647,0.87875462,-0.47535941,-0.04270834,0.58143115
6,1597160132030211300,1597160132030176500,-0.47476286,-0.87991583,0.01867170,0.88166559,-0.04710791,0.00422117,-0.99888092,1.92816305,0.87885219,-0.47511119,-0.04345503,0.54390717
6,1597160132039076700,1597160132038994900,-0.46839988,-0.88331228,0.01900643,0.84089291,-0.04828609,0.00411302,-0.99882513,1.92365074,0.88219631,-0.46876729,-0.04457821,0.60283804
6,1597160132048280900,1597160132048210000,-0.47908467,-0.87760550,0.01693273,0.87108839,-0.04917308,0.00757321,-0.99876159,1.92859793,0.87639034,-0.47932398,-0.04678276,0.57547069
6,1597160132056962400,1597160132056910000,-0.48010874,-0.87697041,0.02046167,0.85154283,-0.05668421,0.00773847,-0.99836218,1.92550766,0.87537575,-0.48048228,-0.05342567,0.57443166
6,1597160132066173100,1597160132066089700,-0.47607279,-0.87924826,0.01665499,0.83095539,-0.05483207,0.01077634,-0.99843746,1.92219913,0.87769485,-0.47624218,-0.05334131,0.61217833
6,1597160132075058200,1597160132074980100,-0.48470077,-0.87441397,0.02157741,0.84272015,-0.06403416,0.01087075,-0.99788851,1.92398381,0.87233305,-0.48505902,-0.06126141,0.60957241
6,1597160132084280200,1597160132084140000,-0.48268259,-0.87539053,0.02662954,0.84697115,-0.06770539,0.00698249,-0.99768096,1.92060757,0.87317449,-0.48336616,-0.06263897,0.60828018
6,1597160132092960800,1597160132092901300,-0.48256844,-0.87553936,0.02363599,0.83719385,-0.06478867,0.00877120,-0.99786049,1.92430258,0.87345874,-0.48306739,-0.06095771,0.61578131
6,1597160132102127600,1597160132102100300,-0.48284343,-0.87539852,0.02323429,0.82809317,-0.06436349,0.00901566,-0.99788582,1.92255878,0.87333828,-0.48331797,-0.06069685,0.61875105
6,1597160132111447000,1597160132111330600,-0.48332441,-0.87504303,0.02640965,0.82033575,-0.06725856,0.00703793,-0.99771076,1.92780077,0.87285393,-0.48399425,-0.06225572,0.63371921
6,1597160132120414800,1597160132120384700,-0.48316675,-0.87519610,0.02412487,0.81000566,-0.06442893,0.00806212,-0.99788976,1.92290783,0.87315458,-0.48370150,-0.06028327,0.64828515
6,1597160132129367800,1597160132129302900,-0.48335862,-0.87501752,0.02662712,0.80236745,-0.06685069,0.00656656,-0.99774140,1.91897666,0.87286639,-0.48404694,-0.06166951,0.65441561
6,1597160132138421800,1597160132138352800,-0.48856837,-0.87208492,0.02773237,0.82435358,-0.06981333,0.00738990,-0.99753273,1.93588281,0.86972827,-0.48929900,-0.06449360,0.58088136
6,1597160132147397000,1597160132147263900,-0.49017161,-0.87129593,0.02398415,0.79766405,-0.06651263,0.00995384,-0.99773598,1.93386269,0.86908460,-0.49065709,-0.06283125,0.59939361
6,1597160132156286000,1597160132156218500,-0.47945246,-0.87729132,0.02203401,0.80864060,-0.06569906,0.01084526,-0.99778056,1.93116236,0.87510514,-0.47983599,-0.06283697,0.60443306
6,1597160132165230900,1597160132165175800,-0.48595184,-0.87366736,0.02358562,0.82112038,-0.06470402,0.00905126,-0.99786347,1.93892038,0.87158728,-0.48643968,-0.06092826,0.57611179
6,1597160132174237900,1597160132174175800,-0.48313403,-0.87531948,0.01993570,0.80987632,-0.06174671,0.01135076,-0.99802732,1.93662810,0.87336648,-0.48341203,-0.05953202,0.57008934
6,1597160132183325300,1597160132183257700,-0.48064181,-0.87672830,0.01819595,0.82858455,-0.06179032,0.01316188,-0.99800241,1.93943286,0.87473744,-0.48080599,-0.06049946,0.55504394
6,1597160132192236300,1597160132192189200,-0.47900683,-0.87757313,0.02044496,0.82105196,-0.06440330,0.01190618,-0.99785298,1.93597269,0.87544549,-0.47929513,-0.06222173,0.54726887
6,1597160132201223000,1597160132201078400,-0.47863087,-0.87781411,0.01884301,0.81191194,-0.06331240,0.01310035,-0.99790782,1.93505609,0.87573063,-0.47882250,-0.06184673,0.54489946
6,1597160132210331500,1597160132210166200,-0.48110011,-0.87637568,0.02254995,0.81288135,-0.06856266,0.01197001,-0.99757504,1.93976879,0.87398052,-0.48147956,-0.06584540,0.53255033
6,1597160132219068100,1597160132219043600,-0.48223686,-0.87570006,0.02443744,0.81690800,-0.07490522,0.01342408,-0.99710035,1.93916154,0.87283272,-0.48266912,-0.07206807,0.52727342
6,1597160132228306500,1597160132228246200,-0.48274487,-0.87549287,0.02167437,0.79210556,-0.07194514,0.01498055,-0.99729609,1.93341005,0.87280095,-0.48299894,-0.07021923,0.54496431
6,1597160132237128500,1597160132237022500,-0.48286492,-0.87543929,0.02116202,0.78252041,-0.07251331,0.01588972,-0.99724090,1.93277431,0.87268758,-0.48306715,-0.07115357,0.54339933
6,1597160132246037200,1597160132245968300,-0.48584130,-0.87378275,0.02149809,0.78200042,-0.07484359,0.01708371,-0.99704897,1.93425071,0.87083685,-0.48601657,-0.07369699,0.53660798
6,1597160132255080700,1597160132254977600,-0.48602730,-0.87363428,0.02325477,0.77243626,-0.07499682,0.01518243,-0.99706823,1.93341208,0.87071991,-0.48634642,-0.07289886,0.53381562
6,1597160132264041200,1597160132263974200,-0.48051709,-0.87670004,0.02237613,0.80777848,-0.07587595,0.01614119,-0.99698663,1.93539333,0.87369692,-0.48076695,-0.07427654,0.51651525
6,1597160132273018500,1597160132272976400,-0.48043025,-0.87671328,0.02368311,0.80946720,-0.07700663,0.01526871,-0.99691367,1.93698621,0.87364578,-0.48077124,-0.07484826,0.50551891
6,1597160132282051600,1597160132281924200,-0.48424551,-0.87459594,0.02425763,0.80059397,-0.07958791,0.01642206,-0.99669260,1.93633890,0.87130487,-0.48457456,-0.07755956,0.50656033
6,1597160132290914100,1597160132290895000,-0.48010695,-0.87693876,0.02181534,0.78663146,-0.07748398,0.01762293,-0.99683785,1.93613267,0.87378120,-0.48027915,-0.07640958,0.51197433
6,1597160132300303300,1597160132300217900,-0.47377574,-0.88040721,0.02049275,0.80465615,-0.07717192,0.01832559,-0.99684942,1.93798077,0.87725782,-0.47386450,-0.07662492,0.50062084
6,1597160132309005700,1597160132308969500,-0.47524849,-0.87965977,0.01837704,0.77457273,-0.07306070,0.01864045,-0.99715334,1.93399692,0.87681305,-0.47523832,-0.07312739,0.53090000
6,1597160132317985300,1597160132317929100,-0.47746706,-0.87847173,0.01768864,0.76798332,-0.07288112,0.01953404,-0.99714935,1.93550992,0.87562191,-0.47739515,-0.07335085,0.52720475
6,1597160132326963200,1597160132326911400,-0.47260857,-0.88110161,0.01735576,0.77470303,-0.07281589,0.01941546,-0.99715644,1.93681169,0.87825918,-0.47252846,-0.07333409,0.52911282
6,1597160132335980600,1597160132335945700,-0.47349638,-0.88066268,0.01531769,0.76774430,-0.06994132,0.02025738,-0.99734545,1.93439555,0.87801456,-0.47331086,-0.07118648,0.51070976
6,1597160132344806500,1597160132344752300,-0.47356123,-0.88062781,0.01531497,0.75408471,-0.06881405,0.01965864,-0.99743581,1.93398952,0.87806869,-0.47340083,-0.06990912,0.51922750
6,1597160132354031200,1597160132353884400,-0.46587136,-0.88473880,0.01418877,0.78402555,-0.06855316,0.02010132,-0.99744499,1.93675959,0.88219303,-0.46565375,-0.07001625,0.50159001
6,1597160132362857300,1597160132362827400,-0.46710566,-0.88412988,0.01126403,0.76726818,-0.06239903,0.02025399,-0.99784577,1.93776727,0.88199711,-0.46680236,-0.06462958,0.51323986
6,1597160132372070700,1597160132371982200,-0.46721655,-0.88407373,0.01107149,0.76673484,-0.06318755,0.02089794,-0.99778289,1.93665993,0.88188219,-0.46688026,-0.06562630,0.49538589
6,1597160132380869600,1597160132380814800,-0.46940801,-0.88292038,0.01039040,0.75625288,-0.06271718,0.02160151,-0.99779755,1.93555105,0.88075131,-0.46902585,-0.06551418,0.49950004
6,1597160132389666400,1597160132389630700,-0.46494359,-0.88526797,0.01132764,0.76197517,-0.06309831,0.02037172,-0.99779940,1.93594527,0.88308907,-0.46463519,-0.06533059,0.50292063
6,1597160132398777900,1597160132398696700,-0.46425682,-0.88564616,0.00982904,0.74876881,-0.06083737,0.02081582,-0.99793065,1.93419445,0.88360882,-0.46389407,-0.06354425,0.51233554
6,1597160132407864200,1597160132407713600,-0.46526927,-0.88513386,0.00792275,0.73195505,-0.05708367,0.02107161,-0.99814701,1.93434453,0.88332677,-0.46485943,-0.06033064,0.51641512
6,1597160132416602000,1597160132416485200,-0.46615827,-0.88465476,0.00909445,0.72425377,-0.05924962,0.02096096,-0.99802315,1.93125844,0.88271523,-0.46577558,-0.06218657,0.50094771
6,1597160132425596300,1597160132425535600,-0.46648896,-0.88449579,0.00744218,0.70121062,-0.05721296,0.02177622,-0.99812454,1.92876625,0.88267481,-0.46603990,-0.06076297,0.52315378
6,1597160132434603800,1597160132434448300,-0.46623576,-0.88462973,0.00739132,0.68576396,-0.05700894,0.02170630,-0.99813771,1.92642426,0.88282180,-0.46578890,-0.06055204,0.53380156
6,1597160132443715100,1597160132443616200,-0.45853996,-0.88864887,0.00666249,0.71290338,-0.05732334,0.02209547,-0.99811119,1.92965579,0.88682312,-0.45805579,-0.06107197,0.52743626
6,1597160132452664000,1597160132452539600,-0.46017814,-0.88781148,0.00520368,0.70679080,-0.05189965,0.02104901,-0.99843049,1.93543792,0.88630843,-0.45972604,-0.05576338,0.52529955
6,1597160132461565600,1597160132461441600,-0.46259767,-0.88654959,0.00577886,0.69653547,-0.05414968,0.02174778,-0.99829602,1.93082964,0.88491321,-0.46212232,-0.05806683,0.51017642
6,1597160132470399500,1597160132470376200,-0.46256787,-0.88657010,0.00496801,0.67395127,-0.05364727,0.02239629,-0.99830878,1.92808437,0.88495940,-0.46205211,-0.05792185,0.53104687
6,1597160132479515700,1597160132479435200,-0.46262717,-0.88653326,0.00591264,0.65200436,-0.05371863,0.02137419,-0.99832737,1.92521954,0.88492399,-0.46217099,-0.05751162,0.54979730
6,1597160132488390400,1597160132488344100,-0.46234092,-0.88668895,0.00488560,0.62413323,-0.05299652,0.02213280,-0.99834943,1.92244422,0.88511717,-0.46183676,-0.05722431,0.58015966
6,1597160132497417100,1597160132497350300,-0.45472011,-0.89062881,0.00319340,0.63543320,-0.05249741,0.02322345,-0.99835104,1.92324948,0.88908595,-0.45413792,-0.05731586,0.59796524
6,1597160132506308700,1597160132506256400,-0.45454553,-0.89071476,0.00397657,0.60573757,-0.05313080,0.02265644,-0.99833053,1.91890121,0.88913751,-0.45399803,-0.05762275,0.63046503
6,1597160132515359000,1597160132515304200,-0.45478329,-0.89059138,0.00440762,0.57687211,-0.05381631,0.02254079,-0.99829644,1.91438222,0.88897479,-0.45424575,-0.05817950,0.66190028
6,1597160132524317600,1597160132524218100,-0.45651507,-0.88971102,0.00292307,0.56514728,-0.04910513,0.02191541,-0.99855322,1.91758192,0.88835967,-0.45599809,-0.05369407,0.65189719
6,1597160132533308000,1597160132533290000,-0.45773906,-0.88908231,0.00279451,0.55869853,-0.05005034,0.02262973,-0.99849033,1.91352606,0.88767678,-0.45718792,-0.05485737,0.63594079
6,1597160132542325800,1597160132542219200,-0.45805407,-0.88891804,0.00335523,0.53060043,-0.05089291,0.02245612,-0.99845165,1.90971196,0.88746631,-0.45751569,-0.05552573,0.66497231
6,1597160132551420100,1597160132551353700,-0.45834810,-0.88876981,0.00232328,0.49949825,-0.04920109,0.02276332,-0.99852949,1.90386987,0.88740993,-0.45778841,-0.05416195,0.69393826
6,1597160132560336400,1597160132560236300,-0.45205855,-0.89198732,0.00137116,0.52783930,-0.04839195,0.02299001,-0.99856383,1.90482092,0.89067471,-0.45147574,-0.05355782,0.69885921
